-26251.4  -13410.8  -29504.5  -21598.8  1266.15  19084  0
-21598.8  1266.15  0
-26251.4  -13410.8  -29504.5  -21598.8  1266.15  19084  1
-21598.8  1266.15  1
-26251.4  -13410.8  -29504.5  -21598.8  1266.15  19084  2
-21598.8  1266.15  2
-26251.4  -13410.8  -29504.5  -21598.8  1266.15  19084  3
-21598.8  1266.15  3
-26251.4  -13410.8  -29504.5  -21598.8  1266.15  19084  4
-21598.8  1266.15  4
-26251.4  -13410.8  -29504.5  -21598.8  1266.15  19084  5
-21598.8  1266.15  5
-26251.4  -13410.8  -29504.5  -21598.8  1266.15  19084  6
-21598.8  1266.15  6
-26251.4  -13410.8  -29504.5  -21598.8  1266.15  19084  7
-21598.8  1266.15  7
-26251.4  -13410.8  -29504.5  -21598.8  1266.15  19084  8
-21598.8  1266.15  8
-26251.4  -13410.8  -29504.5  -21598.8  1266.15  19084  9
-21598.8  1266.15  9
-26251.4  -13410.8  -29504.5  -21598.8  1266.15  19084  10
-21598.8  1266.15  10
-26251.4  -13410.8  -29504.5  -21598.8  1266.15  19084  11
-21598.8  1266.15  11
-26251.4  -13410.8  -29504.5  -21598.8  1266.15  19084  12
-21598.8  1266.15  12
-26251.4  -13410.8  -29504.5  -21598.8  1266.15  19084  13
-21598.8  1266.15  13
-26251.4  -13410.8  -29504.5  -21598.8  1266.15  19084  14
-21598.8  1266.15  14
-26251.4  -13410.8  -29504.5  -21598.8  1266.15  19084  15
-21598.8  1266.15  15
-26251.4  -13410.8  -29504.5  -21598.8  1266.15  19084  16
-21598.8  1266.15  16
-26251.4  -13410.8  -29504.5  -21598.8  1266.15  19084  17
-21598.8  1266.15  17
-26251.4  -13410.8  -29504.5  -21598.8  1266.15  19084  18
-21598.8  1266.15  18
-26251.4  -13410.8  -29504.5  -21598.8  1266.15  19084  19
-21598.8  1266.15  19
-26251.4  -13410.8  -29504.5  -21598.8  1266.15  19084  20
-21598.8  1266.15  20
-26251.4  -13410.8  -29504.5  -21598.8  1266.15  19084  21
-21598.8  1266.15  21
-26251.4  -13410.8  -29504.5  -21598.8  1266.15  19084  22
-21598.8  1266.15  22
-26251.4  -13410.8  -29504.5  -21598.8  1266.15  19084  23
-21598.8  1266.15  23
-26251.4  -13410.8  -29504.5  -21598.8  1266.15  19084  24
-21598.8  1266.15  24
-26251.4  -13410.8  -29504.5  -21598.8  1266.15  19084  25
-21598.8  1266.15  25
-26251.4  -13410.8  -29504.5  -21598.8  1266.15  19084  26
-21598.8  1266.15  26
-26251.4  -13410.8  -29504.5  -21598.8  1266.15  19084  27
-21598.8  1266.15  27
-26251.4  -13410.8  -29504.5  -21598.8  1266.15  19084  28
-21598.8  1266.15  28
-26251.4  -13410.8  -29504.5  -21598.8  1266.15  19084  29
-21598.8  1266.15  29
-26251.4  -13410.8  -29504.5  -21598.8  1266.15  19084  30
-21598.8  1266.15  30
-26251.4  -13410.8  -29504.5  -21598.8  1266.15  19084  31
-21598.8  1266.15  31
-26251.4  -13410.8  -29504.5  -21598.8  1266.15  19084  32
-21598.8  1266.15  32
-26251.4  -13410.8  -29504.5  -21598.8  1266.15  19084  33
-21598.8  1266.15  33
-26251.4  -13410.8  -29504.5  -21598.8  1266.15  19084  34
-21598.8  1266.15  34
-26251.4  -13410.8  -29504.5  -21598.8  1266.15  19084  35
-21598.8  1266.15  35
-26251.4  -13410.8  -29504.5  -21598.8  1266.15  19084  36
-21598.8  1266.15  36
-26251.4  -13410.8  -29504.5  -21598.8  1266.15  19084  37
-21598.8  1266.15  37
-26251.4  -13410.8  -29504.5  -21598.8  1266.15  19084  38
-21598.8  1266.15  38
-26251.4  -13410.8  -29504.5  -21598.8  1266.15  19084  39
-21598.8  1266.15  39
-26251.4  -13410.8  -29504.5  -21598.8  1266.15  19084  40
-21598.8  1266.15  40
-26251.4  -13410.8  -29504.5  -21598.8  1266.15  19084  41
-21598.8  1266.15  41
-26251.4  -13410.8  -29504.5  -21598.8  1266.15  19084  42
-21598.8  1266.15  42
-26251.4  -13410.8  -29504.5  -21598.8  1266.15  19084  43
-21598.8  1266.15  43
-26251.4  -13410.8  -29504.5  -21598.8  1266.15  19084  44
-21598.8  1266.15  44
-26251.4  -13410.8  -29504.5  -21598.8  1266.15  19084  45
-21598.8  1266.15  45
-26251.4  -13410.8  -29504.5  -21598.8  1266.15  19084  46
-21598.8  1266.15  46
-26251.4  -13410.8  -29504.5  -21598.8  1266.15  19084  47
-21598.8  1266.15  47
-26251.4  -13410.8  -29504.5  -21598.8  1266.15  19084  48
-21598.8  1266.15  48
-26251.4  -13410.8  -29504.5  -21598.8  1266.15  19084  49
-21598.8  1266.15  49
-26251.4  -13410.8  -29504.5  -21598.8  1266.15  19084  50
-21598.8  1266.15  50
-26251.4  -13410.8  -29504.5  -21598.8  1266.15  19084  51
-21598.8  1266.15  51
-26251.4  -13410.8  -29504.5  -21598.8  1266.15  19084  52
-21598.8  1266.15  52
-26251.4  -13410.8  -29504.5  -21598.8  1266.15  19084  53
-21598.8  1266.15  53
-26251.4  -13410.8  -29504.5  -21598.8  1266.15  19084  54
-21598.8  1266.15  54
-26251.4  -13410.8  -29504.5  -21598.8  1266.15  19084  55
-21598.8  1266.15  55
-26251.4  -13410.8  -29504.5  -21598.8  1266.15  19084  56
-21598.8  1266.15  56
-26251.4  -13410.8  -29504.5  -21598.8  1266.15  19084  57
-21598.8  1266.15  57
-26251.4  -13410.8  -29504.5  -21598.8  1266.15  19084  58
-21598.8  1266.15  58
-26251.4  -13410.8  -29504.5  -21598.8  1266.15  19084  59
-21598.8  1266.15  59
-26251.4  -13410.8  -29504.5  -21598.8  1266.15  19084  60
-21598.8  1266.15  60
-26251.4  -13410.8  -29504.5  -21598.8  1266.15  19084  61
-21598.8  1266.15  61
-26251.4  -13410.8  -29504.5  -21598.8  1266.15  19084  62
-21598.8  1266.15  62
-26251.4  -13410.8  -29504.5  -21598.8  1266.15  19084  63
-21598.8  1266.15  63
-26251.4  -13410.8  -29504.5  -21598.8  1266.15  19084  64
-21598.8  1266.15  64
-26251.4  -13410.8  -29504.5  -21598.8  1266.15  19084  65
-21598.8  1266.15  65
-26251.4  -13410.8  -29504.5  -21598.8  1266.15  19084  66
-21598.8  1266.15  66
-26251.4  -13410.8  -29504.5  -21598.8  1266.15  19084  67
-21598.8  1266.15  67
-26251.4  -13410.8  -29504.5  -21598.8  1266.15  19084  68
-21598.8  1266.15  68
-26251.4  -13410.8  -29504.5  -21598.8  1266.15  19084  69
-21598.8  1266.15  69
-26251.4  -13410.8  -29504.5  -21598.8  1266.15  19084  70
-21598.8  1266.15  70
-26251.4  -13410.8  -29504.5  -21598.8  1266.15  19084  71
-21598.8  1266.15  71
-26251.4  -13410.8  -29504.5  -21598.8  1266.15  19084  72
-21598.8  1266.15  72
-26251.4  -13410.8  -29504.5  -21598.8  1266.15  19084  73
-21598.8  1266.15  73
-26251.4  -13410.8  -29504.5  -21598.8  1266.15  19084  74
-21598.8  1266.15  74
-26251.4  -13410.8  -29504.5  -21598.8  1266.15  19084  75
-21598.8  1266.15  75
-26251.4  -13410.8  -29504.5  -21598.8  1266.15  19084  76
-21598.8  1266.15  76
-26251.4  -13410.8  -29504.5  -21598.8  1266.15  19084  77
-21598.8  1266.15  77
-26251.4  -13410.8  -29504.5  -21598.8  1266.15  19084  78
-21598.8  1266.15  78
-26251.4  -13410.8  -29504.5  -21598.8  1266.15  19084  79
-21598.8  1266.15  79
-26251.4  -13410.8  -29504.5  -21598.8  1266.15  19084  80
-21598.8  1266.15  80
-26251.4  -13410.8  -29504.5  -21598.8  1266.15  19084  81
-21598.8  1266.15  81
-26251.4  -13410.8  -29504.5  -21598.8  1266.15  19084  82
-21598.8  1266.15  82
-26251.4  -13410.8  -29504.5  -21598.8  1266.15  19084  83
-21598.8  1266.15  83
-26251.4  -13410.8  -29504.5  -21598.8  1266.15  19084  84
-21598.8  1266.15  84
-26251.4  -13410.8  -29504.5  -21598.8  1266.15  19084  85
-21598.8  1266.15  85
-26251.4  -13410.8  -29504.5  -21598.8  1266.15  19084  86
-21598.8  1266.15  86
-26251.4  -13410.8  -29504.5  -21598.8  1266.15  19084  87
-21598.8  1266.15  87
-26251.4  -13410.8  -29504.5  -21598.8  1266.15  19084  88
-21598.8  1266.15  88
-26251.4  -13410.8  -29504.5  -21598.8  1266.15  19084  89
-21598.8  1266.15  89
-26251.4  -13410.8  -29504.5  -21598.8  1266.15  19084  90
-21598.8  1266.15  90
-26251.4  -13410.8  -29504.5  -21598.8  1266.15  19084  91
-21598.8  1266.15  91
-26251.4  -13410.8  -29504.5  -21598.8  1266.15  19084  92
-21598.8  1266.15  92
-26251.4  -13410.8  -29504.5  -21598.8  1266.15  19084  93
-21598.8  1266.15  93
-26251.4  -13410.8  -29504.5  -21598.8  1266.15  19084  94
-21598.8  1266.15  94
-26251.4  -13410.8  -29504.5  -21598.8  1266.15  19084  95
-21598.8  1266.15  95
-26251.4  -13410.8  -29504.5  -21598.8  1266.15  19084  96
-21598.8  1266.15  96
-26251.4  -13410.8  -29504.5  -21598.8  1266.15  19084  97
-21598.8  1266.15  97
-26251.4  -13410.8  -29504.5  -21598.8  1266.15  19084  98
-21598.8  1266.15  98
-26251.4  -13410.8  -29504.5  -21598.8  1266.15  19084  99
-21598.8  1266.15  99
-26251.4  -13410.8  -29504.5  -21598.8  1266.15  19084  100
-21598.8  1266.15  100
-26251.4  -13410.8  -29504.5  -21598.8  1266.15  19084  101
-21598.8  1266.15  101
-26251.4  -13410.8  -29504.5  -21598.8  1266.15  19084  102
-21598.8  1266.15  102
-26251.4  -13410.8  -29504.5  -21598.8  1266.15  19084  103
-21598.8  1266.15  103
-26251.4  -13410.8  -29504.5  -21598.8  1266.15  19084  104
-21598.8  1266.15  104
-26251.4  -13410.8  -29504.5  -21598.8  1266.15  19084  105
-21598.8  1266.15  105
-26251.4  -13410.8  -29504.5  -21598.8  1266.15  19084  106
-21598.8  1266.15  106
-26251.4  -13410.8  -29504.5  -21598.8  1266.15  19084  107
-21598.8  1266.15  107
-26251.4  -13410.8  -29504.5  -21598.8  1266.15  19084  108
-21598.8  1266.15  108
-26251.4  -13410.8  -29504.5  -21598.8  1266.15  19084  109
-21598.8  1266.15  109
-26251.4  -13410.8  -29504.5  -21598.8  1266.15  19084  110
-21598.8  1266.15  110
-26251.4  -13410.8  -29504.5  -21598.8  1266.15  19084  111
-21598.8  1266.15  111
-26251.4  -13410.8  -29504.5  -21598.8  1266.15  19084  112
-21598.8  1266.15  112
-26251.4  -13410.8  -29504.5  -21598.8  1266.15  19084  113
-21598.8  1266.15  113
-26251.4  -13410.8  -29504.5  -21598.8  1266.15  19084  114
-21598.8  1266.15  114
-26251.4  -13410.8  -29504.5  -21598.8  1266.15  19084  115
-21598.8  1266.15  115
-26251.4  -13410.8  -29504.5  -21598.8  1266.15  19084  116
-21598.8  1266.15  116
-26251.4  -13410.8  -29504.5  -21598.8  1266.15  19084  117
-21598.8  1266.15  117
-26251.4  -13410.8  -29504.5  -21598.8  1266.15  19084  118
-21598.8  1266.15  118
-26251.4  -13410.8  -29504.5  -21598.8  1266.15  19084  119
-21598.8  1266.15  119
-26251.4  -13410.8  -29504.5  -21598.8  1266.15  19084  120
-21598.8  1266.15  120
-26251.4  -13410.8  -29504.5  -21598.8  1266.15  19084  121
-21598.8  1266.15  121
-26251.4  -13410.8  -29504.5  -21598.8  1266.15  19084  122
-21598.8  1266.15  122
-26251.4  -13410.8  -29504.5  -21598.8  1266.15  19084  123
-21598.8  1266.15  123
-26251.4  -13410.8  -29504.5  -21598.8  1266.15  19084  124
-21598.8  1266.15  124
-26251.4  -13410.8  -29504.5  -21598.8  1266.15  19084  125
-21598.8  1266.15  125
-26251.4  -13410.8  -29504.5  -21598.8  1266.15  19084  126
-21598.8  1266.15  126
-26251.4  -13410.8  -29504.5  -21598.8  1266.15  19084  127
-21598.8  1266.15  127
-26251.4  -13410.8  -29504.5  -21598.8  1266.15  19084  128
-21598.8  1266.15  128
-26251.4  -13410.8  -29504.5  -21598.8  1266.15  19084  129
-21598.8  1266.15  129
-26251.4  -13410.8  -29504.5  -21598.8  1266.15  19084  130
-21598.8  1266.15  130
-26251.4  -13410.8  -29504.5  -21598.8  1266.15  19084  131
-21598.8  1266.15  131
-26251.4  -13410.8  -29504.5  -21598.8  1266.15  19084  132
-21598.8  1266.15  132
-26251.4  -13410.8  -29504.5  -21598.8  1266.15  19084  133
-21598.8  1266.15  133
-26251.4  -13410.8  -29504.5  -21598.8  1266.15  19084  134
-21598.8  1266.15  134
-26251.4  -13410.8  -29504.5  -21598.8  1266.15  19084  135
-21598.8  1266.15  135
-26251.4  -13410.8  -29504.5  -21598.8  1266.15  19084  136
-21598.8  1266.15  136
-26251.4  -13410.8  -29504.5  -21598.8  1266.15  19084  137
-21598.8  1266.15  137
-26251.4  -13410.8  -29504.5  -21598.8  1266.15  19084  138
-21598.8  1266.15  138
-26251.4  -13410.8  -29504.5  -21598.8  1266.15  19084  139
-21598.8  1266.15  139
-26251.4  -13410.8  -29504.5  -21598.8  1266.15  19084  140
-21598.8  1266.15  140
-26251.4  -13410.8  -29504.5  -21598.8  1266.15  19084  141
-21598.8  1266.15  141
-26251.4  -13410.8  -29504.5  -21598.8  1266.15  19084  142
-21598.8  1266.15  142
-26251.4  -13410.8  -29504.5  -21598.8  1266.15  19084  143
-21598.8  1266.15  143
-26251.4  -13410.8  -29504.5  -21598.8  1266.15  19084  144
-21598.8  1266.15  144
-26251.4  -13410.8  -29504.5  -21598.8  1266.15  19084  145
-21598.8  1266.15  145
-26251.4  -13410.8  -29504.5  -21598.8  1266.15  19084  146
-21598.8  1266.15  146
-26251.4  -13410.8  -29504.5  -21598.8  1266.15  19084  147
-21598.8  1266.15  147
-26251.4  -13410.8  -29504.5  -21598.8  1266.15  19084  148
-21598.8  1266.15  148
-26251.4  -13410.8  -29504.5  -21598.8  1266.15  19084  149
-21598.8  1266.15  149
-26251.4  -13410.8  -29504.5  -21598.8  1266.15  19084  150
-21598.8  1266.15  150
-26251.4  -13410.8  -29504.5  -21598.8  1266.15  19084  151
-21598.8  1266.15  151
-26251.4  -13410.8  -29504.5  -21598.8  1266.15  19084  152
-21598.8  1266.15  152
-26251.4  -13410.8  -29504.5  -21598.8  1266.15  19084  153
-21598.8  1266.15  153
-26251.4  -13410.8  -29504.5  -21598.8  1266.15  19084  154
-21598.8  1266.15  154
-26251.4  -13410.8  -29504.5  -21598.8  1266.15  19084  155
-21598.8  1266.15  155
-26251.4  -13410.8  -29504.5  -21598.8  1266.15  19084  156
-21598.8  1266.15  156
-26251.4  -13410.8  -29504.5  -21598.8  1266.15  19084  157
-21598.8  1266.15  157
-26251.4  -13410.8  -29504.5  -21598.8  1266.15  19084  158
-21598.8  1266.15  158
-26251.4  -13410.8  -29504.5  -21598.8  1266.15  19084  159
-21598.8  1266.15  159
-26251.4  -13410.8  -29504.5  -21598.8  1266.15  19084  160
-21598.8  1266.15  160
-26251.4  -13410.8  -29504.5  -21598.8  1266.15  19084  161
-21598.8  1266.15  161
-26251.4  -13410.8  -29504.5  -21598.8  1266.15  19084  162
-21598.8  1266.15  162
-26251.4  -13410.8  -29504.5  -21598.8  1266.15  19084  163
-21598.8  1266.15  163
-26251.4  -13410.8  -29504.5  -21598.8  1266.15  19084  164
-21598.8  1266.15  164
-26251.4  -13410.8  -29504.5  -21598.8  1266.15  19084  165
-21598.8  1266.15  165
-26251.4  -13410.8  -29504.5  -21598.8  1266.15  19084  166
-21598.8  1266.15  166
-26251.4  -13410.8  -29504.5  -21598.8  1266.15  19084  167
-21598.8  1266.15  167
-26251.4  -13410.8  -29504.5  -21598.8  1266.15  19084  168
-21598.8  1266.15  168
-26251.4  -13410.8  -29504.5  -21598.8  1266.15  19084  169
-21598.8  1266.15  169
-26251.4  -13410.8  -29504.5  -21598.8  1266.15  19084  170
-21598.8  1266.15  170
-26251.4  -13410.8  -29504.5  -21598.8  1266.15  19084  171
-21598.8  1266.15  171
-26251.4  -13410.8  -29504.5  -21598.8  1266.15  19084  172
-21598.8  1266.15  172
-26251.4  -13410.8  -29504.5  -21598.8  1266.15  19084  173
-21598.8  1266.15  173
-26251.4  -13410.8  -29504.5  -21598.8  1266.15  19084  174
-21598.8  1266.15  174
-26251.4  -13410.8  -29504.5  -21598.8  1266.15  19084  175
-21598.8  1266.15  175
-26251.4  -13410.8  -29504.5  -21598.8  1266.15  19084  176
-21598.8  1266.15  176
-26251.4  -13410.8  -29504.5  -21598.8  1266.15  19084  177
-21598.8  1266.15  177
-26251.4  -13410.8  -29504.5  -21598.8  1266.15  19084  178
-21598.8  1266.15  178
-26251.4  -13410.8  -29504.5  -21598.8  1266.15  19084  179
-21598.8  1266.15  179
-26251.4  -13410.8  -29504.5  -21598.8  1266.15  19084  180
-21598.8  1266.15  180
-26251.4  -13410.8  -29504.5  -21598.8  1266.15  19084  181
-21598.8  1266.15  181
-26251.4  -13410.8  -29504.5  -21598.8  1266.15  19084  182
-21598.8  1266.15  182
-26251.4  -13410.8  -29504.5  -21598.8  1266.15  19084  183
-21598.8  1266.15  183
-26251.4  -13410.8  -29504.5  -21598.8  1266.15  19084  184
-21598.8  1266.15  184
-26251.4  -13410.8  -29504.5  -21598.8  1266.15  19084  185
-21598.8  1266.15  185
-26251.4  -13410.8  -29504.5  -21598.8  1266.15  19084  186
-21598.8  1266.15  186
-26251.4  -13410.8  -29504.5  -21598.8  1266.15  19084  187
-21598.8  1266.15  187
-26251.4  -13410.8  -29504.5  -21598.8  1266.15  19084  188
-21598.8  1266.15  188
-26251.4  -13410.8  -29504.5  -21598.8  1266.15  19084  189
-21598.8  1266.15  189
-26251.4  -13410.8  -29504.5  -21598.8  1266.15  19084  190
-21598.8  1266.15  190
-26251.4  -13410.8  -29504.5  -21598.8  1266.15  19084  191
-21598.8  1266.15  191
-26251.4  -13410.8  -29504.5  -21598.8  1266.15  19084  192
-21598.8  1266.15  192
-26251.4  -13410.8  -29504.5  -21598.8  1266.15  19084  193
-21598.8  1266.15  193
-26251.4  -13410.8  -29504.5  -21598.8  1266.15  19084  194
-21598.8  1266.15  194
-26251.4  -13410.8  -29504.5  -21598.8  1266.15  19084  195
-21598.8  1266.15  195
-26251.4  -13410.8  -29504.5  -21598.8  1266.15  19084  196
-21598.8  1266.15  196
-26251.4  -13410.8  -29504.5  -21598.8  1266.15  19084  197
-21598.8  1266.15  197
-26251.4  -13410.8  -29504.5  -21598.8  1266.15  19084  198
-21598.8  1266.15  198
-26251.4  -13410.8  -29504.5  -21598.8  1266.15  19084  199
-21598.8  1266.15  199
-26251.4  -13410.8  -29504.5  -21598.8  1266.15  19084  200
-21598.8  1266.15  200
-26251.4  -13410.8  -29504.5  -21598.8  1266.15  19084  201
-21598.8  1266.15  201
-26251.4  -13410.8  -29504.5  -21598.8  1266.15  19084  202
-21598.8  1266.15  202
-26251.4  -13410.8  -29504.5  -21598.8  1266.15  19084  203
-21598.8  1266.15  203
-26251.4  -13410.8  -29504.5  -21598.8  1266.15  19084  204
-21598.8  1266.15  204
-26251.4  -13410.8  -29504.5  -21598.8  1266.15  19084  205
-21598.8  1266.15  205
-26251.4  -13410.8  -29504.5  -21598.8  1266.15  19084  206
-21598.8  1266.15  206
-26251.4  -13410.8  -29504.5  -21598.8  1266.15  19084  207
-21598.8  1266.15  207
-26251.4  -13410.8  -29504.5  -21598.8  1266.15  19084  208
-21598.8  1266.15  208
-26251.4  -13410.8  -29504.5  -21598.8  1266.15  19084  209
-21598.8  1266.15  209
-26251.4  -13410.8  -29504.5  -21598.8  1266.15  19084  210
-21598.8  1266.15  210
-26251.4  -13410.8  -29504.5  -21598.8  1266.15  19084  211
-21598.8  1266.15  211
-26251.4  -13410.8  -29504.5  -21598.8  1266.15  19084  212
-21598.8  1266.15  212
-26251.4  -13410.8  -29504.5  -21598.8  1266.15  19084  213
-21598.8  1266.15  213
-26251.4  -13410.8  -29504.5  -21598.8  1266.15  19084  214
-21598.8  1266.15  214
-26251.4  -13410.8  -29504.5  -21598.8  1266.15  19084  215
-21598.8  1266.15  215
-26251.4  -13410.8  -29504.5  -21598.8  1266.15  19084  216
-21598.8  1266.15  216
-26251.4  -13410.8  -29504.5  -21598.8  1266.15  19084  217
-21598.8  1266.15  217
-26251.4  -13410.8  -29504.5  -21598.8  1266.15  19084  218
-21598.8  1266.15  218
-26251.4  -13410.8  -29504.5  -21598.8  1266.15  19084  219
-21598.8  1266.15  219
-26251.4  -13410.8  -29504.5  -21598.8  1266.15  19084  220
-21598.8  1266.15  220
-26251.4  -13410.8  -29504.5  -21598.8  1266.15  19084  221
-21598.8  1266.15  221
-26251.4  -13410.8  -29504.5  -21598.8  1266.15  19084  222
-21598.8  1266.15  222
-26251.4  -13410.8  -29504.5  -21598.8  1266.15  19084  223
-21598.8  1266.15  223
-26251.4  -13410.8  -29504.5  -21598.8  1266.15  19084  224
-21598.8  1266.15  224
-26251.4  -13410.8  -29504.5  -21598.8  1266.15  19084  225
-21598.8  1266.15  225
-26251.4  -13410.8  -29504.5  -21598.8  1266.15  19084  226
-21598.8  1266.15  226
-26251.4  -13410.8  -29504.5  -21598.8  1266.15  19084  227
-21598.8  1266.15  227
-26251.4  -13410.8  -29504.5  -21598.8  1266.15  19084  228
-21598.8  1266.15  228
-26251.4  -13410.8  -29504.5  -21598.8  1266.15  19084  229
-21598.8  1266.15  229
-26251.4  -13410.8  -29504.5  -21598.8  1266.15  19084  230
-21598.8  1266.15  230
-26251.4  -13410.8  -29504.5  -21598.8  1266.15  19084  231
-21598.8  1266.15  231
-26251.4  -13410.8  -29504.5  -21598.8  1266.15  19084  232
-21598.8  1266.15  232
-26251.4  -13410.8  -29504.5  -21598.8  1266.15  19084  233
-21598.8  1266.15  233
-26251.4  -13410.8  -29504.5  -21598.8  1266.15  19084  234
-21598.8  1266.15  234
-26251.4  -13410.8  -29504.5  -21598.8  1266.15  19084  235
-21598.8  1266.15  235
-26251.4  -13410.8  -29504.5  -21598.8  1266.15  19084  236
-21598.8  1266.15  236
-26251.4  -13410.8  -29504.5  -21598.8  1266.15  19084  237
-21598.8  1266.15  237
-26251.4  -13410.8  -29504.5  -21598.8  1266.15  19084  238
-21598.8  1266.15  238
-26251.4  -13410.8  -29504.5  -21598.8  1266.15  19084  239
-21598.8  1266.15  239
-26251.4  -13410.8  -29504.5  -21598.8  1266.15  19084  240
-21598.8  1266.15  240
-26251.4  -13410.8  -29504.5  -21598.8  1266.15  19084  241
-21598.8  1266.15  241
-26251.4  -13410.8  -29504.5  -21598.8  1266.15  19084  242
-21598.8  1266.15  242
-26251.4  -13410.8  -29504.5  -21598.8  1266.15  19084  243
-21598.8  1266.15  243
-26251.4  -13410.8  -29504.5  -21598.8  1266.15  19084  244
-21598.8  1266.15  244
-26251.4  -13410.8  -29504.5  -21598.8  1266.15  19084  245
-21598.8  1266.15  245
-26251.4  -13410.8  -29504.5  -21598.8  1266.15  19084  246
-21598.8  1266.15  246
-26251.4  -13410.8  -29504.5  -21598.8  1266.15  19084  247
-21598.8  1266.15  247
-26251.4  -13410.8  -29504.5  -21598.8  1266.15  19084  248
-21598.8  1266.15  248
-26251.4  -13410.8  -29504.5  -21598.8  1266.15  19084  249
-21598.8  1266.15  249
-26251.4  -13410.8  -29504.5  -21598.8  1266.15  19084  250
-21598.8  1266.15  250
-26251.4  -13410.8  -29504.5  -21598.8  1266.15  19084  251
-21598.8  1266.15  251
-26251.4  -13410.8  -29504.5  -21598.8  1266.15  19084  252
-21598.8  1266.15  252
-26251.4  -13410.8  -29504.5  -21598.8  1266.15  19084  253
-21598.8  1266.15  253
-26251.4  -13410.8  -29504.5  -21598.8  1266.15  19084  254
-21598.8  1266.15  254
-26251.4  -13410.8  -29504.5  -21598.8  1266.15  19084  255
-21598.8  1266.15  255
-26251.4  -13410.8  -29504.5  -21598.8  1266.15  19084  256
-21598.8  1266.15  256
-26251.4  -13410.8  -29504.5  -21598.8  1266.15  19084  257
-21598.8  1266.15  257
-26251.4  -13410.8  -29504.5  -21598.8  1266.15  19084  258
-21598.8  1266.15  258
-26251.4  -13410.8  -29504.5  -21598.8  1266.15  19084  259
-21598.8  1266.15  259
-26251.4  -13410.8  -29504.5  -21598.8  1266.15  19084  260
-21598.8  1266.15  260
-26251.4  -13410.8  -29504.5  -21598.8  1266.15  19084  261
-21598.8  1266.15  261
-26251.4  -13410.8  -29504.5  -21598.8  1266.15  19084  262
-21598.8  1266.15  262
-26251.4  -13410.8  -29504.5  -21598.8  1266.15  19084  263
-21598.8  1266.15  263
-26251.4  -13410.8  -29504.5  -21598.8  1266.15  19084  264
-21598.8  1266.15  264
-26251.4  -13410.8  -29504.5  -21598.8  1266.15  19084  265
-21598.8  1266.15  265
-26251.4  -13410.8  -29504.5  -21598.8  1266.15  19084  266
-21598.8  1266.15  266
-26251.4  -13410.8  -29504.5  -21598.8  1266.15  19084  267
-21598.8  1266.15  267
-26251.4  -13410.8  -29504.5  -21598.8  1266.15  19084  268
-21598.8  1266.15  268
-26251.4  -13410.8  -29504.5  -21598.8  1266.15  19084  269
-21598.8  1266.15  269
-26251.4  -13410.8  -29504.5  -21598.8  1266.15  19084  270
-21598.8  1266.15  270
-26251.4  -13410.8  -29504.5  -21598.8  1266.15  19084  271
-21598.8  1266.15  271
-26251.4  -13410.8  -29504.5  -21598.8  1266.15  19084  272
-21598.8  1266.15  272
-26251.4  -13410.8  -29504.5  -21598.8  1266.15  19084  273
-21598.8  1266.15  273
-26251.4  -13410.8  -29504.5  -21598.8  1266.15  19084  274
-21598.8  1266.15  274
-26251.4  -13410.8  -29504.5  -21598.8  1266.15  19084  275
-21598.8  1266.15  275
-26251.4  -13410.8  -29504.5  -21598.8  1266.15  19084  276
-21598.8  1266.15  276
-26251.4  -13410.8  -29504.5  -21598.8  1266.15  19084  277
-21598.8  1266.15  277
-26251.4  -13410.8  -29504.5  -21598.8  1266.15  19084  278
-21598.8  1266.15  278
-26251.4  -13410.8  -29504.5  -21598.8  1266.15  19084  279
-21598.8  1266.15  279
-26251.4  -13410.8  -29504.5  -21598.8  1266.15  19084  280
-21598.8  1266.15  280
-26251.4  -13410.8  -29504.5  -21598.8  1266.15  19084  281
-21598.8  1266.15  281
-26251.4  -13410.8  -29504.5  -21598.8  1266.15  19084  282
-21598.8  1266.15  282
-26251.4  -13410.8  -29504.5  -21598.8  1266.15  19084  283
-21598.8  1266.15  283
-26251.4  -13410.8  -29504.5  -21598.8  1266.15  19084  284
-21598.8  1266.15  284
-26251.4  -13410.8  -29504.5  -21598.8  1266.15  19084  285
-21598.8  1266.15  285
-26251.4  -13410.8  -29504.5  -21598.8  1266.15  19084  286
-21598.8  1266.15  286
-26251.4  -13410.8  -29504.5  -21598.8  1266.15  19084  287
-21598.8  1266.15  287
-26251.4  -13410.8  -29504.5  -21598.8  1266.15  19084  288
-21598.8  1266.15  288
-26251.4  -13410.8  -29504.5  -21598.8  1266.15  19084  289
-21598.8  1266.15  289
-26251.4  -13410.8  -29504.5  -21598.8  1266.15  19084  290
-21598.8  1266.15  290
-26251.4  -13410.8  -29504.5  -21598.8  1266.15  19084  291
-21598.8  1266.15  291
-26251.4  -13410.8  -29504.5  -21598.8  1266.15  19084  292
-21598.8  1266.15  292
-26251.4  -13410.8  -29504.5  -21598.8  1266.15  19084  293
-21598.8  1266.15  293
-26251.4  -13410.8  -29504.5  -21598.8  1266.15  19084  294
-21598.8  1266.15  294
-26251.4  -13410.8  -29504.5  -21598.8  1266.15  19084  295
-21598.8  1266.15  295
-26251.4  -13410.8  -29504.5  -21598.8  1266.15  19084  296
-21598.8  1266.15  296
-26251.4  -13410.8  -29504.5  -21598.8  1266.15  19084  297
-21598.8  1266.15  297
-26251.4  -13410.8  -29504.5  -21598.8  1266.15  19084  298
-21598.8  1266.15  298
-26251.4  -13410.8  -29504.5  -21598.8  1266.15  19084  299
-21598.8  1266.15  299
-26251.4  -13410.8  -29504.5  -21598.8  1266.15  19084  300
-21598.8  1266.15  300
-26251.4  -13410.8  -29504.5  -21598.8  1266.15  19084  301
-21598.8  1266.15  301
-26251.4  -13410.8  -29504.5  -21598.8  1266.15  19084  302
-21598.8  1266.15  302
-26251.4  -13410.8  -29504.5  -21598.8  1266.15  19084  303
-21598.8  1266.15  303
-26251.4  -13410.8  -29504.5  -21598.8  1266.15  19084  304
-21598.8  1266.15  304
-26251.4  -13410.8  -29504.5  -21598.8  1266.15  19084  305
-21598.8  1266.15  305
-26251.4  -13410.8  -29504.5  -21598.8  1266.15  19084  306
-21598.8  1266.15  306
-26251.4  -13410.8  -29504.5  -21598.8  1266.15  19084  307
-21598.8  1266.15  307
-26251.4  -13410.8  -29504.5  -21598.8  1266.15  19084  308
-21598.8  1266.15  308
-26251.4  -13410.8  -29504.5  -21598.8  1266.15  19084  309
-21598.8  1266.15  309
-26251.4  -13410.8  -29504.5  -21598.8  1266.15  19084  310
-21598.8  1266.15  310
-26251.4  -13410.8  -29504.5  -21598.8  1266.15  19084  311
-21598.8  1266.15  311
-26251.4  -13410.8  -29504.5  -21598.8  1266.15  19084  312
-21598.8  1266.15  312
-26251.4  -13410.8  -29504.5  -21598.8  1266.15  19084  313
-21598.8  1266.15  313
-26251.4  -13410.8  -29504.5  -21598.8  1266.15  19084  314
-21598.8  1266.15  314
-26251.4  -13410.8  -29504.5  -21598.8  1266.15  19084  315
-21598.8  1266.15  315
-26251.4  -13410.8  -29504.5  -21598.8  1266.15  19084  316
-21598.8  1266.15  316
-26251.4  -13410.8  -29504.5  -21598.8  1266.15  19084  317
-21598.8  1266.15  317
-26251.4  -13410.8  -29504.5  -21598.8  1266.15  19084  318
-21598.8  1266.15  318
-26251.4  -13410.8  -29504.5  -21598.8  1266.15  19084  319
-21598.8  1266.15  319
-26251.4  -13410.8  -29504.5  -21598.8  1266.15  19084  320
-21598.8  1266.15  320
-26251.4  -13410.8  -29504.5  -21598.8  1266.15  19084  321
-21598.8  1266.15  321
-26251.4  -13410.8  -29504.5  -21598.8  1266.15  19084  322
-21598.8  1266.15  322
-26251.4  -13410.8  -29504.5  -21598.8  1266.15  19084  323
-21598.8  1266.15  323
-26251.4  -13410.8  -29504.5  -21598.8  1266.15  19084  324
-21598.8  1266.15  324
-26251.4  -13410.8  -29504.5  -21598.8  1266.15  19084  325
-21598.8  1266.15  325
-26251.4  -13410.8  -29504.5  -21598.8  1266.15  19084  326
-21598.8  1266.15  326
-26251.4  -13410.8  -29504.5  -21598.8  1266.15  19084  327
-21598.8  1266.15  327
-26251.4  -13410.8  -29504.5  -21598.8  1266.15  19084  328
-21598.8  1266.15  328
-26251.4  -13410.8  -29504.5  -21598.8  1266.15  19084  329
-21598.8  1266.15  329
-26251.4  -13410.8  -29504.5  -21598.8  1266.15  19084  330
-21598.8  1266.15  330
-26251.4  -13410.8  -29504.5  -21598.8  1266.15  19084  331
-21598.8  1266.15  331
-26251.4  -13410.8  -29504.5  -21598.8  1266.15  19084  332
-21598.8  1266.15  332
-26251.4  -13410.8  -29504.5  -21598.8  1266.15  19084  333
-21598.8  1266.15  333
-26251.4  -13410.8  -29504.5  -21598.8  1266.15  19084  334
-21598.8  1266.15  334
-26251.4  -13410.8  -29504.5  -21598.8  1266.15  19084  335
-21598.8  1266.15  335
-26251.4  -13410.8  -29504.5  -21598.8  1266.15  19084  336
-21598.8  1266.15  336
-26251.4  -13410.8  -29504.5  -21598.8  1266.15  19084  337
-21598.8  1266.15  337
-26251.4  -13410.8  -29504.5  -21598.8  1266.15  19084  338
-21598.8  1266.15  338
-26251.4  -13410.8  -29504.5  -21598.8  1266.15  19084  339
-21598.8  1266.15  339
-26251.4  -13410.8  -29504.5  -21598.8  1266.15  19084  340
-21598.8  1266.15  340
-26251.4  -13410.8  -29504.5  -21598.8  1266.15  19084  341
-21598.8  1266.15  341
-26251.4  -13410.8  -29504.5  -21598.8  1266.15  19084  342
-21598.8  1266.15  342
-26251.4  -13410.8  -29504.5  -21598.8  1266.15  19084  343
-21598.8  1266.15  343
-26251.4  -13410.8  -29504.5  -21598.8  1266.15  19084  344
-21598.8  1266.15  344
-26251.4  -13410.8  -29504.5  -21598.8  1266.15  19084  345
-21598.8  1266.15  345
-26251.4  -13410.8  -29504.5  -21598.8  1266.15  19084  346
-21598.8  1266.15  346
-26251.4  -13410.8  -29504.5  -21598.8  1266.15  19084  347
-21598.8  1266.15  347
-26251.4  -13410.8  -29504.5  -21598.8  1266.15  19084  348
-21598.8  1266.15  348
-26251.4  -13410.8  -29504.5  -21598.8  1266.15  19084  349
-21598.8  1266.15  349
-26251.4  -13410.8  -29504.5  -21598.8  1266.15  19084  350
-21598.8  1266.15  350
-26251.4  -13410.8  -29504.5  -21598.8  1266.15  19084  351
-21598.8  1266.15  351
-26251.4  -13410.8  -29504.5  -21598.8  1266.15  19084  352
-21598.8  1266.15  352
-26251.4  -13410.8  -29504.5  -21598.8  1266.15  19084  353
-21598.8  1266.15  353
-26251.4  -13410.8  -29504.5  -21598.8  1266.15  19084  354
-21598.8  1266.15  354
-26251.4  -13410.8  -29504.5  -21598.8  1266.15  19084  355
-21598.8  1266.15  355
-26251.4  -13410.8  -29504.5  -21598.8  1266.15  19084  356
-21598.8  1266.15  356
-26251.4  -13410.8  -29504.5  -21598.8  1266.15  19084  357
-21598.8  1266.15  357
-26251.4  -13410.8  -29504.5  -21598.8  1266.15  19084  358
-21598.8  1266.15  358
-26251.4  -13410.8  -29504.5  -21598.8  1266.15  19084  359
-21598.8  1266.15  359
-26251.4  -13410.8  -29504.5  -21598.8  1266.15  19084  360
-21598.8  1266.15  360
-26251.4  -13410.8  -29504.5  -21598.8  1266.15  19084  361
-21598.8  1266.15  361
-26251.4  -13410.8  -29504.5  -21598.8  1266.15  19084  362
-21598.8  1266.15  362
-26251.4  -13410.8  -29504.5  -21598.8  1266.15  19084  363
-21598.8  1266.15  363
-26251.4  -13410.8  -29504.5  -21598.8  1266.15  19084  364
-21598.8  1266.15  364
-26251.4  -13410.8  -29504.5  -21598.8  1266.15  19084  365
-21598.8  1266.15  365
-26251.4  -13410.8  -29504.5  -21598.8  1266.15  19084  366
-21598.8  1266.15  366
-26251.4  -13410.8  -29504.5  -21598.8  1266.15  19084  367
-21598.8  1266.15  367
-26251.4  -13410.8  -29504.5  -21598.8  1266.15  19084  368
-21598.8  1266.15  368
-26251.4  -13410.8  -29504.5  -21598.8  1266.15  19084  369
-21598.8  1266.15  369
-26251.4  -13410.8  -29504.5  -21598.8  1266.15  19084  370
-21598.8  1266.15  370
-26251.4  -13410.8  -29504.5  -21598.8  1266.15  19084  371
-21598.8  1266.15  371
-26251.4  -13410.8  -29504.5  -21598.8  1266.15  19084  372
-21598.8  1266.15  372
-26251.4  -13410.8  -29504.5  -21598.8  1266.15  19084  373
-21598.8  1266.15  373
-26251.4  -13410.8  -29504.5  -21598.8  1266.15  19084  374
-21598.8  1266.15  374
-26251.4  -13410.8  -29504.5  -21598.8  1266.15  19084  375
-21598.8  1266.15  375
-26251.4  -13410.8  -29504.5  -21598.8  1266.15  19084  376
-21598.8  1266.15  376
-26251.4  -13410.8  -29504.5  -21598.8  1266.15  19084  377
-21598.8  1266.15  377
-26251.4  -13410.8  -29504.5  -21598.8  1266.15  19084  378
-21598.8  1266.15  378
-26251.4  -13410.8  -29504.5  -21598.8  1266.15  19084  379
-21598.8  1266.15  379
-26251.4  -13410.8  -29504.5  -21598.8  1266.15  19084  380
-21598.8  1266.15  380
-26251.4  -13410.8  -29504.5  -21598.8  1266.15  19084  381
-21598.8  1266.15  381
-26251.4  -13410.8  -29504.5  -21598.8  1266.15  19084  382
-21598.8  1266.15  382
-26251.4  -13410.8  -29504.5  -21598.8  1266.15  19084  383
-21598.8  1266.15  383
-26251.4  -13410.8  -29504.5  -21598.8  1266.15  19084  384
-21598.8  1266.15  384
-26251.4  -13410.8  -29504.5  -21598.8  1266.15  19084  385
-21598.8  1266.15  385
-26251.4  -13410.8  -29504.5  -21598.8  1266.15  19084  386
-21598.8  1266.15  386
-26251.4  -13410.8  -29504.5  -21598.8  1266.15  19084  387
-21598.8  1266.15  387
-26251.4  -13410.8  -29504.5  -21598.8  1266.15  19084  388
-21598.8  1266.15  388
-26251.4  -13410.8  -29504.5  -21598.8  1266.15  19084  389
-21598.8  1266.15  389
-26251.4  -13410.8  -29504.5  -21598.8  1266.15  19084  390
-21598.8  1266.15  390
-26251.4  -13410.8  -29504.5  -21598.8  1266.15  19084  391
-21598.8  1266.15  391
-26251.4  -13410.8  -29504.5  -21598.8  1266.15  19084  392
-21598.8  1266.15  392
-26251.4  -13410.8  -29504.5  -21598.8  1266.15  19084  393
-21598.8  1266.15  393
-26251.4  -13410.8  -29504.5  -21598.8  1266.15  19084  394
-21598.8  1266.15  394
-26251.4  -13410.8  -29504.5  -21598.8  1266.15  19084  395
-21598.8  1266.15  395
-26251.4  -13410.8  -29504.5  -21598.8  1266.15  19084  396
-21598.8  1266.15  396
-26251.4  -13410.8  -29504.5  -21598.8  1266.15  19084  397
-21598.8  1266.15  397
-26251.4  -13410.8  -29504.5  -21598.8  1266.15  19084  398
-21598.8  1266.15  398
-26251.4  -13410.8  -29504.5  -21598.8  1266.15  19084  399
-21598.8  1266.15  399
-26251.4  -13410.8  -29504.5  -21598.8  1266.15  19084  400
-21598.8  1266.15  400
-26251.4  -13410.8  -29504.5  -21598.8  1266.15  19084  401
-21598.8  1266.15  401
-26251.4  -13410.8  -29504.5  -21598.8  1266.15  19084  402
-21598.8  1266.15  402
-26251.4  -13410.8  -29504.5  -21598.8  1266.15  19084  403
-21598.8  1266.15  403
-26251.4  -13410.8  -29504.5  -21598.8  1266.15  19084  404
-21598.8  1266.15  404
-26251.4  -13410.8  -29504.5  -21598.8  1266.15  19084  405
-21598.8  1266.15  405
-26251.4  -13410.8  -29504.5  -21598.8  1266.15  19084  406
-21598.8  1266.15  406
-26251.4  -13410.8  -29504.5  -21598.8  1266.15  19084  407
-21598.8  1266.15  407
-26251.4  -13410.8  -29504.5  -21598.8  1266.15  19084  408
-21598.8  1266.15  408
-26251.4  -13410.8  -29504.5  -21598.8  1266.15  19084  409
-21598.8  1266.15  409
-26251.4  -13410.8  -29504.5  -21598.8  1266.15  19084  410
-21598.8  1266.15  410
-26251.4  -13410.8  -29504.5  -21598.8  1266.15  19084  411
-21598.8  1266.15  411
-26251.4  -13410.8  -29504.5  -21598.8  1266.15  19084  412
-21598.8  1266.15  412
-26251.4  -13410.8  -29504.5  -21598.8  1266.15  19084  413
-21598.8  1266.15  413
-26251.4  -13410.8  -29504.5  -21598.8  1266.15  19084  414
-21598.8  1266.15  414
-26251.4  -13410.8  -29504.5  -21598.8  1266.15  19084  415
-21598.8  1266.15  415
-26251.4  -13410.8  -29504.5  -21598.8  1266.15  19084  416
-21598.8  1266.15  416
-26251.4  -13410.8  -29504.5  -21598.8  1266.15  19084  417
-21598.8  1266.15  417
-26251.4  -13410.8  -29504.5  -21598.8  1266.15  19084  418
-21598.8  1266.15  418
-26251.4  -13410.8  -29504.5  -21598.8  1266.15  19084  419
-21598.8  1266.15  419
-26251.4  -13410.8  -29504.5  -21598.8  1266.15  19084  420
-21598.8  1266.15  420
-26251.4  -13410.8  -29504.5  -21598.8  1266.15  19084  421
-21598.8  1266.15  421
-26251.4  -13410.8  -29504.5  -21598.8  1266.15  19084  422
-21598.8  1266.15  422
-26251.4  -13410.8  -29504.5  -21598.8  1266.15  19084  423
-21598.8  1266.15  423
-26251.4  -13410.8  -29504.5  -21598.8  1266.15  19084  424
-21598.8  1266.15  424
-26251.4  -13410.8  -29504.5  -21598.8  1266.15  19084  425
-21598.8  1266.15  425
-26251.4  -13410.8  -29504.5  -21598.8  1266.15  19084  426
-21598.8  1266.15  426
-26251.4  -13410.8  -29504.5  -21598.8  1266.15  19084  427
-21598.8  1266.15  427
-26251.4  -13410.8  -29504.5  -21598.8  1266.15  19084  428
-21598.8  1266.15  428
-26251.4  -13410.8  -29504.5  -21598.8  1266.15  19084  429
-21598.8  1266.15  429
-26251.4  -13410.8  -29504.5  -21598.8  1266.15  19084  430
-21598.8  1266.15  430
-26251.4  -13410.8  -29504.5  -21598.8  1266.15  19084  431
-21598.8  1266.15  431
-26251.4  -13410.8  -29504.5  -21598.8  1266.15  19084  432
-21598.8  1266.15  432
-26251.4  -13410.8  -29504.5  -21598.8  1266.15  19084  433
-21598.8  1266.15  433
-26251.4  -13410.8  -29504.5  -21598.8  1266.15  19084  434
-21598.8  1266.15  434
-26251.4  -13410.8  -29504.5  -21598.8  1266.15  19084  435
-21598.8  1266.15  435
-26251.4  -13410.8  -29504.5  -21598.8  1266.15  19084  436
-21598.8  1266.15  436
-26251.4  -13410.8  -29504.5  -21598.8  1266.15  19084  437
-21598.8  1266.15  437
-26251.4  -13410.8  -29504.5  -21598.8  1266.15  19084  438
-21598.8  1266.15  438
-26251.4  -13410.8  -29504.5  -21598.8  1266.15  19084  439
-21598.8  1266.15  439
-26251.4  -13410.8  -29504.5  -21598.8  1266.15  19084  440
-21598.8  1266.15  440
-26251.4  -13410.8  -29504.5  -21598.8  1266.15  19084  441
-21598.8  1266.15  441
-26251.4  -13410.8  -29504.5  -21598.8  1266.15  19084  442
-21598.8  1266.15  442
-26251.4  -13410.8  -29504.5  -21598.8  1266.15  19084  443
-21598.8  1266.15  443
-26251.4  -13410.8  -29504.5  -21598.8  1266.15  19084  444
-21598.8  1266.15  444
-26251.4  -13410.8  -29504.5  -21598.8  1266.15  19084  445
-21598.8  1266.15  445
-26251.4  -13410.8  -29504.5  -21598.8  1266.15  19084  446
-21598.8  1266.15  446
-26251.4  -13410.8  -29504.5  -21598.8  1266.15  19084  447
-21598.8  1266.15  447
-26251.4  -13410.8  -29504.5  -21598.8  1266.15  19084  448
-21598.8  1266.15  448
-26251.4  -13410.8  -29504.5  -21598.8  1266.15  19084  449
-21598.8  1266.15  449
-26251.4  -13410.8  -29504.5  -21598.8  1266.15  19084  450
-21598.8  1266.15  450
-26251.4  -13410.8  -29504.5  -21598.8  1266.15  19084  451
-21598.8  1266.15  451
-26251.4  -13410.8  -29504.5  -21598.8  1266.15  19084  452
-21598.8  1266.15  452
-26251.4  -13410.8  -29504.5  -21598.8  1266.15  19084  453
-21598.8  1266.15  453
-26251.4  -13410.8  -29504.5  -21598.8  1266.15  19084  454
-21598.8  1266.15  454
-26251.4  -13410.8  -29504.5  -21598.8  1266.15  19084  455
-21598.8  1266.15  455
-26251.4  -13410.8  -29504.5  -21598.8  1266.15  19084  456
-21598.8  1266.15  456
-26251.4  -13410.8  -29504.5  -21598.8  1266.15  19084  457
-21598.8  1266.15  457
-26251.4  -13410.8  -29504.5  -21598.8  1266.15  19084  458
-21598.8  1266.15  458
-26251.4  -13410.8  -29504.5  -21598.8  1266.15  19084  459
-21598.8  1266.15  459
-26251.4  -13410.8  -29504.5  -21598.8  1266.15  19084  460
-21598.8  1266.15  460
-26251.4  -13410.8  -29504.5  -21598.8  1266.15  19084  461
-21598.8  1266.15  461
-26251.4  -13410.8  -29504.5  -21598.8  1266.15  19084  462
-21598.8  1266.15  462
-26251.4  -13410.8  -29504.5  -21598.8  1266.15  19084  463
-21598.8  1266.15  463
-26251.4  -13410.8  -29504.5  -21598.8  1266.15  19084  464
-21598.8  1266.15  464
-26251.4  -13410.8  -29504.5  -21598.8  1266.15  19084  465
-21598.8  1266.15  465
-26251.4  -13410.8  -29504.5  -21598.8  1266.15  19084  466
-21598.8  1266.15  466
-26251.4  -13410.8  -29504.5  -21598.8  1266.15  19084  467
-21598.8  1266.15  467
-26251.4  -13410.8  -29504.5  -21598.8  1266.15  19084  468
-21598.8  1266.15  468
-26251.4  -13410.8  -29504.5  -21598.8  1266.15  19084  469
-21598.8  1266.15  469
-26251.4  -13410.8  -29504.5  -21598.8  1266.15  19084  470
-21598.8  1266.15  470
-26251.4  -13410.8  -29504.5  -21598.8  1266.15  19084  471
-21598.8  1266.15  471
-26251.4  -13410.8  -29504.5  -21598.8  1266.15  19084  472
-21598.8  1266.15  472
-26251.4  -13410.8  -29504.5  -21598.8  1266.15  19084  473
-21598.8  1266.15  473
-26251.4  -13410.8  -29504.5  -21598.8  1266.15  19084  474
-21598.8  1266.15  474
-26251.4  -13410.8  -29504.5  -21598.8  1266.15  19084  475
-21598.8  1266.15  475
-26251.4  -13410.8  -29504.5  -21598.8  1266.15  19084  476
-21598.8  1266.15  476
-26251.4  -13410.8  -29504.5  -21598.8  1266.15  19084  477
-21598.8  1266.15  477
-26251.4  -13410.8  -29504.5  -21598.8  1266.15  19084  478
-21598.8  1266.15  478
-26251.4  -13410.8  -29504.5  -21598.8  1266.15  19084  479
-21598.8  1266.15  479
-26251.4  -13410.8  -29504.5  -21598.8  1266.15  19084  480
-21598.8  1266.15  480
-26251.4  -13410.8  -29504.5  -21598.8  1266.15  19084  481
-21598.8  1266.15  481
-26251.4  -13410.8  -29504.5  -21598.8  1266.15  19084  482
-21598.8  1266.15  482
-26251.4  -13410.8  -29504.5  -21598.8  1266.15  19084  483
-21598.8  1266.15  483
-26251.4  -13410.8  -29504.5  -21598.8  1266.15  19084  484
-21598.8  1266.15  484
-26251.4  -13410.8  -29504.5  -21598.8  1266.15  19084  485
-21598.8  1266.15  485
-26251.4  -13410.8  -29504.5  -21598.8  1266.15  19084  486
-21598.8  1266.15  486
-26251.4  -13410.8  -29504.5  -21598.8  1266.15  19084  487
-21598.8  1266.15  487
-26251.4  -13410.8  -29504.5  -21598.8  1266.15  19084  488
-21598.8  1266.15  488
-26251.4  -13410.8  -29504.5  -21598.8  1266.15  19084  489
-21598.8  1266.15  489
-26251.4  -13410.8  -29504.5  -21598.8  1266.15  19084  490
-21598.8  1266.15  490
-26251.4  -13410.8  -29504.5  -21598.8  1266.15  19084  491
-21598.8  1266.15  491
-26251.4  -13410.8  -29504.5  -21598.8  1266.15  19084  492
-21598.8  1266.15  492
-26251.4  -13410.8  -29504.5  -21598.8  1266.15  19084  493
-21598.8  1266.15  493
-26251.4  -13410.8  -29504.5  -21598.8  1266.15  19084  494
-21598.8  1266.15  494
-26251.4  -13410.8  -29504.5  -21598.8  1266.15  19084  495
-21598.8  1266.15  495
-26251.4  -13410.8  -29504.5  -21598.8  1266.15  19084  496
-21598.8  1266.15  496
-26251.4  -13410.8  -29504.5  -21598.8  1266.15  19084  497
-21598.8  1266.15  497
-26251.4  -13410.8  -29504.5  -21598.8  1266.15  19084  498
-21598.8  1266.15  498
-26251.4  -13410.8  -29504.5  -21598.8  1266.15  19084  499
-21598.8  1266.15  499
-26251.4  -13410.8  -29504.5  -21598.8  1266.15  19084  500
-21598.8  1266.15  500
-26251.4  -13410.8  -29504.5  -21598.8  1266.15  19084  501
-21598.8  1266.15  501
-26251.4  -13410.8  -29504.5  -21598.8  1266.15  19084  502
-21598.8  1266.15  502
-26251.4  -13410.8  -29504.5  -21598.8  1266.15  19084  503
-21598.8  1266.15  503
-26251.4  -13410.8  -29504.5  -21598.8  1266.15  19084  504
-21598.8  1266.15  504
-26251.4  -13410.8  -29504.5  -21598.8  1266.15  19084  505
-21598.8  1266.15  505
-26251.4  -13410.8  -29504.5  -21598.8  1266.15  19084  506
-21598.8  1266.15  506
-26251.4  -13410.8  -29504.5  -21598.8  1266.15  19084  507
-21598.8  1266.15  507
-26251.4  -13410.8  -29504.5  -21598.8  1266.15  19084  508
-21598.8  1266.15  508
-26251.4  -13410.8  -29504.5  -21598.8  1266.15  19084  509
-21598.8  1266.15  509
-26251.4  -13410.8  -29504.5  -21598.8  1266.15  19084  510
-21598.8  1266.15  510
-26251.4  -13410.8  -29504.5  -21598.8  1266.15  19084  511
-21598.8  1266.15  511
-26251.4  -13410.8  -29504.5  -21598.8  1266.15  19084  512
-21598.8  1266.15  512
-26251.4  -13410.8  -29504.5  -21598.8  1266.15  19084  513
-21598.8  1266.15  513
-26251.4  -13410.8  -29504.5  -21598.8  1266.15  19084  514
-21598.8  1266.15  514
-26251.4  -13410.8  -29504.5  -21598.8  1266.15  19084  515
-21598.8  1266.15  515
-26251.4  -13410.8  -29504.5  -21598.8  1266.15  19084  516
-21598.8  1266.15  516
-26251.4  -13410.8  -29504.5  -21598.8  1266.15  19084  517
-21598.8  1266.15  517
-26251.4  -13410.8  -29504.5  -21598.8  1266.15  19084  518
-21598.8  1266.15  518
-26251.4  -13410.8  -29504.5  -21598.8  1266.15  19084  519
-21598.8  1266.15  519
-26251.4  -13410.8  -29504.5  -21598.8  1266.15  19084  520
-21598.8  1266.15  520
-26251.4  -13410.8  -29504.5  -21598.8  1266.15  19084  521
-21598.8  1266.15  521
-26251.4  -13410.8  -29504.5  -21598.8  1266.15  19084  522
-21598.8  1266.15  522
-26251.4  -13410.8  -29504.5  -21598.8  1266.15  19084  523
-21598.8  1266.15  523
-26251.4  -13410.8  -29504.5  -21598.8  1266.15  19084  524
-21598.8  1266.15  524
-26251.4  -13410.8  -29504.5  -21598.8  1266.15  19084  525
-21598.8  1266.15  525
-26251.4  -13410.8  -29504.5  -21598.8  1266.15  19084  526
-21598.8  1266.15  526
-26251.4  -13410.8  -29504.5  -21598.8  1266.15  19084  527
-21598.8  1266.15  527
-26251.4  -13410.8  -29504.5  -21598.8  1266.15  19084  528
-21598.8  1266.15  528
-26251.4  -13410.8  -29504.5  -21598.8  1266.15  19084  529
-21598.8  1266.15  529
-26251.4  -13410.8  -29504.5  -21598.8  1266.15  19084  530
-21598.8  1266.15  530
-26251.4  -13410.8  -29504.5  -21598.8  1266.15  19084  531
-21598.8  1266.15  531
-26251.4  -13410.8  -29504.5  -21598.8  1266.15  19084  532
-21598.8  1266.15  532
-26251.4  -13410.8  -29504.5  -21598.8  1266.15  19084  533
-21598.8  1266.15  533
-26251.4  -13410.8  -29504.5  -21598.8  1266.15  19084  534
-21598.8  1266.15  534
-26251.4  -13410.8  -29504.5  -21598.8  1266.15  19084  535
-21598.8  1266.15  535
-26251.4  -13410.8  -29504.5  -21598.8  1266.15  19084  536
-21598.8  1266.15  536
-26251.4  -13410.8  -29504.5  -21598.8  1266.15  19084  537
-21598.8  1266.15  537
-26251.4  -13410.8  -29504.5  -21598.8  1266.15  19084  538
-21598.8  1266.15  538
-26251.4  -13410.8  -29504.5  -21598.8  1266.15  19084  539
-21598.8  1266.15  539
-26251.4  -13410.8  -29504.5  -21598.8  1266.15  19084  540
-21598.8  1266.15  540
-26251.4  -13410.8  -29504.5  -21598.8  1266.15  19084  541
-21598.8  1266.15  541
-26251.4  -13410.8  -29504.5  -21598.8  1266.15  19084  542
-21598.8  1266.15  542
-26251.4  -13410.8  -29504.5  -21598.8  1266.15  19084  543
-21598.8  1266.15  543
-26251.4  -13410.8  -29504.5  -21598.8  1266.15  19084  544
-21598.8  1266.15  544
-26251.4  -13410.8  -29504.5  -21598.8  1266.15  19084  545
-21598.8  1266.15  545
-26251.4  -13410.8  -29504.5  -21598.8  1266.15  19084  546
-21598.8  1266.15  546
-26251.4  -13410.8  -29504.5  -21598.8  1266.15  19084  547
-21598.8  1266.15  547
-26251.4  -13410.8  -29504.5  -21598.8  1266.15  19084  548
-21598.8  1266.15  548
-26251.4  -13410.8  -29504.5  -21598.8  1266.15  19084  549
-21598.8  1266.15  549
-26251.4  -13410.8  -29504.5  -21598.8  1266.15  19084  550
-21598.8  1266.15  550
-26251.4  -13410.8  -29504.5  -21598.8  1266.15  19084  551
-21598.8  1266.15  551
-26251.4  -13410.8  -29504.5  -21598.8  1266.15  19084  552
-21598.8  1266.15  552
-26251.4  -13410.8  -29504.5  -21598.8  1266.15  19084  553
-21598.8  1266.15  553
-26251.4  -13410.8  -29504.5  -21598.8  1266.15  19084  554
-21598.8  1266.15  554
-26251.4  -13410.8  -29504.5  -21598.8  1266.15  19084  555
-21598.8  1266.15  555
-26251.4  -13410.8  -29504.5  -21598.8  1266.15  19084  556
-21598.8  1266.15  556
-26251.4  -13410.8  -29504.5  -21598.8  1266.15  19084  557
-21598.8  1266.15  557
-26251.4  -13410.8  -29504.5  -21598.8  1266.15  19084  558
-21598.8  1266.15  558
-26251.4  -13410.8  -29504.5  -21598.8  1266.15  19084  559
-21598.8  1266.15  559
-26251.4  -13410.8  -29504.5  -21598.8  1266.15  19084  560
-21598.8  1266.15  560
-26251.4  -13410.8  -29504.5  -21598.8  1266.15  19084  561
-21598.8  1266.15  561
-26251.4  -13410.8  -29504.5  -21598.8  1266.15  19084  562
-21598.8  1266.15  562
-26251.4  -13410.8  -29504.5  -21598.8  1266.15  19084  563
-21598.8  1266.15  563
-26251.4  -13410.8  -29504.5  -21598.8  1266.15  19084  564
-21598.8  1266.15  564
-26251.4  -13410.8  -29504.5  -21598.8  1266.15  19084  565
-21598.8  1266.15  565
-26251.4  -13410.8  -29504.5  -21598.8  1266.15  19084  566
-21598.8  1266.15  566
-26251.4  -13410.8  -29504.5  -21598.8  1266.15  19084  567
-21598.8  1266.15  567
-26251.4  -13410.8  -29504.5  -21598.8  1266.15  19084  568
-21598.8  1266.15  568
-26251.4  -13410.8  -29504.5  -21598.8  1266.15  19084  569
-21598.8  1266.15  569
-26251.4  -13410.8  -29504.5  -21598.8  1266.15  19084  570
-21598.8  1266.15  570
-26251.4  -13410.8  -29504.5  -21598.8  1266.15  19084  571
-21598.8  1266.15  571
-26251.4  -13410.8  -29504.5  -21598.8  1266.15  19084  572
-21598.8  1266.15  572
-26251.4  -13410.8  -29504.5  -21598.8  1266.15  19084  573
-21598.8  1266.15  573
-26251.4  -13410.8  -29504.5  -21598.8  1266.15  19084  574
-21598.8  1266.15  574
-26251.4  -13410.8  -29504.5  -21598.8  1266.15  19084  575
-21598.8  1266.15  575
-26251.4  -13410.8  -29504.5  -21598.8  1266.15  19084  576
-21598.8  1266.15  576
-26251.4  -13410.8  -29504.5  -21598.8  1266.15  19084  577
-21598.8  1266.15  577
-26251.4  -13410.8  -29504.5  -21598.8  1266.15  19084  578
-21598.8  1266.15  578
-26251.4  -13410.8  -29504.5  -21598.8  1266.15  19084  579
-21598.8  1266.15  579
-26251.4  -13410.8  -29504.5  -21598.8  1266.15  19084  580
-21598.8  1266.15  580
-26251.4  -13410.8  -29504.5  -21598.8  1266.15  19084  581
-21598.8  1266.15  581
-26251.4  -13410.8  -29504.5  -21598.8  1266.15  19084  582
-21598.8  1266.15  582
-26251.4  -13410.8  -29504.5  -21598.8  1266.15  19084  583
-21598.8  1266.15  583
-26251.4  -13410.8  -29504.5  -21598.8  1266.15  19084  584
-21598.8  1266.15  584
-26251.4  -13410.8  -29504.5  -21598.8  1266.15  19084  585
-21598.8  1266.15  585
-26251.4  -13410.8  -29504.5  -21598.8  1266.15  19084  586
-21598.8  1266.15  586
-26251.4  -13410.8  -29504.5  -21598.8  1266.15  19084  587
-21598.8  1266.15  587
-26251.4  -13410.8  -29504.5  -21598.8  1266.15  19084  588
-21598.8  1266.15  588
-26251.4  -13410.8  -29504.5  -21598.8  1266.15  19084  589
-21598.8  1266.15  589
-26251.4  -13410.8  -29504.5  -21598.8  1266.15  19084  590
-21598.8  1266.15  590
-26251.4  -13410.8  -29504.5  -21598.8  1266.15  19084  591
-21598.8  1266.15  591
-26251.4  -13410.8  -29504.5  -21598.8  1266.15  19084  592
-21598.8  1266.15  592
-26251.4  -13410.8  -29504.5  -21598.8  1266.15  19084  593
-21598.8  1266.15  593
-26251.4  -13410.8  -29504.5  -21598.8  1266.15  19084  594
-21598.8  1266.15  594
-26251.4  -13410.8  -29504.5  -21598.8  1266.15  19084  595
-21598.8  1266.15  595
-26251.4  -13410.8  -29504.5  -21598.8  1266.15  19084  596
-21598.8  1266.15  596
-26251.4  -13410.8  -29504.5  -21598.8  1266.15  19084  597
-21598.8  1266.15  597
-26251.4  -13410.8  -29504.5  -21598.8  1266.15  19084  598
-21598.8  1266.15  598
-26251.4  -13410.8  -29504.5  -21598.8  1266.15  19084  599
-21598.8  1266.15  599
-26251.4  -13410.8  -29504.5  -21598.8  1266.15  19084  600
-21598.8  1266.15  600
-26251.4  -13410.8  -29504.5  -21598.8  1266.15  19084  601
-21598.8  1266.15  601
-26251.4  -13410.8  -29504.5  -21598.8  1266.15  19084  602
-21598.8  1266.15  602
-26251.4  -13410.8  -29504.5  -21598.8  1266.15  19084  603
-21598.8  1266.15  603
-26251.4  -13410.8  -29504.5  -21598.8  1266.15  19084  604
-21598.8  1266.15  604
-26251.4  -13410.8  -29504.5  -21598.8  1266.15  19084  605
-21598.8  1266.15  605
-26251.4  -13410.8  -29504.5  -21598.8  1266.15  19084  606
-21598.8  1266.15  606
-26251.4  -13410.8  -29504.5  -21598.8  1266.15  19084  607
-21598.8  1266.15  607
-26251.4  -13410.8  -29504.5  -21598.8  1266.15  19084  608
-21598.8  1266.15  608
-26251.4  -13410.8  -29504.5  -21598.8  1266.15  19084  609
-21598.8  1266.15  609
-26251.4  -13410.8  -29504.5  -21598.8  1266.15  19084  610
-21598.8  1266.15  610
-26251.4  -13410.8  -29504.5  -21598.8  1266.15  19084  611
-21598.8  1266.15  611
-26251.4  -13410.8  -29504.5  -21598.8  1266.15  19084  612
-21598.8  1266.15  612
-26251.4  -13410.8  -29504.5  -21598.8  1266.15  19084  613
-21598.8  1266.15  613
-26251.4  -13410.8  -29504.5  -21598.8  1266.15  19084  614
-21598.8  1266.15  614
-26251.4  -13410.8  -29504.5  -21598.8  1266.15  19084  615
-21598.8  1266.15  615
-26251.4  -13410.8  -29504.5  -21598.8  1266.15  19084  616
-21598.8  1266.15  616
-26251.4  -13410.8  -29504.5  -21598.8  1266.15  19084  617
-21598.8  1266.15  617
-26251.4  -13410.8  -29504.5  -21598.8  1266.15  19084  618
-21598.8  1266.15  618
-26251.4  -13410.8  -29504.5  -21598.8  1266.15  19084  619
-21598.8  1266.15  619
-26251.4  -13410.8  -29504.5  -21598.8  1266.15  19084  620
-21598.8  1266.15  620
-26251.4  -13410.8  -29504.5  -21598.8  1266.15  19084  621
-21598.8  1266.15  621
-26251.4  -13410.8  -29504.5  -21598.8  1266.15  19084  622
-21598.8  1266.15  622
-26251.4  -13410.8  -29504.5  -21598.8  1266.15  19084  623
-21598.8  1266.15  623
-26251.4  -13410.8  -29504.5  -21598.8  1266.15  19084  624
-21598.8  1266.15  624
-26251.4  -13410.8  -29504.5  -21598.8  1266.15  19084  625
-21598.8  1266.15  625
-26251.4  -13410.8  -29504.5  -21598.8  1266.15  19084  626
-21598.8  1266.15  626
-26251.4  -13410.8  -29504.5  -21598.8  1266.15  19084  627
-21598.8  1266.15  627
-26251.4  -13410.8  -29504.5  -21598.8  1266.15  19084  628
-21598.8  1266.15  628
-26251.4  -13410.8  -29504.5  -21598.8  1266.15  19084  629
-21598.8  1266.15  629
-26251.4  -13410.8  -29504.5  -21598.8  1266.15  19084  630
-21598.8  1266.15  630
-26251.4  -13410.8  -29504.5  -21598.8  1266.15  19084  631
-21598.8  1266.15  631
-26251.4  -13410.8  -29504.5  -21598.8  1266.15  19084  632
-21598.8  1266.15  632
-26251.4  -13410.8  -29504.5  -21598.8  1266.15  19084  633
-21598.8  1266.15  633
-26251.4  -13410.8  -29504.5  -21598.8  1266.15  19084  634
-21598.8  1266.15  634
-26251.4  -13410.8  -29504.5  -21598.8  1266.15  19084  635
-21598.8  1266.15  635
-26251.4  -13410.8  -29504.5  -21598.8  1266.15  19084  636
-21598.8  1266.15  636
-26251.4  -13410.8  -29504.5  -21598.8  1266.15  19084  637
-21598.8  1266.15  637
-26251.4  -13410.8  -29504.5  -21598.8  1266.15  19084  638
-21598.8  1266.15  638
-26251.4  -13410.8  -29504.5  -21598.8  1266.15  19084  639
-21598.8  1266.15  639
-26251.4  -13410.8  -29504.5  -21598.8  1266.15  19084  640
-21598.8  1266.15  640
-26251.4  -13410.8  -29504.5  -21598.8  1266.15  19084  641
-21598.8  1266.15  641
-26251.4  -13410.8  -29504.5  -21598.8  1266.15  19084  642
-21598.8  1266.15  642
-26251.4  -13410.8  -29504.5  -21598.8  1266.15  19084  643
-21598.8  1266.15  643
-26251.4  -13410.8  -29504.5  -21598.8  1266.15  19084  644
-21598.8  1266.15  644
-26251.4  -13410.8  -29504.5  -21598.8  1266.15  19084  645
-21598.8  1266.15  645
-26251.4  -13410.8  -29504.5  -21598.8  1266.15  19084  646
-21598.8  1266.15  646
-26251.4  -13410.8  -29504.5  -21598.8  1266.15  19084  647
-21598.8  1266.15  647
-26251.4  -13410.8  -29504.5  -21598.8  1266.15  19084  648
-21598.8  1266.15  648
-26251.4  -13410.8  -29504.5  -21598.8  1266.15  19084  649
-21598.8  1266.15  649
-26251.4  -13410.8  -29504.5  -21598.8  1266.15  19084  650
-21598.8  1266.15  650
-26251.4  -13410.8  -29504.5  -21598.8  1266.15  19084  651
-21598.8  1266.15  651
-26251.4  -13410.8  -29504.5  -21598.8  1266.15  19084  652
-21598.8  1266.15  652
-26251.4  -13410.8  -29504.5  -21598.8  1266.15  19084  653
-21598.8  1266.15  653
-26251.4  -13410.8  -29504.5  -21598.8  1266.15  19084  654
-21598.8  1266.15  654
-26251.4  -13410.8  -29504.5  -21598.8  1266.15  19084  655
-21598.8  1266.15  655
-26251.4  -13410.8  -29504.5  -21598.8  1266.15  19084  656
-21598.8  1266.15  656
-26251.4  -13410.8  -29504.5  -21598.8  1266.15  19084  657
-21598.8  1266.15  657
-26251.4  -13410.8  -29504.5  -21598.8  1266.15  19084  658
-21598.8  1266.15  658
-26251.4  -13410.8  -29504.5  -21598.8  1266.15  19084  659
-21598.8  1266.15  659
-26251.4  -13410.8  -29504.5  -21598.8  1266.15  19084  660
-21598.8  1266.15  660
-26251.4  -13410.8  -29504.5  -21598.8  1266.15  19084  661
-21598.8  1266.15  661
-26251.4  -13410.8  -29504.5  -21598.8  1266.15  19084  662
-21598.8  1266.15  662
-26251.4  -13410.8  -29504.5  -21598.8  1266.15  19084  663
-21598.8  1266.15  663
-26251.4  -13410.8  -29504.5  -21598.8  1266.15  19084  664
-21598.8  1266.15  664
-26251.4  -13410.8  -29504.5  -21598.8  1266.15  19084  665
-21598.8  1266.15  665
-26251.4  -13410.8  -29504.5  -21598.8  1266.15  19084  666
-21598.8  1266.15  666
-26251.4  -13410.8  -29504.5  -21598.8  1266.15  19084  667
-21598.8  1266.15  667
-26251.4  -13410.8  -29504.5  -21598.8  1266.15  19084  668
-21598.8  1266.15  668
-26251.4  -13410.8  -29504.5  -21598.8  1266.15  19084  669
-21598.8  1266.15  669
-26251.4  -13410.8  -29504.5  -21598.8  1266.15  19084  670
-21598.8  1266.15  670
-26251.4  -13410.8  -29504.5  -21598.8  1266.15  19084  671
-21598.8  1266.15  671
-26251.4  -13410.8  -29504.5  -21598.8  1266.15  19084  672
-21598.8  1266.15  672
-26251.4  -13410.8  -29504.5  -21598.8  1266.15  19084  673
-21598.8  1266.15  673
-26251.4  -13410.8  -29504.5  -21598.8  1266.15  19084  674
-21598.8  1266.15  674
-26251.4  -13410.8  -29504.5  -21598.8  1266.15  19084  675
-21598.8  1266.15  675
-26251.4  -13410.8  -29504.5  -21598.8  1266.15  19084  676
-21598.8  1266.15  676
-26251.4  -13410.8  -29504.5  -21598.8  1266.15  19084  677
-21598.8  1266.15  677
-26251.4  -13410.8  -29504.5  -21598.8  1266.15  19084  678
-21598.8  1266.15  678
-26251.4  -13410.8  -29504.5  -21598.8  1266.15  19084  679
-21598.8  1266.15  679
-26251.4  -13410.8  -29504.5  -21598.8  1266.15  19084  680
-21598.8  1266.15  680
-26251.4  -13410.8  -29504.5  -21598.8  1266.15  19084  681
-21598.8  1266.15  681
-26251.4  -13410.8  -29504.5  -21598.8  1266.15  19084  682
-21598.8  1266.15  682
-26251.4  -13410.8  -29504.5  -21598.8  1266.15  19084  683
-21598.8  1266.15  683
-26251.4  -13410.8  -29504.5  -21598.8  1266.15  19084  684
-21598.8  1266.15  684
-26251.4  -13410.8  -29504.5  -21598.8  1266.15  19084  685
-21598.8  1266.15  685
-26251.4  -13410.8  -29504.5  -21598.8  1266.15  19084  686
-21598.8  1266.15  686
-26251.4  -13410.8  -29504.5  -21598.8  1266.15  19084  687
-21598.8  1266.15  687
-26251.4  -13410.8  -29504.5  -21598.8  1266.15  19084  688
-21598.8  1266.15  688
-26251.4  -13410.8  -29504.5  -21598.8  1266.15  19084  689
-21598.8  1266.15  689
-26251.4  -13410.8  -29504.5  -21598.8  1266.15  19084  690
-21598.8  1266.15  690
-26251.4  -13410.8  -29504.5  -21598.8  1266.15  19084  691
-21598.8  1266.15  691
-26251.4  -13410.8  -29504.5  -21598.8  1266.15  19084  692
-21598.8  1266.15  692
-26251.4  -13410.8  -29504.5  -21598.8  1266.15  19084  693
-21598.8  1266.15  693
-26251.4  -13410.8  -29504.5  -21598.8  1266.15  19084  694
-21598.8  1266.15  694
-26251.4  -13410.8  -29504.5  -21598.8  1266.15  19084  695
-21598.8  1266.15  695
-26251.4  -13410.8  -29504.5  -21598.8  1266.15  19084  696
-21598.8  1266.15  696
-26251.4  -13410.8  -29504.5  -21598.8  1266.15  19084  697
-21598.8  1266.15  697
-26251.4  -13410.8  -29504.5  -21598.8  1266.15  19084  698
-21598.8  1266.15  698
-26251.4  -13410.8  -29504.5  -21598.8  1266.15  19084  699
-21598.8  1266.15  699
-26251.4  -13410.8  -29504.5  -21598.8  1266.15  19084  700
-21598.8  1266.15  700
-26251.4  -13410.8  -29504.5  -21598.8  1266.15  19084  701
-21598.8  1266.15  701
-26251.4  -13410.8  -29504.5  -21598.8  1266.15  19084  702
-21598.8  1266.15  702
-26251.4  -13410.8  -29504.5  -21598.8  1266.15  19084  703
-21598.8  1266.15  703
-26251.4  -13410.8  -29504.5  -21598.8  1266.15  19084  704
-21598.8  1266.15  704
-26251.4  -13410.8  -29504.5  -21598.8  1266.15  19084  705
-21598.8  1266.15  705
-26251.4  -13410.8  -29504.5  -21598.8  1266.15  19084  706
-21598.8  1266.15  706
-26251.4  -13410.8  -29504.5  -21598.8  1266.15  19084  707
-21598.8  1266.15  707
-26251.4  -13410.8  -29504.5  -21598.8  1266.15  19084  708
-21598.8  1266.15  708
-26251.4  -13410.8  -29504.5  -21598.8  1266.15  19084  709
-21598.8  1266.15  709
-26251.4  -13410.8  -29504.5  -21598.8  1266.15  19084  710
-21598.8  1266.15  710
-26251.4  -13410.8  -29504.5  -21598.8  1266.15  19084  711
-21598.8  1266.15  711
-26251.4  -13410.8  -29504.5  -21598.8  1266.15  19084  712
-21598.8  1266.15  712
-26251.4  -13410.8  -29504.5  -21598.8  1266.15  19084  713
-21598.8  1266.15  713
-26251.4  -13410.8  -29504.5  -21598.8  1266.15  19084  714
-21598.8  1266.15  714
-26251.4  -13410.8  -29504.5  -21598.8  1266.15  19084  715
-21598.8  1266.15  715
-26251.4  -13410.8  -29504.5  -21598.8  1266.15  19084  716
-21598.8  1266.15  716
-26251.4  -13410.8  -29504.5  -21598.8  1266.15  19084  717
-21598.8  1266.15  717
-26251.4  -13410.8  -29504.5  -21598.8  1266.15  19084  718
-21598.8  1266.15  718
-26251.4  -13410.8  -29504.5  -21598.8  1266.15  19084  719
-21598.8  1266.15  719
-26251.4  -13410.8  -29504.5  -21598.8  1266.15  19084  720
-21598.8  1266.15  720
-26251.4  -13410.8  -29504.5  -21598.8  1266.15  19084  721
-21598.8  1266.15  721
-26251.4  -13410.8  -29504.5  -21598.8  1266.15  19084  722
-21598.8  1266.15  722
-26251.4  -13410.8  -29504.5  -21598.8  1266.15  19084  723
-21598.8  1266.15  723
-26251.4  -13410.8  -29504.5  -21598.8  1266.15  19084  724
-21598.8  1266.15  724
-26251.4  -13410.8  -29504.5  -21598.8  1266.15  19084  725
-21598.8  1266.15  725
-26251.4  -13410.8  -29504.5  -21598.8  1266.15  19084  726
-21598.8  1266.15  726
-26251.4  -13410.8  -29504.5  -21598.8  1266.15  19084  727
-21598.8  1266.15  727
-26251.4  -13410.8  -29504.5  -21598.8  1266.15  19084  728
-21598.8  1266.15  728
-26251.4  -13410.8  -29504.5  -21598.8  1266.15  19084  729
-21598.8  1266.15  729
-26251.4  -13410.8  -29504.5  -21598.8  1266.15  19084  730
-21598.8  1266.15  730
-26251.4  -13410.8  -29504.5  -21598.8  1266.15  19084  731
-21598.8  1266.15  731
-26251.4  -13410.8  -29504.5  -21598.8  1266.15  19084  732
-21598.8  1266.15  732
-26251.4  -13410.8  -29504.5  -21598.8  1266.15  19084  733
-21598.8  1266.15  733
-26251.4  -13410.8  -29504.5  -21598.8  1266.15  19084  734
-21598.8  1266.15  734
-26251.4  -13410.8  -29504.5  -21598.8  1266.15  19084  735
-21598.8  1266.15  735
-26251.4  -13410.8  -29504.5  -21598.8  1266.15  19084  736
-21598.8  1266.15  736
-26251.4  -13410.8  -29504.5  -21598.8  1266.15  19084  737
-21598.8  1266.15  737
-26251.4  -13410.8  -29504.5  -21598.8  1266.15  19084  738
-21598.8  1266.15  738
-26251.4  -13410.8  -29504.5  -21598.8  1266.15  19084  739
-21598.8  1266.15  739
-26251.4  -13410.8  -29504.5  -21598.8  1266.15  19084  740
-21598.8  1266.15  740
-26251.4  -13410.8  -29504.5  -21598.8  1266.15  19084  741
-21598.8  1266.15  741
-26251.4  -13410.8  -29504.5  -21598.8  1266.15  19084  742
-21598.8  1266.15  742
-26251.4  -13410.8  -29504.5  -21598.8  1266.15  19084  743
-21598.8  1266.15  743
-26251.4  -13410.8  -29504.5  -21598.8  1266.15  19084  744
-21598.8  1266.15  744
-26251.4  -13410.8  -29504.5  -21598.8  1266.15  19084  745
-21598.8  1266.15  745
-26251.4  -13410.8  -29504.5  -21598.8  1266.15  19084  746
-21598.8  1266.15  746
-26251.4  -13410.8  -29504.5  -21598.8  1266.15  19084  747
-21598.8  1266.15  747
-26251.4  -13410.8  -29504.5  -21598.8  1266.15  19084  748
-21598.8  1266.15  748
-26251.4  -13410.8  -29504.5  -21598.8  1266.15  19084  749
-21598.8  1266.15  749
-26251.4  -13410.8  -29504.5  -21598.8  1266.15  19084  750
-21598.8  1266.15  750
-26251.4  -13410.8  -29504.5  -21598.8  1266.15  19084  751
-21598.8  1266.15  751
-26251.4  -13410.8  -29504.5  -21598.8  1266.15  19084  752
-21598.8  1266.15  752
-26251.4  -13410.8  -29504.5  -21598.8  1266.15  19084  753
-21598.8  1266.15  753
-26251.4  -13410.8  -29504.5  -21598.8  1266.15  19084  754
-21598.8  1266.15  754
-26251.4  -13410.8  -29504.5  -21598.8  1266.15  19084  755
-21598.8  1266.15  755
-26251.4  -13410.8  -29504.5  -21598.8  1266.15  19084  756
-21598.8  1266.15  756
-26251.4  -13410.8  -29504.5  -21598.8  1266.15  19084  757
-21598.8  1266.15  757
-26251.4  -13410.8  -29504.5  -21598.8  1266.15  19084  758
-21598.8  1266.15  758
-26251.4  -13410.8  -29504.5  -21598.8  1266.15  19084  759
-21598.8  1266.15  759
-26251.4  -13410.8  -29504.5  -21598.8  1266.15  19084  760
-21598.8  1266.15  760
-26251.4  -13410.8  -29504.5  -21598.8  1266.15  19084  761
-21598.8  1266.15  761
-26251.4  -13410.8  -29504.5  -21598.8  1266.15  19084  762
-21598.8  1266.15  762
-26251.4  -13410.8  -29504.5  -21598.8  1266.15  19084  763
-21598.8  1266.15  763
-26251.4  -13410.8  -29504.5  -21598.8  1266.15  19084  764
-21598.8  1266.15  764
-26251.4  -13410.8  -29504.5  -21598.8  1266.15  19084  765
-21598.8  1266.15  765
-26251.4  -13410.8  -29504.5  -21598.8  1266.15  19084  766
-21598.8  1266.15  766
-26251.4  -13410.8  -29504.5  -21598.8  1266.15  19084  767
-21598.8  1266.15  767
-26251.4  -13410.8  -29504.5  -21598.8  1266.15  19084  768
-21598.8  1266.15  768
-26251.4  -13410.8  -29504.5  -21598.8  1266.15  19084  769
-21598.8  1266.15  769
-26251.4  -13410.8  -29504.5  -21598.8  1266.15  19084  770
-21598.8  1266.15  770
-26251.4  -13410.8  -29504.5  -21598.8  1266.15  19084  771
-21598.8  1266.15  771
-26251.4  -13410.8  -29504.5  -21598.8  1266.15  19084  772
-21598.8  1266.15  772
-26251.4  -13410.8  -29504.5  -21598.8  1266.15  19084  773
-21598.8  1266.15  773
-26251.4  -13410.8  -29504.5  -21598.8  1266.15  19084  774
-21598.8  1266.15  774
-26251.4  -13410.8  -29504.5  -21598.8  1266.15  19084  775
-21598.8  1266.15  775
-26251.4  -13410.8  -29504.5  -21598.8  1266.15  19084  776
-21598.8  1266.15  776
-26251.4  -13410.8  -29504.5  -21598.8  1266.15  19084  777
-21598.8  1266.15  777
-26251.4  -13410.8  -29504.5  -21598.8  1266.15  19084  778
-21598.8  1266.15  778
-26251.4  -13410.8  -29504.5  -21598.8  1266.15  19084  779
-21598.8  1266.15  779
-26251.4  -13410.8  -29504.5  -21598.8  1266.15  19084  780
-21598.8  1266.15  780
-26251.4  -13410.8  -29504.5  -21598.8  1266.15  19084  781
-21598.8  1266.15  781
-26251.4  -13410.8  -29504.5  -21598.8  1266.15  19084  782
-21598.8  1266.15  782
-26251.4  -13410.8  -29504.5  -21598.8  1266.15  19084  783
-21598.8  1266.15  783
-26251.4  -13410.8  -29504.5  -21598.8  1266.15  19084  784
-21598.8  1266.15  784
-26251.4  -13410.8  -29504.5  -21598.8  1266.15  19084  785
-21598.8  1266.15  785
-26251.4  -13410.8  -29504.5  -21598.8  1266.15  19084  786
-21598.8  1266.15  786
-26251.4  -13410.8  -29504.5  -21598.8  1266.15  19084  787
-21598.8  1266.15  787
-26251.4  -13410.8  -29504.5  -21598.8  1266.15  19084  788
-21598.8  1266.15  788
-26251.4  -13410.8  -29504.5  -21598.8  1266.15  19084  789
-21598.8  1266.15  789
-26251.4  -13410.8  -29504.5  -21598.8  1266.15  19084  790
-21598.8  1266.15  790
-26251.4  -13410.8  -29504.5  -21598.8  1266.15  19084  791
-21598.8  1266.15  791
-26251.4  -13410.8  -29504.5  -21598.8  1266.15  19084  792
-21598.8  1266.15  792
-26251.4  -13410.8  -29504.5  -21598.8  1266.15  19084  793
-21598.8  1266.15  793
-26251.4  -13410.8  -29504.5  -21598.8  1266.15  19084  794
-21598.8  1266.15  794
-26251.4  -13410.8  -29504.5  -21598.8  1266.15  19084  795
-21598.8  1266.15  795
-26251.4  -13410.8  -29504.5  -21598.8  1266.15  19084  796
-21598.8  1266.15  796
-26251.4  -13410.8  -29504.5  -21598.8  1266.15  19084  797
-21598.8  1266.15  797
-26251.4  -13410.8  -29504.5  -21598.8  1266.15  19084  798
-21598.8  1266.15  798
-26251.4  -13410.8  -29504.5  -21598.8  1266.15  19084  799
-21598.8  1266.15  799
-26251.4  -13410.8  -29504.5  -21598.8  1266.15  19084  800
-21598.8  1266.15  800
-26251.4  -13410.8  -29504.5  -21598.8  1266.15  19084  801
-21598.8  1266.15  801
-26251.4  -13410.8  -29504.5  -21598.8  1266.15  19084  802
-21598.8  1266.15  802
-26251.4  -13410.8  -29504.5  -21598.8  1266.15  19084  803
-21598.8  1266.15  803
-26251.4  -13410.8  -29504.5  -21598.8  1266.15  19084  804
-21598.8  1266.15  804
-26251.4  -13410.8  -29504.5  -21598.8  1266.15  19084  805
-21598.8  1266.15  805
-26251.4  -13410.8  -29504.5  -21598.8  1266.15  19084  806
-21598.8  1266.15  806
-26251.4  -13410.8  -29504.5  -21598.8  1266.15  19084  807
-21598.8  1266.15  807
-26251.4  -13410.8  -29504.5  -21598.8  1266.15  19084  808
-21598.8  1266.15  808
-26251.4  -13410.8  -29504.5  -21598.8  1266.15  19084  809
-21598.8  1266.15  809
-26251.4  -13410.8  -29504.5  -21598.8  1266.15  19084  810
-21598.8  1266.15  810
-26251.4  -13410.8  -29504.5  -21598.8  1266.15  19084  811
-21598.8  1266.15  811
-26251.4  -13410.8  -29504.5  -21598.8  1266.15  19084  812
-21598.8  1266.15  812
-26251.4  -13410.8  -29504.5  -21598.8  1266.15  19084  813
-21598.8  1266.15  813
-26251.4  -13410.8  -29504.5  -21598.8  1266.15  19084  814
-21598.8  1266.15  814
-26251.4  -13410.8  -29504.5  -21598.8  1266.15  19084  815
-21598.8  1266.15  815
-26251.4  -13410.8  -29504.5  -21598.8  1266.15  19084  816
-21598.8  1266.15  816
-26251.4  -13410.8  -29504.5  -21598.8  1266.15  19084  817
-21598.8  1266.15  817
-26251.4  -13410.8  -29504.5  -21598.8  1266.15  19084  818
-21598.8  1266.15  818
-26251.4  -13410.8  -29504.5  -21598.8  1266.15  19084  819
-21598.8  1266.15  819
-26251.4  -13410.8  -29504.5  -21598.8  1266.15  19084  820
-21598.8  1266.15  820
-26251.4  -13410.8  -29504.5  -21598.8  1266.15  19084  821
-21598.8  1266.15  821
-26251.4  -13410.8  -29504.5  -21598.8  1266.15  19084  822
-21598.8  1266.15  822
-26251.4  -13410.8  -29504.5  -21598.8  1266.15  19084  823
-21598.8  1266.15  823
-26251.4  -13410.8  -29504.5  -21598.8  1266.15  19084  824
-21598.8  1266.15  824
-26251.4  -13410.8  -29504.5  -21598.8  1266.15  19084  825
-21598.8  1266.15  825
-26251.4  -13410.8  -29504.5  -21598.8  1266.15  19084  826
-21598.8  1266.15  826
-26251.4  -13410.8  -29504.5  -21598.8  1266.15  19084  827
-21598.8  1266.15  827
-26251.4  -13410.8  -29504.5  -21598.8  1266.15  19084  828
-21598.8  1266.15  828
-26251.4  -13410.8  -29504.5  -21598.8  1266.15  19084  829
-21598.8  1266.15  829
-26251.4  -13410.8  -29504.5  -21598.8  1266.15  19084  830
-21598.8  1266.15  830
-26251.4  -13410.8  -29504.5  -21598.8  1266.15  19084  831
-21598.8  1266.15  831
-26251.4  -13410.8  -29504.5  -21598.8  1266.15  19084  832
-21598.8  1266.15  832
-26251.4  -13410.8  -29504.5  -21598.8  1266.15  19084  833
-21598.8  1266.15  833
-26251.4  -13410.8  -29504.5  -21598.8  1266.15  19084  834
-21598.8  1266.15  834
-26251.4  -13410.8  -29504.5  -21598.8  1266.15  19084  835
-21598.8  1266.15  835
-26251.4  -13410.8  -29504.5  -21598.8  1266.15  19084  836
-21598.8  1266.15  836
-26251.4  -13410.8  -29504.5  -21598.8  1266.15  19084  837
-21598.8  1266.15  837
-26251.4  -13410.8  -29504.5  -21598.8  1266.15  19084  838
-21598.8  1266.15  838
-26251.4  -13410.8  -29504.5  -21598.8  1266.15  19084  839
-21598.8  1266.15  839
-26251.4  -13410.8  -29504.5  -21598.8  1266.15  19084  840
-21598.8  1266.15  840
-26251.4  -13410.8  -29504.5  -21598.8  1266.15  19084  841
-21598.8  1266.15  841
-26251.4  -13410.8  -29504.5  -21598.8  1266.15  19084  842
-21598.8  1266.15  842
-26251.4  -13410.8  -29504.5  -21598.8  1266.15  19084  843
-21598.8  1266.15  843
-26251.4  -13410.8  -29504.5  -21598.8  1266.15  19084  844
-21598.8  1266.15  844
-26251.4  -13410.8  -29504.5  -21598.8  1266.15  19084  845
-21598.8  1266.15  845
-26251.4  -13410.8  -29504.5  -21598.8  1266.15  19084  846
-21598.8  1266.15  846
-26251.4  -13410.8  -29504.5  -21598.8  1266.15  19084  847
-21598.8  1266.15  847
-26251.4  -13410.8  -29504.5  -21598.8  1266.15  19084  848
-21598.8  1266.15  848
-26251.4  -13410.8  -29504.5  -21598.8  1266.15  19084  849
-21598.8  1266.15  849
-26251.4  -13410.8  -29504.5  -21598.8  1266.15  19084  850
-21598.8  1266.15  850
-26251.4  -13410.8  -29504.5  -21598.8  1266.15  19084  851
-21598.8  1266.15  851
-26251.4  -13410.8  -29504.5  -21598.8  1266.15  19084  852
-21598.8  1266.15  852
-26251.4  -13410.8  -29504.5  -21598.8  1266.15  19084  853
-21598.8  1266.15  853
-26251.4  -13410.8  -29504.5  -21598.8  1266.15  19084  854
-21598.8  1266.15  854
-26251.4  -13410.8  -29504.5  -21598.8  1266.15  19084  855
-21598.8  1266.15  855
-26251.4  -13410.8  -29504.5  -21598.8  1266.15  19084  856
-21598.8  1266.15  856
-26251.4  -13410.8  -29504.5  -21598.8  1266.15  19084  857
-21598.8  1266.15  857
-26251.4  -13410.8  -29504.5  -21598.8  1266.15  19084  858
-21598.8  1266.15  858
-26251.4  -13410.8  -29504.5  -21598.8  1266.15  19084  859
-21598.8  1266.15  859
-26251.4  -13410.8  -29504.5  -21598.8  1266.15  19084  860
-21598.8  1266.15  860
-26251.4  -13410.8  -29504.5  -21598.8  1266.15  19084  861
-21598.8  1266.15  861
-26251.4  -13410.8  -29504.5  -21598.8  1266.15  19084  862
-21598.8  1266.15  862
-26251.4  -13410.8  -29504.5  -21598.8  1266.15  19084  863
-21598.8  1266.15  863
-26251.4  -13410.8  -29504.5  -21598.8  1266.15  19084  864
-21598.8  1266.15  864
-26251.4  -13410.8  -29504.5  -21598.8  1266.15  19084  865
-21598.8  1266.15  865
-26251.4  -13410.8  -29504.5  -21598.8  1266.15  19084  866
-21598.8  1266.15  866
-26251.4  -13410.8  -29504.5  -21598.8  1266.15  19084  867
-21598.8  1266.15  867
-26251.4  -13410.8  -29504.5  -21598.8  1266.15  19084  868
-21598.8  1266.15  868
-26251.4  -13410.8  -29504.5  -21598.8  1266.15  19084  869
-21598.8  1266.15  869
-26251.4  -13410.8  -29504.5  -21598.8  1266.15  19084  870
-21598.8  1266.15  870
-26251.4  -13410.8  -29504.5  -21598.8  1266.15  19084  871
-21598.8  1266.15  871
-26251.4  -13410.8  -29504.5  -21598.8  1266.15  19084  872
-21598.8  1266.15  872
-26251.4  -13410.8  -29504.5  -21598.8  1266.15  19084  873
-21598.8  1266.15  873
-26251.4  -13410.8  -29504.5  -21598.8  1266.15  19084  874
-21598.8  1266.15  874
-26251.4  -13410.8  -29504.5  -21598.8  1266.15  19084  875
-21598.8  1266.15  875
-26251.4  -13410.8  -29504.5  -21598.8  1266.15  19084  876
-21598.8  1266.15  876
-26251.4  -13410.8  -29504.5  -21598.8  1266.15  19084  877
-21598.8  1266.15  877
-26251.4  -13410.8  -29504.5  -21598.8  1266.15  19084  878
-21598.8  1266.15  878
-26251.4  -13410.8  -29504.5  -21598.8  1266.15  19084  879
-21598.8  1266.15  879
-26251.4  -13410.8  -29504.5  -21598.8  1266.15  19084  880
-21598.8  1266.15  880
-26251.4  -13410.8  -29504.5  -21598.8  1266.15  19084  881
-21598.8  1266.15  881
-26251.4  -13410.8  -29504.5  -21598.8  1266.15  19084  882
-21598.8  1266.15  882
-26251.4  -13410.8  -29504.5  -21598.8  1266.15  19084  883
-21598.8  1266.15  883
-26251.4  -13410.8  -29504.5  -21598.8  1266.15  19084  884
-21598.8  1266.15  884
-26251.4  -13410.8  -29504.5  -21598.8  1266.15  19084  885
-21598.8  1266.15  885
-26251.4  -13410.8  -29504.5  -21598.8  1266.15  19084  886
-21598.8  1266.15  886
-26251.4  -13410.8  -29504.5  -21598.8  1266.15  19084  887
-21598.8  1266.15  887
-26251.4  -13410.8  -29504.5  -21598.8  1266.15  19084  888
-21598.8  1266.15  888
-26251.4  -13410.8  -29504.5  -21598.8  1266.15  19084  889
-21598.8  1266.15  889
-26251.4  -13410.8  -29504.5  -21598.8  1266.15  19084  890
-21598.8  1266.15  890
-26251.4  -13410.8  -29504.5  -21598.8  1266.15  19084  891
-21598.8  1266.15  891
-26251.4  -13410.8  -29504.5  -21598.8  1266.15  19084  892
-21598.8  1266.15  892
-26251.4  -13410.8  -29504.5  -21598.8  1266.15  19084  893
-21598.8  1266.15  893
-26251.4  -13410.8  -29504.5  -21598.8  1266.15  19084  894
-21598.8  1266.15  894
-26251.4  -13410.8  -29504.5  -21598.8  1266.15  19084  895
-21598.8  1266.15  895
-26251.4  -13410.8  -29504.5  -21598.8  1266.15  19084  896
-21598.8  1266.15  896
-26251.4  -13410.8  -29504.5  -21598.8  1266.15  19084  897
-21598.8  1266.15  897
-26251.4  -13410.8  -29504.5  -21598.8  1266.15  19084  898
-21598.8  1266.15  898
-26251.4  -13410.8  -29504.5  -21598.8  1266.15  19084  899
-21598.8  1266.15  899
-26251.4  -13410.8  -29504.5  -21598.8  1266.15  19084  900
-21598.8  1266.15  900
-26251.4  -13410.8  -29504.5  -21598.8  1266.15  19084  901
-21598.8  1266.15  901
-26251.4  -13410.8  -29504.5  -21598.8  1266.15  19084  902
-21598.8  1266.15  902
-26251.4  -13410.8  -29504.5  -21598.8  1266.15  19084  903
-21598.8  1266.15  903
-26251.4  -13410.8  -29504.5  -21598.8  1266.15  19084  904
-21598.8  1266.15  904
-26251.4  -13410.8  -29504.5  -21598.8  1266.15  19084  905
-21598.8  1266.15  905
-26251.4  -13410.8  -29504.5  -21598.8  1266.15  19084  906
-21598.8  1266.15  906
-26251.4  -13410.8  -29504.5  -21598.8  1266.15  19084  907
-21598.8  1266.15  907
-26251.4  -13410.8  -29504.5  -21598.8  1266.15  19084  908
-21598.8  1266.15  908
-26251.4  -13410.8  -29504.5  -21598.8  1266.15  19084  909
-21598.8  1266.15  909
-26251.4  -13410.8  -29504.5  -21598.8  1266.15  19084  910
-21598.8  1266.15  910
-26251.4  -13410.8  -29504.5  -21598.8  1266.15  19084  911
-21598.8  1266.15  911
-26251.4  -13410.8  -29504.5  -21598.8  1266.15  19084  912
-21598.8  1266.15  912
-26251.4  -13410.8  -29504.5  -21598.8  1266.15  19084  913
-21598.8  1266.15  913
-26251.4  -13410.8  -29504.5  -21598.8  1266.15  19084  914
-21598.8  1266.15  914
-26251.4  -13410.8  -29504.5  -21598.8  1266.15  19084  915
-21598.8  1266.15  915
-26251.4  -13410.8  -29504.5  -21598.8  1266.15  19084  916
-21598.8  1266.15  916
-26251.4  -13410.8  -29504.5  -21598.8  1266.15  19084  917
-21598.8  1266.15  917
-26251.4  -13410.8  -29504.5  -21598.8  1266.15  19084  918
-21598.8  1266.15  918
-26251.4  -13410.8  -29504.5  -21598.8  1266.15  19084  919
-21598.8  1266.15  919
-26251.4  -13410.8  -29504.5  -21598.8  1266.15  19084  920
-21598.8  1266.15  920
-26251.4  -13410.8  -29504.5  -21598.8  1266.15  19084  921
-21598.8  1266.15  921
-26251.4  -13410.8  -29504.5  -21598.8  1266.15  19084  922
-21598.8  1266.15  922
-26251.4  -13410.8  -29504.5  -21598.8  1266.15  19084  923
-21598.8  1266.15  923
-26251.4  -13410.8  -29504.5  -21598.8  1266.15  19084  924
-21598.8  1266.15  924
-26251.4  -13410.8  -29504.5  -21598.8  1266.15  19084  925
-21598.8  1266.15  925
-26251.4  -13410.8  -29504.5  -21598.8  1266.15  19084  926
-21598.8  1266.15  926
-26251.4  -13410.8  -29504.5  -21598.8  1266.15  19084  927
-21598.8  1266.15  927
-26251.4  -13410.8  -29504.5  -21598.8  1266.15  19084  928
-21598.8  1266.15  928
-26251.4  -13410.8  -29504.5  -21598.8  1266.15  19084  929
-21598.8  1266.15  929
-26251.4  -13410.8  -29504.5  -21598.8  1266.15  19084  930
-21598.8  1266.15  930
-26251.4  -13410.8  -29504.5  -21598.8  1266.15  19084  931
-21598.8  1266.15  931
-26251.4  -13410.8  -29504.5  -21598.8  1266.15  19084  932
-21598.8  1266.15  932
-26251.4  -13410.8  -29504.5  -21598.8  1266.15  19084  933
-21598.8  1266.15  933
-26251.4  -13410.8  -29504.5  -21598.8  1266.15  19084  934
-21598.8  1266.15  934
-26251.4  -13410.8  -29504.5  -21598.8  1266.15  19084  935
-21598.8  1266.15  935
-26251.4  -13410.8  -29504.5  -21598.8  1266.15  19084  936
-21598.8  1266.15  936
-26251.4  -13410.8  -29504.5  -21598.8  1266.15  19084  937
-21598.8  1266.15  937
-26251.4  -13410.8  -29504.5  -21598.8  1266.15  19084  938
-21598.8  1266.15  938
-26251.4  -13410.8  -29504.5  -21598.8  1266.15  19084  939
-21598.8  1266.15  939
-26251.4  -13410.8  -29504.5  -21598.8  1266.15  19084  940
-21598.8  1266.15  940
-26251.4  -13410.8  -29504.5  -21598.8  1266.15  19084  941
-21598.8  1266.15  941
-26251.4  -13410.8  -29504.5  -21598.8  1266.15  19084  942
-21598.8  1266.15  942
-26251.4  -13410.8  -29504.5  -21598.8  1266.15  19084  943
-21598.8  1266.15  943
-26251.4  -13410.8  -29504.5  -21598.8  1266.15  19084  944
-21598.8  1266.15  944
-26251.4  -13410.8  -29504.5  -21598.8  1266.15  19084  945
-21598.8  1266.15  945
-26251.4  -13410.8  -29504.5  -21598.8  1266.15  19084  946
-21598.8  1266.15  946
-26251.4  -13410.8  -29504.5  -21598.8  1266.15  19084  947
-21598.8  1266.15  947
-26251.4  -13410.8  -29504.5  -21598.8  1266.15  19084  948
-21598.8  1266.15  948
-26251.4  -13410.8  -29504.5  -21598.8  1266.15  19084  949
-21598.8  1266.15  949
-26251.4  -13410.8  -29504.5  -21598.8  1266.15  19084  950
-21598.8  1266.15  950
-26251.4  -13410.8  -29504.5  -21598.8  1266.15  19084  951
-21598.8  1266.15  951
-26251.4  -13410.8  -29504.5  -21598.8  1266.15  19084  952
-21598.8  1266.15  952
-26251.4  -13410.8  -29504.5  -21598.8  1266.15  19084  953
-21598.8  1266.15  953
-26251.4  -13410.8  -29504.5  -21598.8  1266.15  19084  954
-21598.8  1266.15  954
-26251.4  -13410.8  -29504.5  -21598.8  1266.15  19084  955
-21598.8  1266.15  955
-26251.4  -13410.8  -29504.5  -21598.8  1266.15  19084  956
-21598.8  1266.15  956
-26251.4  -13410.8  -29504.5  -21598.8  1266.15  19084  957
-21598.8  1266.15  957
-26251.4  -13410.8  -29504.5  -21598.8  1266.15  19084  958
-21598.8  1266.15  958
-26251.4  -13410.8  -29504.5  -21598.8  1266.15  19084  959
-21598.8  1266.15  959
-26251.4  -13410.8  -29504.5  -21598.8  1266.15  19084  960
-21598.8  1266.15  960
-26251.4  -13410.8  -29504.5  -21598.8  1266.15  19084  961
-21598.8  1266.15  961
-26251.4  -13410.8  -29504.5  -21598.8  1266.15  19084  962
-21598.8  1266.15  962
-26251.4  -13410.8  -29504.5  -21598.8  1266.15  19084  963
-21598.8  1266.15  963
-26251.4  -13410.8  -29504.5  -21598.8  1266.15  19084  964
-21598.8  1266.15  964
-26251.4  -13410.8  -29504.5  -21598.8  1266.15  19084  965
-21598.8  1266.15  965
-26251.4  -13410.8  -29504.5  -21598.8  1266.15  19084  966
-21598.8  1266.15  966
-26251.4  -13410.8  -29504.5  -21598.8  1266.15  19084  967
-21598.8  1266.15  967
-26251.4  -13410.8  -29504.5  -21598.8  1266.15  19084  968
-21598.8  1266.15  968
-26251.4  -13410.8  -29504.5  -21598.8  1266.15  19084  969
-21598.8  1266.15  969
-26251.4  -13410.8  -29504.5  -21598.8  1266.15  19084  970
-21598.8  1266.15  970
-26251.4  -13410.8  -29504.5  -21598.8  1266.15  19084  971
-21598.8  1266.15  971
-26251.4  -13410.8  -29504.5  -21598.8  1266.15  19084  972
-21598.8  1266.15  972
-26251.4  -13410.8  -29504.5  -21598.8  1266.15  19084  973
-21598.8  1266.15  973
-26251.4  -13410.8  -29504.5  -21598.8  1266.15  19084  974
-21598.8  1266.15  974
-26251.4  -13410.8  -29504.5  -21598.8  1266.15  19084  975
-21598.8  1266.15  975
-26251.4  -13410.8  -29504.5  -21598.8  1266.15  19084  976
-21598.8  1266.15  976
-26251.4  -13410.8  -29504.5  -21598.8  1266.15  19084  977
-21598.8  1266.15  977
-26251.4  -13410.8  -29504.5  -21598.8  1266.15  19084  978
-21598.8  1266.15  978
-26251.4  -13410.8  -29504.5  -21598.8  1266.15  19084  979
-21598.8  1266.15  979
-26251.4  -13410.8  -29504.5  -21598.8  1266.15  19084  980
-21598.8  1266.15  980
-26251.4  -13410.8  -29504.5  -21598.8  1266.15  19084  981
-21598.8  1266.15  981
-26251.4  -13410.8  -29504.5  -21598.8  1266.15  19084  982
-21598.8  1266.15  982
-26251.4  -13410.8  -29504.5  -21598.8  1266.15  19084  983
-21598.8  1266.15  983
-26251.4  -13410.8  -29504.5  -21598.8  1266.15  19084  984
-21598.8  1266.15  984
-26251.4  -13410.8  -29504.5  -21598.8  1266.15  19084  985
-21598.8  1266.15  985
-26251.4  -13410.8  -29504.5  -21598.8  1266.15  19084  986
-21598.8  1266.15  986
-26251.4  -13410.8  -29504.5  -21598.8  1266.15  19084  987
-21598.8  1266.15  987
-26251.4  -13410.8  -29504.5  -21598.8  1266.15  19084  988
-21598.8  1266.15  988
-26251.4  -13410.8  -29504.5  -21598.8  1266.15  19084  989
-21598.8  1266.15  989
-26251.4  -13410.8  -29504.5  -21598.8  1266.15  19084  990
-21598.8  1266.15  990
-26251.4  -13410.8  -29504.5  -21598.8  1266.15  19084  991
-21598.8  1266.15  991
-26251.4  -13410.8  -29504.5  -21598.8  1266.15  19084  992
-21598.8  1266.15  992
-26251.4  -13410.8  -29504.5  -21598.8  1266.15  19084  993
-21598.8  1266.15  993
-26251.4  -13410.8  -29504.5  -21598.8  1266.15  19084  994
-21598.8  1266.15  994
-26251.4  -13410.8  -29504.5  -21598.8  1266.15  19084  995
-21598.8  1266.15  995
-26251.4  -13410.8  -29504.5  -21598.8  1266.15  19084  996
-21598.8  1266.15  996
-26251.4  -13410.8  -29504.5  -21598.8  1266.15  19084  997
-21598.8  1266.15  997
-26251.4  -13410.8  -29504.5  -21598.8  1266.15  19084  998
-21598.8  1266.15  998
-26251.4  -13410.8  -29504.5  -21598.8  1266.15  19084  999
-21598.8  1266.15  999
