0            0

0            1

0            2

0            3

0            4

0            5

0            6

0            7

0            8

0            9

0            10

0            11

0            12

0            13

0            14

0            15

0            16

0            17

0            18

0            19

0            20

0            21

0            22

0            23

0            24

0            25

0            26

0            27

0            28

0            29

0            30

0            31

0            32

0            33

0            34

0            35

0            36

0            37

0            38

0            39

0            40

0            41

0            42

0            43

0            44

0            45

0            46

0            47

0            48

0            49

0            50

0            51

0            52

0            53

0            54

0            55

0            56

0            57

0            58

0            59

0            60

0            61

0            62

0            63

0            64

0            65

0            66

0            67

0            68

0            69

0            70

0            71

0            72

0            73

0            74

0            75

0            76

0            77

0            78

0            79

0            80

0            81

0            82

0            83

0            84

0            85

0            86

0            87

0            88

0            89

0            90

0            91

0            92

0            93

0            94

0            95

0            96

0            97

0            98

0            99

0            100

0            101

0            102

0            103

0            104

0            105

0            106

0            107

0            108

0            109

0            110

0            111

0            112

0            113

0            114

0            115

0            116

0            117

0            118

0            119

0            120

0            121

0            122

0            123

0            124

0            125

0            126

0            127

0            128

0            129

0            130

0            131

0            132

0            133

0            134

0            135

0            136

0            137

0            138

0            139

0            140

0            141

0            142

0            143

0            144

0            145

0            146

0            147

0            148

0            149

0            150

0            151

0            152

0            153

0            154

0            155

0            156

0            157

0            158

0            159

0            160

0            161

0            162

0            163

0            164

0            165

0            166

0            167

0            168

0            169

0            170

0            171

0            172

0            173

0            174

0            175

0            176

0            177

0            178

0            179

0            180

0            181

0            182

0            183

0            184

0            185

0            186

0            187

0            188

0            189

0            190

0            191

0            192

0            193

0            194

0            195

0            196

0            197

0            198

0            199

0            200

0            201

0            202

0            203

0            204

0            205

0            206

0            207

0            208

0            209

0            210

0            211

0            212

0            213

0            214

0            215

0            216

0            217

0            218

0            219

0            220

0            221

0            222

0            223

0            224

0            225

0            226

0            227

0            228

0            229

0            230

0            231

0            232

0            233

0            234

0            235

0            236

0            237

0            238

0            239

0            240

0            241

0            242

0            243

0            244

0            245

0            246

0            247

0            248

0            249

0            250

0            251

0            252

0            253

0            254

0            255

0            256

0            257

0            258

0            259

0            260

0            261

0            262

0            263

0            264

0            265

0            266

0            267

0            268

0            269

0            270

0            271

0            272

0            273

0            274

0            275

0            276

0            277

0            278

0            279

0            280

0            281

0            282

0            283

0            284

0            285

0            286

0            287

0            288

0            289

0            290

0            291

0            292

0            293

0            294

0            295

0            296

0            297

0            298

0            299

0            300

0            301

0            302

0            303

0            304

0            305

0            306

0            307

0            308

0            309

0            310

0            311

0            312

0            313

0            314

0            315

0            316

0            317

0            318

0            319

0            320

0            321

0            322

0            323

0            324

0            325

0            326

0            327

0            328

0            329

0            330

0            331

0            332

0            333

0            334

0            335

0            336

0            337

0            338

0            339

0            340

0            341

0            342

0            343

0            344

0            345

0            346

0            347

0            348

0            349

0            350

0            351

0            352

0            353

0            354

0            355

0            356

0            357

0            358

0            359

0            360

0            361

0            362

0            363

0            364

0            365

0            366

0            367

0            368

0            369

0            370

0            371

0            372

0            373

0            374

0            375

0            376

0            377

0            378

0            379

0            380

0            381

0            382

0            383

0            384

0            385

0            386

0            387

0            388

0            389

0            390

0            391

0            392

0            393

0            394

0            395

0            396

0            397

0            398

0            399

0            400

0            401

0            402

0            403

0            404

0            405

0            406

0            407

0            408

0            409

0            410

0            411

0            412

0            413

0            414

0            415

0            416

0            417

0            418

0            419

0            420

0            421

0            422

0            423

0            424

0            425

0            426

0            427

0            428

0            429

0            430

0            431

0            432

0            433

0            434

0            435

0            436

0            437

0            438

0            439

0            440

0            441

0            442

0            443

0            444

0            445

0            446

0            447

0            448

0            449

0            450

0            451

0            452

0            453

0            454

0            455

0            456

0            457

0            458

0            459

0            460

0            461

0            462

0            463

0            464

0            465

0            466

0            467

0            468

0            469

0            470

0            471

0            472

0            473

0            474

0            475

0            476

0            477

0            478

0            479

0            480

0            481

0            482

0            483

0            484

0            485

0            486

0            487

0            488

0            489

0            490

0            491

0            492

0            493

0            494

0            495

0            496

0            497

0            498

0            499

0            500

0            501

0            502

0            503

0            504

0            505

0            506

0            507

0            508

0            509

0            510

0            511

0            512

0            513

0            514

0            515

0            516

0            517

0            518

0            519

0            520

0            521

0            522

0            523

0            524

0            525

0            526

0            527

0            528

0            529

0            530

0            531

0            532

0            533

0            534

0            535

0            536

0            537

0            538

0            539

0            540

0            541

0            542

0            543

0            544

0            545

0            546

0            547

0            548

0            549

0            550

0            551

0            552

0            553

0            554

0            555

0            556

0            557

0            558

0            559

0            560

0            561

0            562

0            563

0            564

0            565

0            566

0            567

0            568

0            569

0            570

0            571

0            572

0            573

0            574

0            575

0            576

0            577

0            578

0            579

0            580

0            581

0            582

0            583

0            584

0            585

0            586

0            587

0            588

0            589

0            590

0            591

0            592

0            593

0            594

0            595

0            596

0            597

0            598

0            599

0            600

0            601

0            602

0            603

0            604

0            605

0            606

0            607

0            608

0            609

0            610

0            611

0            612

0            613

0            614

0            615

0            616

0            617

0            618

0            619

0            620

0            621

0            622

0            623

0            624

0            625

0            626

0            627

0            628

0            629

0            630

0            631

0            632

0            633

0            634

0            635

0            636

0            637

0            638

0            639

0            640

0            641

0            642

0            643

0            644

0            645

0            646

0            647

0            648

0            649

0            650

0            651

0            652

0            653

0            654

0            655

0            656

0            657

0            658

0            659

0            660

0            661

0            662

0            663

0            664

0            665

0            666

0            667

0            668

0            669

0            670

0            671

0            672

0            673

0            674

0            675

0            676

0            677

0            678

0            679

0            680

0            681

0            682

0            683

0            684

0            685

0            686

0            687

0            688

0            689

0            690

0            691

0            692

0            693

0            694

0            695

0            696

0            697

0            698

0            699

0            700

0            701

0            702

0            703

0            704

0            705

0            706

0            707

0            708

0            709

0            710

0            711

0            712

0            713

0            714

0            715

0            716

0            717

0            718

0            719

0            720

0            721

0            722

0            723

0            724

0            725

0            726

0            727

0            728

0            729

0            730

0            731

0            732

0            733

0            734

0            735

0            736

0            737

0            738

0            739

0            740

0            741

0            742

0            743

0            744

0            745

0            746

0            747

0            748

0            749

0            750

0            751

0            752

0            753

0            754

0            755

0            756

0            757

0            758

0            759

0            760

0            761

0            762

0            763

0            764

0            765

0            766

0            767

0            768

0            769

0            770

0            771

0            772

0            773

0            774

0            775

0            776

0            777

0            778

0            779

0            780

0            781

0            782

0            783

0            784

0            785

0            786

0            787

0            788

0            789

0            790

0            791

0            792

0            793

0            794

0            795

0            796

0            797

0            798

0            799

0            800

0            801

0            802

0            803

0            804

0            805

0            806

0            807

0            808

0            809

0            810

0            811

0            812

0            813

0            814

0            815

0            816

0            817

0            818

0            819

0            820

0            821

0            822

0            823

0            824

0            825

0            826

0            827

0            828

0            829

0            830

0            831

0            832

0            833

0            834

0            835

0            836

0            837

0            838

0            839

0            840

0            841

0            842

0            843

0            844

0            845

0            846

0            847

0            848

0            849

0            850

0            851

0            852

0            853

0            854

0            855

0            856

0            857

0            858

0            859

0            860

0            861

0            862

0            863

0            864

0            865

0            866

0            867

0            868

0            869

0            870

0            871

0            872

0            873

0            874

0            875

0            876

0            877

0            878

0            879

0            880

0            881

0            882

0            883

0            884

0            885

0            886

0            887

0            888

0            889

0            890

0            891

0            892

0            893

0            894

0            895

0            896

0            897

0            898

0            899

0            900

0            901

0            902

0            903

0            904

0            905

0            906

0            907

0            908

0            909

0            910

0            911

0            912

0            913

0            914

0            915

0            916

0            917

0            918

0            919

0            920

0            921

0            922

0            923

0            924

0            925

0            926

0            927

0            928

0            929

0            930

0            931

0            932

0            933

0            934

0            935

0            936

0            937

0            938

0            939

0            940

0            941

0            942

0            943

0            944

0            945

0            946

0            947

0            948

0            949

0            950

0            951

0            952

0            953

0            954

0            955

0            956

0            957

0            958

0            959

0            960

0            961

0            962

0            963

0            964

0            965

0            966

0            967

0            968

0            969

0            970

0            971

0            972

0            973

0            974

0            975

0            976

0            977

0            978

0            979

0            980

0            981

0            982

0            983

0            984

0            985

0            986

0            987

0            988

0            989

0            990

0            991

0            992

0            993

0            994

0            995

0            996

0            997

0            998

0            999

0            1000

0            1001

0            1002

0            1003

0            1004

0            1005

0            1006

0            1007

0            1008

0            1009

0            1010

0            1011

0            1012

0            1013

0            1014

0            1015

0            1016

0            1017

0            1018

0            1019

0            1020

0            1021

0            1022

0            1023

0            1024

0            1025

0            1026

0            1027

0            1028

0            1029

0            1030

0            1031

0            1032

0            1033

0            1034

0            1035

0            1036

0            1037

0            1038

0            1039

0            1040

0            1041

0            1042

0            1043

0            1044

0            1045

0            1046

0            1047

0            1048

0            1049

0            1050

0            1051

0            1052

0            1053

0            1054

0            1055

0            1056

0            1057

0            1058

0            1059

0            1060

0            1061

0            1062

0            1063

0            1064

0            1065

0            1066

0            1067

0            1068

0            1069

0            1070

0            1071

0            1072

0            1073

0            1074

0            1075

0            1076

0            1077

0            1078

0            1079

0            1080

0            1081

0            1082

0            1083

0            1084

0            1085

0            1086

0            1087

0            1088

0            1089

0            1090

0            1091

0            1092

0            1093

0            1094

0            1095

0            1096

0            1097

0            1098

0            1099

0            1100

0            1101

0            1102

0            1103

0            1104

0            1105

0            1106

0            1107

0            1108

0            1109

0            1110

0            1111

0            1112

0            1113

0            1114

0            1115

0            1116

0            1117

0            1118

0            1119

0            1120

0            1121

0            1122

0            1123

0            1124

0            1125

0            1126

0            1127

0            1128

0            1129

0            1130

0            1131

0            1132

0            1133

0            1134

0            1135

0            1136

0            1137

0            1138

0            1139

0            1140

0            1141

0.01            1142

0.01            1143

0.01            1144

0.01            1145

0.02            1146

0.02            1147

0.02            1148

0.02            1149

0.03            1150

0.03            1151

0.03            1152

0.03            1153

0.03            1154

0.03            1155

0.04            1156

0.04            1157

0.04            1158

0.04            1159

0.04            1160

0.04            1161

0.04            1162

0.04            1163

0.04            1164

0.04            1165

0.04            1166

0.04            1167

0.03            1168

0.04            1169

0.05            1170

0.05            1171

0.05            1172

0.05            1173

0.05            1174

0.05            1175

0.05            1176

0.05            1177

0.05            1178

0.05            1179

0.05            1180

0.05            1181

0.05            1182

0.05            1183

0.05            1184

0.05            1185

0.06            1186

0.06            1187

0.06            1188

0.06            1189

0.06            1190

0.06            1191

0.06            1192

0.06            1193

0.07            1194

0.07            1195

0.07            1196

0.07            1197

0.07            1198

0.07            1199

0.07            1200

0.07            1201

0.07            1202

0.07            1203

0.07            1204

0.07            1205

0.07            1206

0.07            1207

0.07            1208

0.07            1209

0.07            1210

0.07            1211

0.07            1212

0.07            1213

0.07            1214

0.07            1215

0.07            1216

0.07            1217

0.07            1218

0.07            1219

0.07            1220

0.07            1221

0.07            1222

0.07            1223

0.07            1224

0.07            1225

0.07            1226

0.07            1227

0.07            1228

0.07            1229

0.07            1230

0.07            1231

0.07            1232

0.07            1233

0.07            1234

0.07            1235

0.07            1236

0.07            1237

0.07            1238

0.07            1239

0.07            1240

0.07            1241

0.07            1242

0.07            1243

0.07            1244

0.07            1245

0.07            1246

0.07            1247

0.07            1248

0.07            1249

0.07            1250

0.07            1251

0.07            1252

0.08            1253

0.08            1254

0.08            1255

0.08            1256

0.08            1257

0.08            1258

0.08            1259

0.08            1260

0.08            1261

0.08            1262

0.08            1263

0.08            1264

0.08            1265

0.08            1266

0.08            1267

0.08            1268

0.08            1269

0.08            1270

0.08            1271

0.08            1272

0.08            1273

0.08            1274

0.08            1275

0.08            1276

0.08            1277

0.08            1278

0.08            1279

0.08            1280

0.08            1281

0.08            1282

0.09            1283

0.09            1284

0.09            1285

0.09            1286

0.09            1287

0.09            1288

0.09            1289

0.09            1290

0.09            1291

0.09            1292

0.09            1293

0.09            1294

0.09            1295

0.09            1296

0.09            1297

0.09            1298

0.09            1299

0.09            1300

0.09            1301

0.09            1302

0.09            1303

0.09            1304

0.09            1305

0.09            1306

0.09            1307

0.09            1308

0.09            1309

0.09            1310

0.09            1311

0.09            1312

0.09            1313

0.09            1314

0.09            1315

0.09            1316

0.09            1317

0.09            1318

0.09            1319

0.09            1320

0.09            1321

0.09            1322

0.09            1323

0.09            1324

0.09            1325

0.09            1326

0.09            1327

0.09            1328

0.09            1329

0.09            1330

0.09            1331

0.09            1332

0.09            1333

0.09            1334

0.09            1335

0.09            1336

0.09            1337

0.09            1338

0.09            1339

0.09            1340

0.09            1341

0.09            1342

0.09            1343

0.09            1344

0.09            1345

0.09            1346

0.09            1347

0.09            1348

0.09            1349

0.09            1350

0.09            1351

0.09            1352

0.09            1353

0.09            1354

0.09            1355

0.09            1356

0.09            1357

0.09            1358

0.09            1359

0.09            1360

0.09            1361

0.09            1362

0.09            1363

0.09            1364

0.09            1365

0.09            1366

0.09            1367

0.09            1368

0.09            1369

0.09            1370

0.09            1371

0.09            1372

0.09            1373

0.09            1374

0.09            1375

0.09            1376

0.09            1377

0.09            1378

0.09            1379

0.09            1380

0.09            1381

0.09            1382

0.09            1383

0.09            1384

0.09            1385

0.09            1386

0.09            1387

0.09            1388

0.09            1389

0.09            1390

0.09            1391

0.09            1392

0.09            1393

0.09            1394

0.09            1395

0.09            1396

0.09            1397

0.09            1398

0.09            1399

0.09            1400

0.09            1401

0.09            1402

0.09            1403

0.09            1404

0.09            1405

0.09            1406

0.09            1407

0.09            1408

0.09            1409

0.09            1410

0.09            1411

0.09            1412

0.09            1413

0.09            1414

0.09            1415

0.09            1416

0.09            1417

0.09            1418

0.09            1419

0.09            1420

0.09            1421

0.09            1422

0.09            1423

0.09            1424

0.09            1425

0.09            1426

0.09            1427

0.09            1428

0.09            1429

0.09            1430

0.09            1431

0.09            1432

0.09            1433

0.09            1434

0.09            1435

0.09            1436

0.09            1437

0.09            1438

0.1            1439

0.1            1440

0.1            1441

0.1            1442

0.1            1443

0.1            1444

0.1            1445

0.1            1446

0.1            1447

0.1            1448

0.1            1449

0.1            1450

0.1            1451

0.1            1452

0.1            1453

0.1            1454

0.1            1455

0.1            1456

0.1            1457

0.1            1458

0.1            1459

0.1            1460

0.1            1461

0.1            1462

0.1            1463

0.1            1464

0.1            1465

0.1            1466

0.1            1467

0.1            1468

0.1            1469

0.1            1470

0.1            1471

0.1            1472

0.1            1473

0.1            1474

0.11            1475

0.11            1476

0.11            1477

0.11            1478

0.11            1479

0.11            1480

0.11            1481

0.11            1482

0.11            1483

0.11            1484

0.11            1485

0.11            1486

0.11            1487

0.11            1488

0.11            1489

0.11            1490

0.11            1491

0.11            1492

0.11            1493

0.11            1494

0.11            1495

0.11            1496

0.11            1497

0.11            1498

0.11            1499

0.11            1500

0.11            1501

0.11            1502

0.11            1503

0.11            1504

0.11            1505

0.11            1506

0.11            1507

0.11            1508

0.11            1509

0.11            1510

0.11            1511

0.11            1512

0.11            1513

0.11            1514

0.11            1515

0.11            1516

0.11            1517

0.11            1518

0.11            1519

0.11            1520

0.11            1521

0.11            1522

0.11            1523

0.11            1524

0.11            1525

0.11            1526

0.11            1527

0.11            1528

0.11            1529

0.11            1530

0.11            1531

0.11            1532

0.11            1533

0.11            1534

0.11            1535

0.11            1536

0.11            1537

0.11            1538

0.11            1539

0.11            1540

0.11            1541

0.11            1542

0.11            1543

0.11            1544

0.11            1545

0.11            1546

0.11            1547

0.11            1548

0.11            1549

0.11            1550

0.11            1551

0.11            1552

0.11            1553

0.11            1554

0.11            1555

0.11            1556

0.11            1557

0.11            1558

0.11            1559

0.11            1560

0.11            1561

0.11            1562

0.11            1563

0.11            1564

0.11            1565

0.11            1566

0.11            1567

0.11            1568

0.11            1569

0.11            1570

0.11            1571

0.11            1572

0.11            1573

0.11            1574

0.11            1575

0.11            1576

0.11            1577

0.11            1578

0.11            1579

0.11            1580

0.11            1581

0.11            1582

0.11            1583

0.11            1584

0.11            1585

0.11            1586

0.11            1587

0.11            1588

0.11            1589

0.11            1590

0.11            1591

0.11            1592

0.11            1593

0.11            1594

0.11            1595

0.11            1596

0.11            1597

0.11            1598

0.11            1599

0.11            1600

0.11            1601

0.11            1602

0.11            1603

0.11            1604

0.11            1605

0.11            1606

0.11            1607

0.11            1608

0.11            1609

0.11            1610

0.11            1611

0.11            1612

0.11            1613

0.11            1614

0.11            1615

0.11            1616

0.11            1617

0.11            1618

0.11            1619

0.11            1620

0.11            1621

0.11            1622

0.11            1623

0.11            1624

0.11            1625

0.11            1626

0.11            1627

0.11            1628

0.11            1629

0.11            1630

0.11            1631

0.11            1632

0.11            1633

0.11            1634

0.11            1635

0.11            1636

0.11            1637

0.11            1638

0.11            1639

0.11            1640

0.11            1641

0.11            1642

0.11            1643

0.11            1644

0.11            1645

0.11            1646

0.11            1647

0.11            1648

0.11            1649

0.11            1650

0.11            1651

0.11            1652

0.11            1653

0.11            1654

0.11            1655

0.11            1656

0.11            1657

0.11            1658

0.11            1659

0.11            1660

0.11            1661

0.11            1662

0.11            1663

0.11            1664

0.11            1665

0.11            1666

0.11            1667

0.11            1668

0.11            1669

0.11            1670

0.11            1671

0.11            1672

0.11            1673

0.11            1674

0.11            1675

0.11            1676

0.11            1677

0.11            1678

0.11            1679

0.11            1680

0.11            1681

0.11            1682

0.11            1683

0.11            1684

0.11            1685

0.11            1686

0.11            1687

0.11            1688

0.11            1689

0.11            1690

0.11            1691

0.11            1692

0.11            1693

0.11            1694

0.11            1695

0.11            1696

0.11            1697

0.11            1698

0.11            1699

0.11            1700

0.11            1701

0.11            1702

0.11            1703

0.11            1704

0.11            1705

0.11            1706

0.11            1707

0.11            1708

0.11            1709

0.11            1710

0.11            1711

0.11            1712

0.11            1713

0.11            1714

0.11            1715

0.11            1716

0.11            1717

0.11            1718

0.11            1719

0.11            1720

0.11            1721

0.11            1722

0.11            1723

0.11            1724

0.11            1725

0.11            1726

0.11            1727

0.11            1728

0.11            1729

0.11            1730

0.11            1731

0.11            1732

0.11            1733

0.11            1734

0.11            1735

0.11            1736

0.11            1737

0.11            1738

0.11            1739

0.11            1740

0.11            1741

0.11            1742

0.11            1743

0.11            1744

0.11            1745

0.11            1746

0.11            1747

0.11            1748

0.11            1749

0.11            1750

0.11            1751

0.11            1752

0.11            1753

0.11            1754

0.11            1755

0.11            1756

0.11            1757

0.11            1758

0.11            1759

0.11            1760

0.11            1761

0.11            1762

0.11            1763

0.11            1764

0.11            1765

0.11            1766

0.11            1767

0.11            1768

0.11            1769

0.11            1770

0.11            1771

0.11            1772

0.11            1773

0.11            1774

0.11            1775

0.11            1776

0.11            1777

0.11            1778

0.11            1779

0.11            1780

0.11            1781

0.11            1782

0.11            1783

0.11            1784

0.11            1785

0.11            1786

0.11            1787

0.11            1788

0.11            1789

0.11            1790

0.11            1791

0.11            1792

0.11            1793

0.11            1794

0.11            1795

0.11            1796

0.11            1797

0.11            1798

0.11            1799

0.11            1800

0.11            1801

0.11            1802

0.11            1803

0.11            1804

0.11            1805

0.11            1806

0.11            1807

0.11            1808

0.11            1809

0.11            1810

0.11            1811

0.11            1812

0.11            1813

0.11            1814

0.11            1815

0.11            1816

0.11            1817

0.11            1818

0.11            1819

0.11            1820

0.11            1821

0.11            1822

0.11            1823

0.11            1824

0.11            1825

0.11            1826

0.11            1827

0.11            1828

0.11            1829

0.11            1830

0.11            1831

0.11            1832

0.11            1833

0.11            1834

0.11            1835

0.11            1836

0.11            1837

0.11            1838

0.11            1839

0.11            1840

0.11            1841

0.11            1842

0.11            1843

0.11            1844

0.11            1845

0.11            1846

0.11            1847

0.11            1848

0.11            1849

0.11            1850

0.11            1851

0.11            1852

0.11            1853

0.11            1854

0.11            1855

0.11            1856

0.11            1857

0.11            1858

0.11            1859

0.11            1860

0.11            1861

0.11            1862

0.11            1863

0.11            1864

0.11            1865

0.11            1866

0.11            1867

0.11            1868

0.11            1869

0.11            1870

0.11            1871

0.11            1872

0.11            1873

0.11            1874

0.11            1875

0.11            1876

0.11            1877

0.11            1878

0.11            1879

0.11            1880

0.11            1881

0.11            1882

0.11            1883

0.11            1884

0.11            1885

0.11            1886

0.11            1887

0.11            1888

0.11            1889

0.11            1890

0.11            1891

0.11            1892

0.11            1893

0.11            1894

0.11            1895

0.11            1896

0.11            1897

0.11            1898

0.11            1899

0.11            1900

0.11            1901

0.11            1902

0.11            1903

0.11            1904

0.11            1905

0.11            1906

0.11            1907

0.11            1908

0.11            1909

0.11            1910

0.11            1911

0.11            1912

0.11            1913

0.11            1914

0.11            1915

0.11            1916

0.11            1917

0.11            1918

0.11            1919

0.11            1920

0.11            1921

0.11            1922

0.11            1923

0.11            1924

0.11            1925

0.11            1926

0.11            1927

0.11            1928

0.11            1929

0.11            1930

0.11            1931

0.11            1932

0.11            1933

0.11            1934

0.11            1935

0.11            1936

0.11            1937

0.11            1938

0.11            1939

0.11            1940

0.11            1941

0.11            1942

0.11            1943

0.11            1944

0.11            1945

0.11            1946

0.11            1947

0.11            1948

0.11            1949

0.11            1950

0.11            1951

0.11            1952

0.11            1953

0.11            1954

0.11            1955

0.11            1956

0.11            1957

0.11            1958

0.11            1959

0.11            1960

0.11            1961

0.11            1962

0.11            1963

0.11            1964

0.11            1965

0.11            1966

0.11            1967

0.11            1968

0.11            1969

0.11            1970

0.11            1971

0.11            1972

0.11            1973

0.11            1974

0.11            1975

0.11            1976

0.11            1977

0.11            1978

0.11            1979

0.11            1980

0.11            1981

0.11            1982

0.11            1983

0.11            1984

0.11            1985

0.11            1986

0.11            1987

0.11            1988

0.11            1989

0.11            1990

0.11            1991

0.11            1992

0.11            1993

0.11            1994

0.11            1995

0.11            1996

0.11            1997

0.11            1998

0.11            1999

0.11            2000

0.11            2001

0.11            2002

0.11            2003

0.11            2004

0.11            2005

0.11            2006

0.11            2007

0.11            2008

0.11            2009

0.11            2010

0.11            2011

0.11            2012

0.11            2013

0.11            2014

0.11            2015

0.11            2016

0.11            2017

0.11            2018

0.11            2019

0.11            2020

0.11            2021

0.11            2022

0.11            2023

0.11            2024

0.11            2025

0.11            2026

0.11            2027

0.11            2028

0.11            2029

0.11            2030

0.11            2031

0.11            2032

0.11            2033

0.11            2034

0.11            2035

0.11            2036

0.11            2037

0.11            2038

0.11            2039

0.11            2040

0.11            2041

0.11            2042

0.11            2043

0.11            2044

0.11            2045

0.11            2046

0.11            2047

0.11            2048

0.12            2049

0.12            2050

0.12            2051

0.12            2052

0.12            2053

0.12            2054

0.12            2055

0.12            2056

0.12            2057

0.12            2058

0.12            2059

0.12            2060

0.12            2061

0.12            2062

0.12            2063

0.12            2064

0.12            2065

0.12            2066

0.12            2067

0.12            2068

0.12            2069

0.12            2070

0.12            2071

0.12            2072

0.12            2073

0.12            2074

0.12            2075

0.12            2076

0.12            2077

0.12            2078

0.12            2079

0.12            2080

0.12            2081

0.12            2082

0.12            2083

0.12            2084

0.12            2085

0.12            2086

0.12            2087

0.12            2088

0.12            2089

0.12            2090

0.12            2091

0.12            2092

0.12            2093

0.12            2094

0.12            2095

0.12            2096

0.12            2097

0.12            2098

0.12            2099

0.12            2100

0.12            2101

0.12            2102

0.12            2103

0.12            2104

0.12            2105

0.12            2106

0.12            2107

0.12            2108

0.12            2109

0.12            2110

0.12            2111

0.12            2112

0.12            2113

0.12            2114

0.12            2115

0.12            2116

0.12            2117

0.12            2118

0.12            2119

0.12            2120

0.12            2121

0.12            2122

0.12            2123

0.12            2124

0.12            2125

0.12            2126

0.12            2127

0.12            2128

0.12            2129

0.12            2130

0.12            2131

0.12            2132

0.12            2133

0.12            2134

0.12            2135

0.12            2136

0.12            2137

0.12            2138

0.12            2139

0.12            2140

0.12            2141

0.12            2142

0.12            2143

0.12            2144

0.12            2145

0.12            2146

0.12            2147

0.12            2148

0.12            2149

0.12            2150

0.12            2151

0.12            2152

0.12            2153

0.12            2154

0.12            2155

0.12            2156

0.12            2157

0.12            2158

0.12            2159

0.12            2160

0.12            2161

0.12            2162

0.12            2163

0.12            2164

0.12            2165

0.12            2166

0.12            2167

0.12            2168

0.12            2169

0.12            2170

0.12            2171

0.12            2172

0.12            2173

0.12            2174

0.12            2175

0.12            2176

0.12            2177

0.12            2178

0.12            2179

0.12            2180

0.12            2181

0.12            2182

0.12            2183

0.12            2184

0.12            2185

0.12            2186

0.12            2187

0.12            2188

0.12            2189

0.12            2190

0.12            2191

0.12            2192

0.12            2193

0.12            2194

0.12            2195

0.12            2196

0.12            2197

0.12            2198

0.12            2199

0.12            2200

0.12            2201

0.12            2202

0.12            2203

0.12            2204

0.12            2205

0.12            2206

0.12            2207

0.12            2208

0.12            2209

0.12            2210

0.12            2211

0.12            2212

0.12            2213

0.12            2214

0.12            2215

0.12            2216

0.12            2217

0.12            2218

0.12            2219

0.12            2220

0.12            2221

0.12            2222

0.12            2223

0.12            2224

0.12            2225

0.12            2226

0.12            2227

0.12            2228

0.12            2229

0.12            2230

0.12            2231

0.12            2232

0.12            2233

0.12            2234

0.12            2235

0.12            2236

0.12            2237

0.12            2238

0.12            2239

0.12            2240

0.12            2241

0.12            2242

0.12            2243

0.12            2244

0.12            2245

0.12            2246

0.12            2247

0.12            2248

0.12            2249

0.12            2250

0.12            2251

0.12            2252

0.12            2253

0.12            2254

0.12            2255

0.12            2256

0.12            2257

0.12            2258

0.12            2259

0.12            2260

0.12            2261

0.12            2262

0.12            2263

0.12            2264

0.12            2265

0.12            2266

0.12            2267

0.12            2268

0.12            2269

0.12            2270

0.12            2271

0.12            2272

0.12            2273

0.12            2274

0.12            2275

0.12            2276

0.12            2277

0.12            2278

0.12            2279

0.12            2280

0.12            2281

0.12            2282

0.12            2283

0.12            2284

0.12            2285

0.12            2286

0.12            2287

0.12            2288

0.12            2289

0.12            2290

0.12            2291

0.12            2292

0.12            2293

0.12            2294

0.12            2295

0.12            2296

0.12            2297

0.12            2298

0.12            2299

0.12            2300

0.12            2301

0.12            2302

0.12            2303

0.12            2304

0.12            2305

0.12            2306

0.12            2307

0.12            2308

0.12            2309

0.12            2310

0.12            2311

0.12            2312

0.12            2313

0.12            2314

0.12            2315

0.12            2316

0.12            2317

0.12            2318

0.12            2319

0.12            2320

0.12            2321

0.12            2322

0.12            2323

0.12            2324

0.12            2325

0.12            2326

0.12            2327

0.12            2328

0.12            2329

0.12            2330

0.12            2331

0.12            2332

0.12            2333

0.12            2334

0.12            2335

0.12            2336

0.12            2337

0.12            2338

0.12            2339

0.12            2340

0.12            2341

0.12            2342

0.12            2343

0.12            2344

0.12            2345

0.12            2346

0.12            2347

0.12            2348

0.12            2349

0.12            2350

0.12            2351

0.12            2352

0.12            2353

0.12            2354

0.12            2355

0.12            2356

0.12            2357

0.12            2358

0.12            2359

0.12            2360

0.12            2361

0.12            2362

0.12            2363

0.12            2364

0.12            2365

0.12            2366

0.12            2367

0.12            2368

0.12            2369

0.12            2370

0.12            2371

0.12            2372

0.12            2373

0.12            2374

0.12            2375

0.12            2376

0.12            2377

0.12            2378

0.12            2379

0.12            2380

0.12            2381

0.12            2382

0.12            2383

0.12            2384

0.12            2385

0.12            2386

0.12            2387

0.12            2388

0.12            2389

0.12            2390

0.12            2391

0.12            2392

0.12            2393

0.12            2394

0.12            2395

0.12            2396

0.12            2397

0.12            2398

0.12            2399

0.12            2400

0.12            2401

0.12            2402

0.12            2403

0.12            2404

0.12            2405

0.12            2406

0.12            2407

0.12            2408

0.12            2409

0.12            2410

0.12            2411

0.12            2412

0.12            2413

0.12            2414

0.12            2415

0.12            2416

0.12            2417

0.12            2418

0.12            2419

0.12            2420

0.12            2421

0.12            2422

0.12            2423

0.12            2424

0.12            2425

0.12            2426

0.12            2427

0.12            2428

0.12            2429

0.12            2430

0.12            2431

0.12            2432

0.12            2433

0.12            2434

0.12            2435

0.12            2436

0.12            2437

0.12            2438

0.12            2439

0.12            2440

0.12            2441

0.12            2442

0.12            2443

0.12            2444

0.12            2445

0.12            2446

0.12            2447

0.12            2448

0.12            2449

0.12            2450

0.12            2451

0.12            2452

0.12            2453

0.12            2454

0.12            2455

0.12            2456

0.12            2457

0.12            2458

0.12            2459

0.12            2460

0.12            2461

0.12            2462

0.12            2463

0.12            2464

0.12            2465

0.12            2466

0.12            2467

0.12            2468

0.12            2469

0.12            2470

0.12            2471

0.12            2472

0.12            2473

0.12            2474

0.12            2475

0.12            2476

0.12            2477

0.12            2478

0.12            2479

0.12            2480

0.12            2481

0.12            2482

0.12            2483

0.12            2484

0.12            2485

0.12            2486

0.12            2487

0.12            2488

0.12            2489

0.12            2490

0.12            2491

0.12            2492

0.12            2493

0.12            2494

0.12            2495

0.12            2496

0.12            2497

0.12            2498

0.12            2499

0.12            2500

0.12            2501

0.12            2502

0.12            2503

0.12            2504

0.12            2505

0.12            2506

0.12            2507

0.12            2508

0.12            2509

0.12            2510

0.12            2511

0.12            2512

0.12            2513

0.12            2514

0.12            2515

0.12            2516

0.12            2517

0.12            2518

0.12            2519

0.12            2520

0.12            2521

0.12            2522

0.12            2523

0.12            2524

0.12            2525

0.12            2526

0.12            2527

0.12            2528

0.12            2529

0.12            2530

0.12            2531

0.12            2532

0.12            2533

0.12            2534

0.12            2535

0.12            2536

0.12            2537

0.12            2538

0.12            2539

0.12            2540

0.12            2541

0.12            2542

0.12            2543

0.12            2544

0.12            2545

0.12            2546

0.12            2547

0.12            2548

0.12            2549

0.12            2550

0.12            2551

0.12            2552

0.12            2553

0.12            2554

0.12            2555

0.12            2556

0.12            2557

0.12            2558

0.12            2559

0.12            2560

0.12            2561

0.12            2562

0.12            2563

0.12            2564

0.12            2565

0.12            2566

0.12            2567

0.12            2568

0.12            2569

0.12            2570

0.12            2571

0.12            2572

0.12            2573

0.12            2574

0.12            2575

0.12            2576

0.12            2577

0.12            2578

0.12            2579

0.12            2580

0.12            2581

0.12            2582

0.12            2583

0.12            2584

0.12            2585

0.12            2586

0.12            2587

0.12            2588

0.12            2589

0.12            2590

0.12            2591

0.12            2592

0.12            2593

0.12            2594

0.12            2595

0.12            2596

0.12            2597

0.12            2598

0.12            2599

0.12            2600

0.12            2601

0.12            2602

0.12            2603

0.12            2604

0.12            2605

0.12            2606

0.12            2607

0.12            2608

0.12            2609

0.12            2610

0.12            2611

0.12            2612

0.12            2613

0.12            2614

0.12            2615

0.12            2616

0.12            2617

0.12            2618

0.12            2619

0.12            2620

0.12            2621

0.12            2622

0.12            2623

0.12            2624

0.12            2625

0.12            2626

0.12            2627

0.12            2628

0.12            2629

0.12            2630

0.12            2631

0.12            2632

0.12            2633

0.12            2634

0.12            2635

0.12            2636

0.12            2637

0.12            2638

0.12            2639

0.12            2640

0.12            2641

0.12            2642

0.12            2643

0.12            2644

0.12            2645

0.12            2646

0.12            2647

0.12            2648

0.12            2649

0.12            2650

0.12            2651

0.12            2652

0.12            2653

0.12            2654

0.12            2655

0.12            2656

0.12            2657

0.12            2658

0.12            2659

0.12            2660

0.12            2661

0.12            2662

0.12            2663

0.12            2664

0.12            2665

0.12            2666

0.12            2667

0.12            2668

0.12            2669

0.12            2670

0.12            2671

0.12            2672

0.12            2673

0.12            2674

0.12            2675

0.12            2676

0.12            2677

0.12            2678

0.12            2679

0.12            2680

0.12            2681

0.12            2682

0.12            2683

0.12            2684

0.12            2685

0.12            2686

0.12            2687

0.12            2688

0.12            2689

0.12            2690

0.12            2691

0.12            2692

0.12            2693

0.12            2694

0.12            2695

0.12            2696

0.12            2697

0.12            2698

0.12            2699

0.12            2700

0.12            2701

0.12            2702

0.12            2703

0.12            2704

0.12            2705

0.12            2706

0.12            2707

0.12            2708

0.12            2709

0.12            2710

0.12            2711

0.12            2712

0.12            2713

0.12            2714

0.12            2715

0.12            2716

0.12            2717

0.12            2718

0.12            2719

0.12            2720

0.12            2721

0.12            2722

0.12            2723

0.12            2724

0.12            2725

0.12            2726

0.12            2727

0.12            2728

0.12            2729

0.12            2730

0.12            2731

0.12            2732

0.12            2733

0.12            2734

0.12            2735

0.12            2736

0.12            2737

0.12            2738

0.12            2739

0.12            2740

0.12            2741

0.12            2742

0.12            2743

0.12            2744

0.12            2745

0.12            2746

0.12            2747

0.12            2748

0.12            2749

0.12            2750

0.12            2751

0.12            2752

0.12            2753

0.12            2754

0.12            2755

0.12            2756

0.12            2757

0.12            2758

0.12            2759

0.12            2760

0.12            2761

0.12            2762

0.12            2763

0.12            2764

0.12            2765

0.12            2766

0.12            2767

0.12            2768

0.12            2769

0.12            2770

0.12            2771

0.12            2772

0.12            2773

0.12            2774

0.12            2775

0.12            2776

0.12            2777

0.12            2778

0.12            2779

0.12            2780

0.12            2781

0.12            2782

0.12            2783

0.12            2784

0.12            2785

0.12            2786

0.12            2787

0.12            2788

0.12            2789

0.12            2790

0.12            2791

0.12            2792

0.12            2793

0.12            2794

0.12            2795

0.12            2796

0.12            2797

0.12            2798

0.12            2799

0.12            2800

0.12            2801

0.12            2802

0.12            2803

0.12            2804

0.12            2805

0.12            2806

0.12            2807

0.12            2808

0.12            2809

0.12            2810

0.12            2811

0.12            2812

0.12            2813

0.12            2814

0.12            2815

0.12            2816

0.12            2817

0.12            2818

0.12            2819

0.12            2820

0.12            2821

0.12            2822

0.12            2823

0.12            2824

0.12            2825

0.12            2826

0.12            2827

0.12            2828

0.12            2829

0.12            2830

0.12            2831

0.12            2832

0.12            2833

0.12            2834

0.12            2835

0.12            2836

0.12            2837

0.12            2838

0.12            2839

0.12            2840

0.12            2841

0.12            2842

0.12            2843

0.12            2844

0.12            2845

0.12            2846

0.12            2847

0.12            2848

0.12            2849

0.12            2850

0.12            2851

0.12            2852

0.12            2853

0.12            2854

0.12            2855

0.12            2856

0.12            2857

0.12            2858

0.12            2859

0.12            2860

0.12            2861

0.12            2862

0.12            2863

0.12            2864

0.12            2865

0.12            2866

0.12            2867

0.12            2868

0.12            2869

0.12            2870

0.12            2871

0.12            2872

0.12            2873

0.12            2874

0.12            2875

0.12            2876

0.12            2877

0.12            2878

0.12            2879

0.12            2880

0.12            2881

0.12            2882

0.12            2883

0.12            2884

0.12            2885

0.12            2886

0.12            2887

0.12            2888

0.12            2889

0.12            2890

0.12            2891

0.12            2892

0.12            2893

0.12            2894

0.12            2895

0.12            2896

0.12            2897

0.12            2898

0.12            2899

0.12            2900

0.12            2901

0.12            2902

0.12            2903

0.12            2904

0.12            2905

0.12            2906

0.12            2907

0.12            2908

0.12            2909

0.12            2910

0.12            2911

0.12            2912

0.12            2913

0.12            2914

0.12            2915

0.12            2916

0.12            2917

0.12            2918

0.12            2919

0.12            2920

0.12            2921

0.12            2922

0.12            2923

0.12            2924

0.12            2925

0.12            2926

0.12            2927

0.12            2928

0.12            2929

0.12            2930

0.12            2931

0.12            2932

0.12            2933

0.12            2934

0.12            2935

0.12            2936

0.12            2937

0.12            2938

0.12            2939

0.12            2940

0.12            2941

0.12            2942

0.12            2943

0.12            2944

0.12            2945

0.12            2946

0.12            2947

0.12            2948

0.12            2949

0.12            2950

0.12            2951

0.12            2952

0.12            2953

0.12            2954

0.12            2955

0.12            2956

0.12            2957

0.12            2958

0.12            2959

0.12            2960

0.12            2961

0.12            2962

0.12            2963

0.12            2964

0.12            2965

0.12            2966

0.12            2967

0.12            2968

0.12            2969

0.12            2970

0.12            2971

0.12            2972

0.12            2973

0.12            2974

0.12            2975

0.12            2976

0.12            2977

0.12            2978

0.12            2979

0.12            2980

0.12            2981

0.12            2982

0.12            2983

0.12            2984

0.12            2985

0.12            2986

0.12            2987

0.12            2988

0.12            2989

0.12            2990

0.12            2991

0.12            2992

0.12            2993

0.12            2994

0.12            2995

0.12            2996

0.12            2997

0.12            2998

0.12            2999

