0            0

0            1

0            2

0            3

0            4

0            5

0            6

0            7

0            8

0            9

0            10

0            11

0            12

0            13

0            14

0            15

0            16

0            17

0            18

0            19

0            20

0            21

0            22

0            23

0            24

0            25

0            26

0            27

0            28

0            29

0            30

0            31

0            32

0            33

0            34

0            35

0            36

0            37

0            38

0            39

0            40

0            41

0            42

0            43

0            44

0            45

0            46

0            47

0            48

0            49

0            50

0            51

0            52

0            53

0            54

0            55

0            56

0            57

0            58

0            59

0            60

0            61

0            62

0            63

0            64

0            65

0            66

0            67

0            68

0            69

0            70

0            71

0            72

0            73

0            74

0            75

0            76

0            77

0            78

0            79

0            80

0            81

0            82

0            83

0            84

0            85

0            86

0            87

0            88

0            89

0            90

0            91

0            92

0            93

0            94

0            95

0            96

0            97

0            98

0            99

0            100

0            101

0            102

0            103

0            104

0            105

0            106

0            107

0            108

0            109

0            110

0            111

0            112

0            113

0            114

0            115

0            116

0            117

0            118

0            119

0            120

0            121

0            122

0            123

0            124

0            125

0            126

0            127

0            128

0            129

0            130

0            131

0            132

0            133

0            134

0            135

0            136

0            137

0            138

0            139

0            140

0            141

0            142

0            143

0            144

0            145

0            146

0            147

0            148

0            149

0            150

0            151

0            152

0            153

0            154

0            155

0            156

0            157

0            158

0            159

0            160

0            161

0            162

0            163

0            164

0            165

0            166

0            167

0            168

0            169

0            170

0            171

0            172

0            173

0            174

0            175

0            176

0            177

0            178

0            179

0            180

0            181

0            182

0            183

0            184

0            185

0            186

0            187

0            188

0            189

0            190

0            191

0            192

0            193

0            194

0            195

0            196

0            197

0            198

0            199

0            200

0            201

0            202

0            203

0            204

0            205

0            206

0            207

0            208

0            209

0            210

0            211

0            212

0            213

0            214

0            215

0            216

0            217

0            218

0            219

0            220

0            221

0            222

0            223

0            224

0            225

0            226

0            227

0            228

0            229

0            230

0            231

0            232

0            233

0            234

0            235

0            236

0            237

0            238

0            239

0            240

0            241

0            242

0            243

0            244

0            245

0            246

0            247

0            248

0            249

0            250

0            251

0            252

0            253

0            254

0            255

0            256

0            257

0            258

0            259

0            260

0            261

0            262

0            263

0            264

0            265

0            266

0            267

0            268

0            269

0            270

0            271

0            272

0            273

0            274

0            275

0            276

0            277

0            278

0            279

0            280

0            281

0            282

0            283

0            284

0            285

0            286

0            287

0            288

0            289

0            290

0            291

0            292

0            293

0            294

0            295

0            296

0            297

0            298

0            299

0            300

0            301

0            302

0            303

0            304

0            305

0            306

0            307

0            308

0            309

0            310

0            311

0            312

0            313

0            314

0            315

0            316

0            317

0            318

0            319

0            320

0            321

0            322

0            323

0            324

0            325

0            326

0            327

0            328

0            329

0            330

0            331

0            332

0            333

0            334

0            335

0            336

0            337

0            338

0            339

0            340

0            341

0            342

0            343

0            344

0            345

0            346

0            347

0            348

0            349

0            350

0            351

0            352

0            353

0            354

0            355

0            356

0            357

0            358

0            359

0            360

0            361

0            362

0            363

0            364

0            365

0            366

0            367

0            368

0            369

0            370

0            371

0            372

0            373

0            374

0            375

0            376

0            377

0            378

0            379

0            380

0            381

0            382

0            383

0            384

0            385

0            386

0            387

0            388

0            389

0            390

0            391

0            392

0            393

0            394

0            395

0            396

0            397

0            398

0            399

0            400

0            401

0            402

0            403

0            404

0            405

0            406

0            407

0            408

0            409

0            410

0            411

0            412

0            413

0            414

0            415

0            416

0            417

0            418

0            419

0            420

0            421

0            422

0            423

0            424

0            425

0            426

0            427

0            428

0            429

0            430

0            431

0            432

0            433

0            434

0            435

0            436

0            437

0            438

0            439

0            440

0            441

0            442

0            443

0            444

0            445

0            446

0            447

0            448

0            449

0            450

0            451

0            452

0            453

0            454

0            455

0            456

0            457

0            458

0            459

0            460

0            461

0            462

0            463

0            464

0            465

0            466

0            467

0            468

0            469

0            470

0            471

0            472

0            473

0            474

0            475

0            476

0            477

0            478

0            479

0            480

0            481

0            482

0            483

0            484

0            485

0            486

0            487

0            488

0            489

0            490

0            491

0            492

0            493

0            494

0            495

0            496

0            497

0            498

0            499

0            500

0            501

0            502

0            503

0            504

0            505

0            506

0            507

0            508

0            509

0            510

0            511

0            512

0            513

0            514

0            515

0            516

0            517

0            518

0            519

0            520

0            521

0            522

0            523

0            524

0            525

0            526

0            527

0            528

0            529

0            530

0            531

0            532

0            533

0            534

0            535

0            536

0            537

0            538

0            539

0            540

0            541

0            542

0            543

0            544

0            545

0            546

0            547

0            548

0            549

0            550

0            551

0            552

0            553

0            554

0            555

0            556

0            557

0            558

0            559

0            560

0            561

0            562

0            563

0            564

0            565

0            566

0            567

0            568

0            569

0            570

0            571

0            572

0            573

0            574

0            575

0            576

0            577

0            578

0            579

0            580

0            581

0            582

0            583

0            584

0            585

0            586

0            587

0            588

0            589

0            590

0            591

0            592

0            593

0            594

0            595

0            596

0            597

0            598

0            599

0            600

0            601

0            602

0            603

0            604

0            605

0            606

0            607

0            608

0            609

0            610

0            611

0            612

0            613

0            614

0            615

0            616

0            617

0            618

0            619

0            620

0            621

0            622

0            623

0            624

0            625

0            626

0            627

0            628

0            629

0            630

0            631

0            632

0            633

0            634

0            635

0            636

0            637

0            638

0            639

0            640

0            641

0            642

0            643

0            644

0            645

0            646

0            647

0            648

0            649

0            650

0            651

0            652

0            653

0            654

0            655

0            656

0            657

0            658

0            659

0            660

0            661

0            662

0            663

0            664

0            665

0            666

0            667

0            668

0            669

0            670

0            671

0            672

0            673

0            674

0            675

0            676

0            677

0            678

0            679

0            680

0            681

0            682

0            683

0            684

0            685

0            686

0            687

0            688

0            689

0            690

0            691

0            692

0            693

0            694

0            695

0            696

0            697

0            698

0            699

0            700

0            701

0            702

0            703

0            704

0            705

0            706

0            707

0            708

0            709

0            710

0            711

0            712

0            713

0            714

0            715

0            716

0            717

0            718

0            719

0            720

0            721

0            722

0            723

0            724

0            725

0            726

0            727

0            728

0            729

0            730

0            731

0            732

0            733

0            734

0            735

0            736

0            737

0            738

0            739

0            740

0            741

0            742

0            743

0            744

0            745

0            746

0            747

0            748

0            749

0            750

0            751

0            752

0            753

0            754

0            755

0            756

0            757

0            758

0            759

0            760

0            761

0            762

0            763

0            764

0            765

0            766

0            767

0            768

0            769

0            770

0            771

0            772

0            773

0            774

0            775

0            776

0            777

0            778

0            779

0            780

0            781

0            782

0            783

0            784

0            785

0            786

0            787

0            788

0            789

0            790

0            791

0            792

0            793

0            794

0            795

0            796

0            797

0            798

0            799

0            800

0            801

0            802

0            803

0            804

0            805

0            806

0            807

0            808

0            809

0            810

0            811

0            812

0            813

0            814

0            815

0            816

0            817

0            818

0            819

0            820

0            821

0            822

0            823

0            824

0            825

0            826

0            827

0            828

0            829

0            830

0            831

0            832

0            833

0            834

0            835

0            836

0            837

0            838

0            839

0            840

0            841

0            842

0            843

0            844

0            845

0            846

0            847

0            848

0            849

0            850

0            851

0            852

0            853

0            854

0            855

0            856

0            857

0            858

0            859

0            860

0            861

0            862

0            863

0            864

0            865

0            866

0            867

0            868

0            869

0            870

0            871

0            872

0            873

0            874

0            875

0            876

0            877

0            878

0            879

0            880

0            881

0            882

0            883

0            884

0            885

0            886

0            887

0            888

0            889

0            890

0            891

0            892

0            893

0            894

0            895

0            896

0            897

0            898

0            899

0            900

0            901

0            902

0            903

0            904

0            905

0            906

0            907

0            908

0            909

0            910

0            911

0            912

0            913

0            914

0            915

0            916

0            917

0            918

0            919

0            920

0            921

0            922

0            923

0            924

0            925

0            926

0            927

0            928

0            929

0            930

0            931

0            932

0            933

0            934

0            935

0            936

0            937

0            938

0            939

0            940

0            941

0            942

0            943

0            944

0            945

0            946

0            947

0            948

0            949

0            950

0            951

0            952

0            953

0            954

0            955

0            956

0            957

0            958

0            959

0            960

0            961

0            962

0            963

0            964

0            965

0            966

0            967

0            968

0            969

0            970

0            971

0            972

0            973

0            974

0            975

0            976

0            977

0            978

0            979

0            980

0            981

0            982

0            983

0            984

0            985

0            986

0            987

0            988

0            989

0            990

0            991

0            992

0            993

0            994

0            995

0            996

0            997

0            998

0            999

0            1000

0            1001

0            1002

0            1003

0            1004

0            1005

0            1006

0            1007

0            1008

0            1009

0            1010

0            1011

0            1012

0            1013

0            1014

0            1015

0            1016

0            1017

0            1018

0            1019

0            1020

0            1021

0            1022

0            1023

0            1024

0            1025

0            1026

0            1027

0            1028

0            1029

0            1030

0            1031

0            1032

0            1033

0            1034

0            1035

0            1036

0            1037

0            1038

0            1039

0            1040

0            1041

0            1042

0            1043

0            1044

0            1045

0            1046

0            1047

0            1048

0            1049

0            1050

0            1051

0            1052

0            1053

0            1054

0            1055

0            1056

0            1057

0            1058

0            1059

0            1060

0            1061

0            1062

0            1063

0            1064

0            1065

0            1066

0            1067

0            1068

0            1069

0            1070

0            1071

0            1072

0            1073

0            1074

0            1075

0            1076

0            1077

0            1078

0            1079

0            1080

0            1081

0            1082

0            1083

0            1084

0            1085

0            1086

0            1087

0            1088

0            1089

0            1090

0            1091

0            1092

0            1093

0            1094

0            1095

0            1096

0            1097

0            1098

0            1099

0            1100

0            1101

0            1102

0            1103

0            1104

0            1105

0            1106

0            1107

0            1108

0            1109

0            1110

0            1111

0            1112

0            1113

0            1114

0            1115

0            1116

0            1117

0            1118

0            1119

0            1120

0            1121

0            1122

0            1123

0            1124

0            1125

0            1126

0            1127

0            1128

0            1129

0            1130

0            1131

0            1132

0            1133

0            1134

0            1135

0            1136

0            1137

0            1138

0            1139

0            1140

0            1141

0            1142

0            1143

0            1144

0            1145

0            1146

0            1147

0            1148

0            1149

0            1150

0            1151

0.01            1152

0.03            1153

0.03            1154

0.035            1155

0.035            1156

0.04            1157

0.04            1158

0.04            1159

0.04            1160

0.04            1161

0.045            1162

0.05            1163

0.05            1164

0.05            1165

0.05            1166

0.055            1167

0.06            1168

0.06            1169

0.06            1170

0.065            1171

0.065            1172

0.065            1173

0.065            1174

0.065            1175

0.065            1176

0.065            1177

0.065            1178

0.065            1179

0.065            1180

0.065            1181

0.065            1182

0.065            1183

0.065            1184

0.065            1185

0.065            1186

0.065            1187

0.065            1188

0.065            1189

0.065            1190

0.065            1191

0.065            1192

0.07            1193

0.07            1194

0.07            1195

0.07            1196

0.07            1197

0.07            1198

0.07            1199

0.075            1200

0.075            1201

0.075            1202

0.08            1203

0.08            1204

0.08            1205

0.08            1206

0.085            1207

0.085            1208

0.085            1209

0.085            1210

0.085            1211

0.09            1212

0.09            1213

0.09            1214

0.09            1215

0.09            1216

0.09            1217

0.09            1218

0.09            1219

0.09            1220

0.09            1221

0.09            1222

0.09            1223

0.09            1224

0.09            1225

0.09            1226

0.09            1227

0.09            1228

0.09            1229

0.09            1230

0.09            1231

0.09            1232

0.09            1233

0.09            1234

0.09            1235

0.09            1236

0.09            1237

0.09            1238

0.09            1239

0.095            1240

0.095            1241

0.095            1242

0.1            1243

0.1            1244

0.1            1245

0.1            1246

0.1            1247

0.1            1248

0.1            1249

0.1            1250

0.1            1251

0.1            1252

0.1            1253

0.1            1254

0.1            1255

0.1            1256

0.1            1257

0.1            1258

0.1            1259

0.1            1260

0.1            1261

0.1            1262

0.1            1263

0.1            1264

0.1            1265

0.1            1266

0.1            1267

0.1            1268

0.1            1269

0.105            1270

0.105            1271

0.105            1272

0.105            1273

0.105            1274

0.105            1275

0.105            1276

0.105            1277

0.105            1278

0.105            1279

0.105            1280

0.105            1281

0.105            1282

0.1            1283

0.1            1284

0.1            1285

0.1            1286

0.105            1287

0.105            1288

0.105            1289

0.11            1290

0.11            1291

0.11            1292

0.11            1293

0.11            1294

0.11            1295

0.11            1296

0.11            1297

0.11            1298

0.11            1299

0.11            1300

0.11            1301

0.11            1302

0.11            1303

0.11            1304

0.11            1305

0.11            1306

0.11            1307

0.11            1308

0.11            1309

0.11            1310

0.11            1311

0.11            1312

0.11            1313

0.11            1314

0.11            1315

0.11            1316

0.11            1317

0.11            1318

0.11            1319

0.11            1320

0.11            1321

0.11            1322

0.11            1323

0.11            1324

0.11            1325

0.11            1326

0.11            1327

0.11            1328

0.11            1329

0.11            1330

0.11            1331

0.11            1332

0.11            1333

0.11            1334

0.11            1335

0.11            1336

0.11            1337

0.11            1338

0.11            1339

0.11            1340

0.11            1341

0.11            1342

0.11            1343

0.11            1344

0.11            1345

0.11            1346

0.11            1347

0.11            1348

0.11            1349

0.11            1350

0.11            1351

0.11            1352

0.11            1353

0.11            1354

0.11            1355

0.11            1356

0.11            1357

0.11            1358

0.11            1359

0.11            1360

0.11            1361

0.105            1362

0.105            1363

0.11            1364

0.11            1365

0.11            1366

0.11            1367

0.11            1368

0.11            1369

0.11            1370

0.11            1371

0.11            1372

0.11            1373

0.11            1374

0.11            1375

0.11            1376

0.11            1377

0.11            1378

0.11            1379

0.11            1380

0.11            1381

0.11            1382

0.11            1383

0.11            1384

0.11            1385

0.11            1386

0.11            1387

0.11            1388

0.11            1389

0.11            1390

0.11            1391

0.11            1392

0.11            1393

0.11            1394

0.11            1395

0.11            1396

0.11            1397

0.11            1398

0.11            1399

0.11            1400

0.11            1401

0.11            1402

0.11            1403

0.11            1404

0.11            1405

0.11            1406

0.11            1407

0.11            1408

0.11            1409

0.11            1410

0.11            1411

0.11            1412

0.11            1413

0.11            1414

0.11            1415

0.11            1416

0.11            1417

0.11            1418

0.11            1419

0.11            1420

0.11            1421

0.11            1422

0.11            1423

0.11            1424

0.11            1425

0.11            1426

0.11            1427

0.11            1428

0.11            1429

0.11            1430

0.11            1431

0.11            1432

0.11            1433

0.11            1434

0.11            1435

0.11            1436

0.11            1437

0.11            1438

0.11            1439

0.11            1440

0.11            1441

0.11            1442

0.11            1443

0.11            1444

0.11            1445

0.11            1446

0.11            1447

0.11            1448

0.11            1449

0.11            1450

0.11            1451

0.11            1452

0.11            1453

0.11            1454

0.11            1455

0.11            1456

0.11            1457

0.11            1458

0.11            1459

0.11            1460

0.11            1461

0.11            1462

0.11            1463

0.11            1464

0.11            1465

0.11            1466

0.11            1467

0.11            1468

0.11            1469

0.11            1470

0.11            1471

0.11            1472

0.11            1473

0.11            1474

0.11            1475

0.11            1476

0.11            1477

0.11            1478

0.11            1479

0.11            1480

0.11            1481

0.11            1482

0.11            1483

0.11            1484

0.11            1485

0.11            1486

0.11            1487

0.11            1488

0.11            1489

0.11            1490

0.11            1491

0.11            1492

0.11            1493

0.11            1494

0.11            1495

0.11            1496

0.11            1497

0.11            1498

0.11            1499

0.11            1500

0.11            1501

0.11            1502

0.11            1503

0.11            1504

0.11            1505

0.11            1506

0.11            1507

0.11            1508

0.11            1509

0.11            1510

0.115            1511

0.115            1512

0.115            1513

0.115            1514

0.115            1515

0.115            1516

0.115            1517

0.115            1518

0.115            1519

0.115            1520

0.115            1521

0.115            1522

0.115            1523

0.115            1524

0.115            1525

0.115            1526

0.115            1527

0.115            1528

0.115            1529

0.115            1530

0.115            1531

0.115            1532

0.115            1533

0.115            1534

0.115            1535

0.115            1536

0.115            1537

0.115            1538

0.115            1539

0.115            1540

0.115            1541

0.115            1542

0.115            1543

0.115            1544

0.115            1545

0.115            1546

0.115            1547

0.115            1548

0.115            1549

0.115            1550

0.115            1551

0.115            1552

0.115            1553

0.115            1554

0.115            1555

0.115            1556

0.115            1557

0.115            1558

0.12            1559

0.12            1560

0.12            1561

0.12            1562

0.12            1563

0.12            1564

0.12            1565

0.12            1566

0.12            1567

0.12            1568

0.12            1569

0.12            1570

0.12            1571

0.12            1572

0.12            1573

0.125            1574

0.125            1575

0.125            1576

0.125            1577

0.125            1578

0.125            1579

0.125            1580

0.125            1581

0.125            1582

0.125            1583

0.125            1584

0.125            1585

0.125            1586

0.125            1587

0.125            1588

0.125            1589

0.125            1590

0.125            1591

0.125            1592

0.125            1593

0.125            1594

0.125            1595

0.125            1596

0.125            1597

0.125            1598

0.125            1599

0.125            1600

0.125            1601

0.125            1602

0.125            1603

0.125            1604

0.125            1605

0.125            1606

0.125            1607

0.13            1608

0.13            1609

0.13            1610

0.13            1611

0.13            1612

0.13            1613

0.13            1614

0.13            1615

0.13            1616

0.13            1617

0.13            1618

0.13            1619

0.13            1620

0.13            1621

0.13            1622

0.13            1623

0.13            1624

0.13            1625

0.13            1626

0.13            1627

0.13            1628

0.13            1629

0.13            1630

0.13            1631

0.13            1632

0.13            1633

0.13            1634

0.13            1635

0.13            1636

0.13            1637

0.13            1638

0.13            1639

0.13            1640

0.13            1641

0.13            1642

0.13            1643

0.13            1644

0.13            1645

0.13            1646

0.13            1647

0.13            1648

0.13            1649

0.13            1650

0.13            1651

0.13            1652

0.13            1653

0.13            1654

0.13            1655

0.13            1656

0.13            1657

0.13            1658

0.13            1659

0.13            1660

0.13            1661

0.13            1662

0.13            1663

0.13            1664

0.13            1665

0.13            1666

0.13            1667

0.13            1668

0.13            1669

0.13            1670

0.13            1671

0.13            1672

0.13            1673

0.13            1674

0.13            1675

0.13            1676

0.13            1677

0.13            1678

0.13            1679

0.13            1680

0.13            1681

0.13            1682

0.13            1683

0.13            1684

0.13            1685

0.13            1686

0.13            1687

0.13            1688

0.13            1689

0.13            1690

0.13            1691

0.13            1692

0.13            1693

0.13            1694

0.13            1695

0.13            1696

0.13            1697

0.13            1698

0.13            1699

0.13            1700

0.13            1701

0.13            1702

0.13            1703

0.13            1704

0.13            1705

0.13            1706

0.13            1707

0.13            1708

0.13            1709

0.13            1710

0.13            1711

0.13            1712

0.13            1713

0.13            1714

0.13            1715

0.13            1716

0.13            1717

0.13            1718

0.13            1719

0.13            1720

0.13            1721

0.13            1722

0.13            1723

0.13            1724

0.13            1725

0.13            1726

0.13            1727

0.13            1728

0.13            1729

0.13            1730

0.13            1731

0.13            1732

0.13            1733

0.13            1734

0.13            1735

0.13            1736

0.13            1737

0.13            1738

0.13            1739

0.13            1740

0.13            1741

0.13            1742

0.13            1743

0.13            1744

0.13            1745

0.13            1746

0.13            1747

0.13            1748

0.13            1749

0.13            1750

0.13            1751

0.13            1752

0.13            1753

0.13            1754

0.13            1755

0.13            1756

0.13            1757

0.13            1758

0.13            1759

0.13            1760

0.13            1761

0.13            1762

0.13            1763

0.13            1764

0.13            1765

0.13            1766

0.13            1767

0.13            1768

0.13            1769

0.13            1770

0.13            1771

0.13            1772

0.13            1773

0.13            1774

0.13            1775

0.13            1776

0.13            1777

0.13            1778

0.13            1779

0.13            1780

0.13            1781

0.13            1782

0.13            1783

0.13            1784

0.13            1785

0.13            1786

0.13            1787

0.13            1788

0.13            1789

0.13            1790

0.13            1791

0.13            1792

0.13            1793

0.13            1794

0.13            1795

0.13            1796

0.13            1797

0.13            1798

0.13            1799

0.13            1800

0.13            1801

0.13            1802

0.13            1803

0.13            1804

0.13            1805

0.13            1806

0.13            1807

0.13            1808

0.13            1809

0.13            1810

0.13            1811

0.13            1812

0.13            1813

0.13            1814

0.13            1815

0.13            1816

0.13            1817

0.13            1818

0.13            1819

0.13            1820

0.13            1821

0.13            1822

0.13            1823

0.13            1824

0.13            1825

0.13            1826

0.13            1827

0.13            1828

0.13            1829

0.13            1830

0.13            1831

0.13            1832

0.13            1833

0.13            1834

0.13            1835

0.13            1836

0.13            1837

0.13            1838

0.13            1839

0.13            1840

0.13            1841

0.13            1842

0.13            1843

0.13            1844

0.13            1845

0.13            1846

0.13            1847

0.13            1848

0.13            1849

0.13            1850

0.13            1851

0.13            1852

0.13            1853

0.13            1854

0.13            1855

0.13            1856

0.13            1857

0.13            1858

0.13            1859

0.13            1860

0.13            1861

0.13            1862

0.13            1863

0.13            1864

0.13            1865

0.13            1866

0.13            1867

0.13            1868

0.13            1869

0.13            1870

0.13            1871

0.13            1872

0.13            1873

0.13            1874

0.13            1875

0.13            1876

0.13            1877

0.13            1878

0.13            1879

0.13            1880

0.13            1881

0.13            1882

0.13            1883

0.13            1884

0.13            1885

0.13            1886

0.13            1887

0.13            1888

0.13            1889

0.13            1890

0.13            1891

0.13            1892

0.13            1893

0.13            1894

0.13            1895

0.13            1896

0.13            1897

0.13            1898

0.13            1899

0.13            1900

0.13            1901

0.13            1902

0.13            1903

0.13            1904

0.13            1905

0.13            1906

0.13            1907

0.13            1908

0.13            1909

0.13            1910

0.13            1911

0.13            1912

0.13            1913

0.13            1914

0.13            1915

0.13            1916

0.13            1917

0.13            1918

0.13            1919

0.13            1920

0.13            1921

0.13            1922

0.13            1923

0.13            1924

0.13            1925

0.13            1926

0.13            1927

0.13            1928

0.13            1929

0.13            1930

0.13            1931

0.13            1932

0.13            1933

0.13            1934

0.13            1935

0.13            1936

0.13            1937

0.13            1938

0.13            1939

0.13            1940

0.13            1941

0.13            1942

0.13            1943

0.13            1944

0.13            1945

0.13            1946

0.13            1947

0.13            1948

0.13            1949

0.13            1950

0.13            1951

0.13            1952

0.13            1953

0.13            1954

0.13            1955

0.13            1956

0.13            1957

0.13            1958

0.13            1959

0.13            1960

0.13            1961

0.13            1962

0.13            1963

0.13            1964

0.13            1965

0.13            1966

0.13            1967

0.13            1968

0.13            1969

0.13            1970

0.13            1971

0.13            1972

0.13            1973

0.13            1974

0.13            1975

0.13            1976

0.13            1977

0.13            1978

0.13            1979

0.13            1980

0.13            1981

0.13            1982

0.13            1983

0.13            1984

0.13            1985

0.13            1986

0.13            1987

0.13            1988

0.13            1989

0.13            1990

0.13            1991

0.13            1992

0.13            1993

0.13            1994

0.13            1995

0.13            1996

0.13            1997

0.13            1998

0.13            1999

0.13            2000

0.13            2001

0.13            2002

0.13            2003

0.13            2004

0.13            2005

0.125            2006

0.125            2007

0.125            2008

0.125            2009

0.125            2010

0.125            2011

0.125            2012

0.125            2013

0.125            2014

0.125            2015

0.125            2016

0.125            2017

0.125            2018

0.125            2019

0.125            2020

0.125            2021

0.125            2022

0.125            2023

0.125            2024

0.125            2025

0.125            2026

0.125            2027

0.125            2028

0.125            2029

0.125            2030

0.125            2031

0.125            2032

0.125            2033

0.125            2034

0.125            2035

0.125            2036

0.125            2037

0.125            2038

0.125            2039

0.125            2040

0.125            2041

0.125            2042

0.125            2043

0.125            2044

0.125            2045

0.125            2046

0.125            2047

0.125            2048

0.125            2049

0.125            2050

0.125            2051

0.125            2052

0.125            2053

0.125            2054

0.125            2055

0.125            2056

0.125            2057

0.125            2058

0.125            2059

0.125            2060

0.125            2061

0.125            2062

0.125            2063

0.125            2064

0.125            2065

0.125            2066

0.125            2067

0.125            2068

0.125            2069

0.125            2070

0.125            2071

0.125            2072

0.125            2073

0.125            2074

0.125            2075

0.125            2076

0.125            2077

0.125            2078

0.125            2079

0.125            2080

0.125            2081

0.125            2082

0.125            2083

0.125            2084

0.125            2085

0.125            2086

0.125            2087

0.125            2088

0.125            2089

0.125            2090

0.125            2091

0.125            2092

0.125            2093

0.125            2094

0.125            2095

0.125            2096

0.125            2097

0.125            2098

0.125            2099

0.125            2100

0.125            2101

0.125            2102

0.125            2103

0.125            2104

0.125            2105

0.125            2106

0.125            2107

0.125            2108

0.125            2109

0.125            2110

0.125            2111

0.125            2112

0.125            2113

0.125            2114

0.125            2115

0.125            2116

0.125            2117

0.125            2118

0.125            2119

0.125            2120

0.125            2121

0.125            2122

0.125            2123

0.125            2124

0.125            2125

0.125            2126

0.13            2127

0.13            2128

0.13            2129

0.13            2130

0.13            2131

0.13            2132

0.13            2133

0.13            2134

0.13            2135

0.13            2136

0.13            2137

0.13            2138

0.13            2139

0.13            2140

0.13            2141

0.13            2142

0.13            2143

0.13            2144

0.13            2145

0.13            2146

0.13            2147

0.13            2148

0.13            2149

0.13            2150

0.13            2151

0.13            2152

0.13            2153

0.13            2154

0.13            2155

0.13            2156

0.13            2157

0.13            2158

0.13            2159

0.13            2160

0.13            2161

0.13            2162

0.13            2163

0.13            2164

0.13            2165

0.13            2166

0.13            2167

0.13            2168

0.13            2169

0.13            2170

0.13            2171

0.13            2172

0.13            2173

0.13            2174

0.13            2175

0.13            2176

0.13            2177

0.13            2178

0.13            2179

0.13            2180

0.13            2181

0.13            2182

0.13            2183

0.13            2184

0.13            2185

0.13            2186

0.13            2187

0.13            2188

0.13            2189

0.13            2190

0.13            2191

0.13            2192

0.13            2193

0.13            2194

0.13            2195

0.13            2196

0.13            2197

0.13            2198

0.13            2199

0.13            2200

0.13            2201

0.13            2202

0.13            2203

0.13            2204

0.13            2205

0.13            2206

0.13            2207

0.13            2208

0.13            2209

0.13            2210

0.13            2211

0.13            2212

0.13            2213

0.13            2214

0.13            2215

0.13            2216

0.13            2217

0.13            2218

0.13            2219

0.13            2220

0.13            2221

0.13            2222

0.13            2223

0.13            2224

0.13            2225

0.13            2226

0.13            2227

0.13            2228

0.13            2229

0.13            2230

0.13            2231

0.13            2232

0.13            2233

0.13            2234

0.13            2235

0.13            2236

0.13            2237

0.13            2238

0.13            2239

0.13            2240

0.13            2241

0.13            2242

0.13            2243

0.13            2244

0.13            2245

0.13            2246

0.13            2247

0.13            2248

0.13            2249

0.13            2250

0.13            2251

0.13            2252

0.13            2253

0.13            2254

0.13            2255

0.13            2256

0.13            2257

0.13            2258

0.13            2259

0.13            2260

0.13            2261

0.13            2262

0.13            2263

0.13            2264

0.13            2265

0.13            2266

0.13            2267

0.13            2268

0.13            2269

0.13            2270

0.13            2271

0.13            2272

0.13            2273

0.13            2274

0.13            2275

0.13            2276

0.13            2277

0.13            2278

0.13            2279

0.13            2280

0.13            2281

0.13            2282

0.13            2283

0.13            2284

0.13            2285

0.13            2286

0.13            2287

0.13            2288

0.13            2289

0.13            2290

0.13            2291

0.13            2292

0.13            2293

0.13            2294

0.13            2295

0.13            2296

0.13            2297

0.13            2298

0.13            2299

0.13            2300

0.13            2301

0.13            2302

0.13            2303

0.13            2304

0.13            2305

0.13            2306

0.13            2307

0.13            2308

0.13            2309

0.13            2310

0.13            2311

0.13            2312

0.13            2313

0.13            2314

0.13            2315

0.13            2316

0.13            2317

0.13            2318

0.13            2319

0.13            2320

0.13            2321

0.13            2322

0.13            2323

0.13            2324

0.13            2325

0.13            2326

0.13            2327

0.13            2328

0.13            2329

0.13            2330

0.13            2331

0.13            2332

0.13            2333

0.13            2334

0.13            2335

0.13            2336

0.13            2337

0.13            2338

0.13            2339

0.13            2340

0.13            2341

0.13            2342

0.13            2343

0.13            2344

0.13            2345

0.13            2346

0.13            2347

0.13            2348

0.13            2349

0.13            2350

0.13            2351

0.13            2352

0.13            2353

0.13            2354

0.13            2355

0.13            2356

0.135            2357

0.135            2358

0.14            2359

0.14            2360

0.14            2361

0.14            2362

0.14            2363

0.14            2364

0.14            2365

0.14            2366

0.14            2367

0.14            2368

0.14            2369

0.14            2370

0.14            2371

0.14            2372

0.14            2373

0.14            2374

0.14            2375

0.14            2376

0.14            2377

0.14            2378

0.14            2379

0.14            2380

0.14            2381

0.14            2382

0.14            2383

0.14            2384

0.14            2385

0.14            2386

0.14            2387

0.14            2388

0.14            2389

0.14            2390

0.14            2391

0.14            2392

0.14            2393

0.14            2394

0.14            2395

0.14            2396

0.14            2397

0.14            2398

0.14            2399

0.14            2400

0.14            2401

0.14            2402

0.14            2403

0.14            2404

0.14            2405

0.14            2406

0.14            2407

0.14            2408

0.14            2409

0.14            2410

0.14            2411

0.14            2412

0.14            2413

0.14            2414

0.14            2415

0.14            2416

0.14            2417

0.14            2418

0.14            2419

0.14            2420

0.14            2421

0.14            2422

0.14            2423

0.14            2424

0.14            2425

0.14            2426

0.14            2427

0.14            2428

0.14            2429

0.14            2430

0.14            2431

0.14            2432

0.14            2433

0.14            2434

0.14            2435

0.14            2436

0.14            2437

0.14            2438

0.14            2439

0.14            2440

0.14            2441

0.14            2442

0.14            2443

0.14            2444

0.14            2445

0.14            2446

0.14            2447

0.14            2448

0.14            2449

0.14            2450

0.14            2451

0.14            2452

0.14            2453

0.14            2454

0.14            2455

0.14            2456

0.14            2457

0.14            2458

0.14            2459

0.14            2460

0.14            2461

0.14            2462

0.14            2463

0.14            2464

0.14            2465

0.14            2466

0.14            2467

0.14            2468

0.14            2469

0.14            2470

0.14            2471

0.14            2472

0.14            2473

0.14            2474

0.14            2475

0.14            2476

0.14            2477

0.14            2478

0.14            2479

0.14            2480

0.14            2481

0.14            2482

0.14            2483

0.14            2484

0.14            2485

0.14            2486

0.14            2487

0.14            2488

0.14            2489

0.14            2490

0.14            2491

0.14            2492

0.14            2493

0.14            2494

0.14            2495

0.14            2496

0.14            2497

0.14            2498

0.14            2499

0.14            2500

0.14            2501

0.14            2502

0.14            2503

0.14            2504

0.14            2505

0.14            2506

0.14            2507

0.14            2508

0.14            2509

0.14            2510

0.14            2511

0.14            2512

0.14            2513

0.14            2514

0.14            2515

0.14            2516

0.14            2517

0.14            2518

0.14            2519

0.14            2520

0.14            2521

0.14            2522

0.14            2523

0.14            2524

0.14            2525

0.14            2526

0.14            2527

0.14            2528

0.14            2529

0.14            2530

0.14            2531

0.14            2532

0.14            2533

0.14            2534

0.14            2535

0.14            2536

0.14            2537

0.14            2538

0.14            2539

0.14            2540

0.14            2541

0.14            2542

0.14            2543

0.14            2544

0.14            2545

0.14            2546

0.14            2547

0.14            2548

0.14            2549

0.14            2550

0.14            2551

0.14            2552

0.14            2553

0.14            2554

0.14            2555

0.14            2556

0.14            2557

0.14            2558

0.14            2559

0.14            2560

0.14            2561

0.14            2562

0.14            2563

0.14            2564

0.14            2565

0.14            2566

0.14            2567

0.14            2568

0.14            2569

0.14            2570

0.14            2571

0.14            2572

0.14            2573

0.14            2574

0.14            2575

0.14            2576

0.14            2577

0.14            2578

0.14            2579

0.14            2580

0.14            2581

0.14            2582

0.14            2583

0.14            2584

0.14            2585

0.14            2586

0.14            2587

0.14            2588

0.14            2589

0.14            2590

0.14            2591

0.14            2592

0.14            2593

0.14            2594

0.14            2595

0.14            2596

0.14            2597

0.14            2598

0.14            2599

0.14            2600

0.14            2601

0.14            2602

0.14            2603

0.14            2604

0.14            2605

0.14            2606

0.14            2607

0.14            2608

0.14            2609

0.14            2610

0.14            2611

0.14            2612

0.14            2613

0.14            2614

0.14            2615

0.14            2616

0.14            2617

0.14            2618

0.14            2619

0.14            2620

0.14            2621

0.14            2622

0.14            2623

0.14            2624

0.14            2625

0.14            2626

0.14            2627

0.14            2628

0.14            2629

0.14            2630

0.14            2631

0.14            2632

0.14            2633

0.14            2634

0.14            2635

0.14            2636

0.14            2637

0.14            2638

0.14            2639

0.14            2640

0.14            2641

0.14            2642

0.14            2643

0.14            2644

0.14            2645

0.14            2646

0.14            2647

0.14            2648

0.14            2649

0.14            2650

0.14            2651

0.14            2652

0.14            2653

0.14            2654

0.14            2655

0.14            2656

0.14            2657

0.14            2658

0.14            2659

0.14            2660

0.14            2661

0.14            2662

0.14            2663

0.14            2664

0.14            2665

0.14            2666

0.14            2667

0.14            2668

0.14            2669

0.14            2670

0.14            2671

0.14            2672

0.14            2673

0.14            2674

0.14            2675

0.14            2676

0.14            2677

0.14            2678

0.14            2679

0.14            2680

0.14            2681

0.14            2682

0.145            2683

0.145            2684

0.145            2685

0.145            2686

0.145            2687

0.145            2688

0.145            2689

0.145            2690

0.145            2691

0.145            2692

0.145            2693

0.145            2694

0.145            2695

0.145            2696

0.145            2697

0.145            2698

0.145            2699

0.145            2700

0.145            2701

0.145            2702

0.145            2703

0.145            2704

0.145            2705

0.145            2706

0.145            2707

0.145            2708

0.145            2709

0.145            2710

0.145            2711

0.145            2712

0.145            2713

0.145            2714

0.145            2715

0.145            2716

0.145            2717

0.145            2718

0.145            2719

0.145            2720

0.145            2721

0.145            2722

0.145            2723

0.145            2724

0.145            2725

0.145            2726

0.145            2727

0.145            2728

0.145            2729

0.145            2730

0.145            2731

0.145            2732

0.145            2733

0.145            2734

0.145            2735

0.145            2736

0.145            2737

0.145            2738

0.145            2739

0.145            2740

0.145            2741

0.145            2742

0.145            2743

0.14            2744

0.14            2745

0.14            2746

0.14            2747

0.14            2748

0.14            2749

0.14            2750

0.14            2751

0.14            2752

0.14            2753

0.14            2754

0.14            2755

0.14            2756

0.14            2757

0.14            2758

0.14            2759

0.14            2760

0.14            2761

0.14            2762

0.14            2763

0.14            2764

0.14            2765

0.14            2766

0.14            2767

0.14            2768

0.14            2769

0.14            2770

0.14            2771

0.14            2772

0.14            2773

0.14            2774

0.14            2775

0.14            2776

0.14            2777

0.14            2778

0.14            2779

0.14            2780

0.14            2781

0.14            2782

0.14            2783

0.14            2784

0.14            2785

0.14            2786

0.14            2787

0.14            2788

0.14            2789

0.14            2790

0.14            2791

0.14            2792

0.14            2793

0.14            2794

0.14            2795

0.14            2796

0.14            2797

0.14            2798

0.14            2799

0.14            2800

0.14            2801

0.14            2802

0.14            2803

0.14            2804

0.14            2805

0.14            2806

0.14            2807

0.14            2808

0.14            2809

0.14            2810

0.14            2811

0.14            2812

0.14            2813

0.14            2814

0.14            2815

0.14            2816

0.14            2817

0.14            2818

0.14            2819

0.14            2820

0.14            2821

0.14            2822

0.14            2823

0.14            2824

0.14            2825

0.14            2826

0.14            2827

0.14            2828

0.14            2829

0.14            2830

0.14            2831

0.14            2832

0.14            2833

0.14            2834

0.14            2835

0.14            2836

0.14            2837

0.14            2838

0.14            2839

0.14            2840

0.14            2841

0.14            2842

0.14            2843

0.14            2844

0.14            2845

0.14            2846

0.14            2847

0.14            2848

0.14            2849

0.14            2850

0.14            2851

0.14            2852

0.14            2853

0.14            2854

0.14            2855

0.14            2856

0.14            2857

0.14            2858

0.14            2859

0.14            2860

0.14            2861

0.14            2862

0.14            2863

0.14            2864

0.14            2865

0.14            2866

0.14            2867

0.14            2868

0.14            2869

0.14            2870

0.14            2871

0.14            2872

0.145            2873

0.145            2874

0.145            2875

0.145            2876

0.145            2877

0.145            2878

0.145            2879

0.145            2880

0.145            2881

0.145            2882

0.145            2883

0.145            2884

0.145            2885

0.145            2886

0.145            2887

0.145            2888

0.145            2889

0.145            2890

0.145            2891

0.145            2892

0.145            2893

0.145            2894

0.145            2895

0.145            2896

0.145            2897

0.145            2898

0.145            2899

0.145            2900

0.145            2901

0.145            2902

0.145            2903

0.145            2904

0.145            2905

0.145            2906

0.145            2907

0.145            2908

0.145            2909

0.145            2910

0.145            2911

0.145            2912

0.145            2913

0.145            2914

0.145            2915

0.145            2916

0.145            2917

0.145            2918

0.145            2919

0.145            2920

0.145            2921

0.145            2922

0.145            2923

0.145            2924

0.145            2925

0.145            2926

0.145            2927

0.145            2928

0.145            2929

0.145            2930

0.145            2931

0.145            2932

0.145            2933

0.145            2934

0.145            2935

0.145            2936

0.145            2937

0.145            2938

0.145            2939

0.145            2940

0.145            2941

0.145            2942

0.145            2943

0.145            2944

0.145            2945

0.145            2946

0.145            2947

0.145            2948

0.145            2949

0.145            2950

0.145            2951

0.145            2952

0.145            2953

0.145            2954

0.145            2955

0.145            2956

0.145            2957

0.145            2958

0.145            2959

0.145            2960

0.145            2961

0.145            2962

0.145            2963

0.145            2964

0.145            2965

0.145            2966

0.145            2967

0.145            2968

0.145            2969

0.145            2970

0.145            2971

0.145            2972

0.145            2973

0.145            2974

0.145            2975

0.145            2976

0.145            2977

0.145            2978

0.145            2979

0.145            2980

0.145            2981

0.145            2982

0.145            2983

0.145            2984

0.145            2985

0.145            2986

0.145            2987

0.145            2988

0.145            2989

0.145            2990

0.145            2991

0.145            2992

0.145            2993

0.145            2994

0.145            2995

0.145            2996

0.145            2997

0.145            2998

0.145            2999

