0         0
0         1
0         2
0         3
0         4
0         5
0         6
0         7
0         8
0         9
0         10
0         11
0         12
0         13
0         14
0         15
0         16
0         17
0         18
0         19
0         20
0         21
0         22
0         23
0         24
0         25
0         26
0         27
0         28
0         29
0         30
0         31
0         32
0         33
0         34
0         35
0         36
0         37
0         38
0         39
0         40
0         41
0         42
0         43
0         44
0         45
0         46
0         47
0         48
0         49
0         50
0         51
0         52
0         53
0         54
0         55
0         56
0         57
0         58
0         59
0         60
0         61
0         62
0         63
0         64
0         65
0         66
0         67
0         68
0         69
0         70
0         71
0         72
0         73
0         74
0         75
0         76
0         77
0         78
0         79
0         80
0         81
0         82
0         83
0         84
0         85
0         86
0         87
0         88
0         89
0         90
0         91
0         92
0         93
0         94
0         95
0         96
0         97
0         98
0         99
0         100
0         101
0         102
0         103
0         104
0         105
0         106
0         107
0         108
0         109
0         110
0         111
0         112
0         113
0         114
0         115
0         116
0         117
0         118
0         119
0         120
0         121
0         122
0         123
0         124
0         125
0         126
0         127
0         128
0         129
0         130
0         131
0         132
0         133
0         134
0         135
0         136
0         137
0         138
0         139
0         140
0         141
0         142
0         143
0         144
0         145
0         146
0         147
0         148
0         149
0         150
0         151
0         152
0         153
0         154
0         155
0         156
0         157
0         158
0         159
0         160
0         161
0         162
0         163
0         164
0         165
0         166
0         167
0         168
0         169
0         170
0         171
0         172
0         173
0         174
0         175
0         176
0         177
0         178
0         179
0         180
0         181
0         182
0         183
0         184
0         185
0         186
0         187
0         188
0         189
0         190
0         191
0         192
0         193
0         194
0         195
0         196
0         197
0         198
0         199
0         200
0         201
0         202
0         203
0         204
0         205
0         206
0         207
0         208
0         209
0         210
0         211
0         212
0         213
0         214
0         215
0         216
0         217
0         218
0         219
0         220
0         221
0         222
0         223
0         224
0         225
0         226
0         227
0         228
0         229
0         230
0         231
0         232
0         233
0         234
0         235
0         236
0         237
0         238
0         239
0         240
0         241
0         242
0         243
0         244
0         245
0         246
0         247
0         248
0         249
0         250
0         251
0         252
0         253
0         254
0         255
0         256
0         257
0         258
0         259
0         260
0         261
0         262
0         263
0         264
0         265
0         266
0         267
0         268
0         269
0         270
0         271
0         272
0         273
0         274
0         275
0         276
0         277
0         278
0         279
0         280
0         281
0         282
0         283
0         284
0         285
0         286
0         287
0         288
0         289
0         290
0         291
0         292
0         293
0         294
0         295
0         296
0         297
0         298
0         299
0         300
0         301
0         302
0         303
0         304
0         305
0         306
0         307
0         308
0         309
0         310
0         311
0         312
0         313
0         314
0         315
0         316
0         317
0         318
0         319
0         320
0         321
0         322
0         323
0         324
0         325
0         326
0         327
0         328
0         329
0         330
0         331
0         332
0         333
0         334
0         335
0         336
0         337
0         338
0         339
0         340
0         341
0         342
0         343
0         344
0         345
0         346
0         347
0         348
0         349
0         350
0         351
0         352
0         353
0         354
0         355
0         356
0         357
0         358
0         359
0         360
0         361
0         362
0         363
0         364
0         365
0         366
0         367
0         368
0         369
0         370
0         371
0         372
0         373
0         374
0         375
0         376
0         377
0         378
0         379
0         380
0         381
0         382
0         383
0         384
0         385
0         386
0         387
0         388
0         389
0         390
0         391
0         392
0         393
0         394
0         395
0         396
0         397
0         398
0         399
0         400
0         401
0         402
0         403
0         404
0         405
0         406
0         407
0         408
0         409
0         410
0         411
0         412
0         413
0         414
0         415
0         416
0         417
0         418
0         419
0         420
0         421
0         422
0         423
0         424
0         425
0         426
0         427
0         428
0         429
0         430
0         431
0         432
0         433
0         434
0         435
0         436
0         437
0         438
0         439
0         440
0         441
0         442
0         443
0         444
0         445
0         446
0         447
0         448
0         449
0         450
0         451
0         452
0         453
0         454
0         455
0         456
0         457
0         458
0         459
0         460
0         461
0         462
0         463
0         464
0         465
0         466
0         467
0         468
0         469
0         470
0         471
0         472
0         473
0         474
0         475
0         476
0         477
0         478
0         479
0         480
0         481
0         482
0         483
0         484
0         485
0         486
0         487
0         488
0         489
0         490
0         491
0         492
0         493
0         494
0         495
0         496
0         497
0         498
0         499
0         500
0         501
0         502
0         503
0         504
0         505
0         506
0         507
0         508
0         509
0         510
0         511
0         512
0         513
0         514
0         515
0         516
0         517
0         518
0         519
0         520
0         521
0         522
0         523
0         524
0         525
0         526
0         527
0         528
0         529
0         530
0         531
0         532
0         533
0         534
0         535
0         536
0         537
0         538
0         539
0         540
0         541
0         542
0         543
0         544
0         545
0         546
0         547
0         548
0         549
0         550
0         551
0         552
0         553
0         554
0         555
0         556
0         557
0         558
0         559
0         560
0         561
0         562
0         563
0         564
0         565
0         566
0         567
0         568
0         569
0         570
0         571
0         572
0         573
0         574
0         575
0         576
0         577
0         578
0         579
0         580
0         581
0         582
0         583
0         584
0         585
0         586
0         587
0         588
0         589
0         590
0         591
0         592
0         593
0         594
0         595
0         596
0         597
0         598
0         599
0         600
0         601
0         602
0         603
0         604
0         605
0         606
0         607
0         608
0         609
0         610
0         611
0         612
0         613
0         614
0         615
0         616
0         617
0         618
0         619
0         620
0         621
0         622
0         623
0         624
0         625
0         626
0         627
0         628
0         629
0         630
0         631
0         632
0         633
0         634
0         635
0         636
0         637
0         638
0         639
0         640
0         641
0         642
0         643
0         644
0         645
0         646
0         647
0         648
0         649
0         650
0         651
0         652
0         653
0         654
0         655
0         656
0         657
0         658
0         659
0         660
0         661
0         662
0         663
0         664
0         665
0         666
0         667
0         668
0         669
0         670
0         671
0         672
0         673
0         674
0         675
0         676
0         677
0         678
0         679
0         680
0         681
0         682
0         683
0         684
0         685
0         686
0         687
0         688
0         689
0         690
0         691
0         692
0         693
0         694
0         695
0         696
0         697
0         698
0         699
0         700
0         701
0         702
0         703
0         704
0         705
0         706
0         707
0         708
0         709
0         710
0         711
0         712
0         713
0         714
0         715
0         716
0         717
0         718
0         719
0         720
0         721
0         722
0         723
0         724
0         725
0         726
0         727
0         728
0         729
0         730
0         731
0         732
0         733
0         734
0         735
0         736
0         737
0         738
0         739
0         740
0         741
0         742
0         743
0         744
0         745
0         746
0         747
0         748
0         749
0         750
0         751
0         752
0         753
0         754
0         755
0         756
0         757
0         758
0         759
0         760
0         761
0         762
0         763
0         764
0         765
0         766
0         767
0         768
0         769
0         770
0         771
0         772
0         773
0         774
0         775
0         776
0         777
0         778
0         779
0         780
0         781
0         782
0         783
0         784
0         785
0         786
0         787
0         788
0         789
0         790
0         791
0         792
0         793
0         794
0         795
0         796
0         797
0         798
0         799
0         800
0         801
0         802
0         803
0         804
0         805
0         806
0         807
0         808
0         809
0         810
0         811
0         812
0         813
0         814
0         815
0         816
0         817
0         818
0         819
0         820
0         821
0         822
0         823
0         824
0         825
0         826
0         827
0         828
0         829
0         830
0         831
0         832
0         833
0         834
0         835
0         836
0         837
0         838
0         839
0         840
0         841
0         842
0         843
0         844
0         845
0         846
0         847
0         848
0         849
0         850
0         851
0         852
0         853
0         854
0         855
0         856
0         857
0         858
0         859
0         860
0         861
0         862
0         863
0         864
0         865
0         866
0         867
0         868
0         869
0         870
0         871
0         872
0         873
0         874
0         875
0         876
0         877
0         878
0         879
0         880
0         881
0         882
0         883
0         884
0         885
0         886
0         887
0         888
0         889
0         890
0         891
0         892
0         893
0         894
0         895
0         896
0         897
0         898
0         899
0         900
0         901
0         902
0         903
0         904
0         905
0         906
0         907
0         908
0         909
0         910
0         911
0         912
0         913
0         914
0         915
0         916
0         917
0         918
0         919
0         920
0         921
0         922
0         923
0         924
0         925
0         926
0         927
0         928
0         929
0         930
0         931
0         932
0.00125         933
0.00375         934
0.00375         935
0.00375         936
0.005         937
0.005         938
0.00625         939
0.00625         940
0.00875         941
0.00875         942
0.00875         943
0.00875         944
0.01         945
0.01125         946
0.01375         947
0.01375         948
0.015         949
0.015         950
0.01875         951
0.02         952
0.02         953
0.02375         954
0.0275         955
0.0275         956
0.035         957
0.0375         958
0.0375         959
0.04125         960
0.0425         961
0.04375         962
0.045         963
0.04625         964
0.05         965
0.0525         966
0.05625         967
0.05875         968
0.06375         969
0.065         970
0.06625         971
0.07125         972
0.0725         973
0.07375         974
0.07625         975
0.07875         976
0.0825         977
0.08375         978
0.08375         979
0.08375         980
0.08375         981
0.08875         982
0.09         983
0.09         984
0.09         985
0.09125         986
0.0925         987
0.0925         988
0.095         989
0.09625         990
0.1         991
0.1         992
0.10125         993
0.105         994
0.1075         995
0.11         996
0.11875         997
0.12         998
0.12         999
0.12         1000
0.12125         1001
0.1225         1002
0.125         1003
0.1275         1004
0.13125         1005
0.13625         1006
0.13625         1007
0.13625         1008
0.13625         1009
0.13625         1010
0.13625         1011
0.1375         1012
0.14         1013
0.14         1014
0.14375         1015
0.14375         1016
0.145         1017
0.14625         1018
0.14625         1019
0.145         1020
0.14625         1021
0.14375         1022
0.1425         1023
0.1425         1024
0.145         1025
0.14375         1026
0.14625         1027
0.145         1028
0.14375         1029
0.14375         1030
0.14375         1031
0.14375         1032
0.14375         1033
0.14375         1034
0.1425         1035
0.14         1036
0.14         1037
0.1375         1038
0.13875         1039
0.1375         1040
0.13625         1041
0.135         1042
0.1325         1043
0.13125         1044
0.1275         1045
0.12875         1046
0.1275         1047
0.12375         1048
0.1225         1049
0.12125         1050
0.11625         1051
0.115         1052
0.11375         1053
0.11375         1054
0.11         1055
0.1075         1056
0.105         1057
0.10375         1058
0.1025         1059
0.1         1060
0.09375         1061
0.09375         1062
0.09125         1063
0.085         1064
0.08375         1065
0.07625         1066
0.07375         1067
0.07         1068
0.06875         1069
0.0675         1070
0.06375         1071
0.0625         1072
0.06125         1073
0.055         1074
0.0525         1075
0.05         1076
0.05         1077
0.0425         1078
0.04125         1079
0.03875         1080
0.03375         1081
0.03375         1082
0.03375         1083
0.0325         1084
0.0325         1085
0.03         1086
0.0275         1087
0.02625         1088
0.025         1089
0.02625         1090
0.02625         1091
0.02625         1092
0.02375         1093
0.02375         1094
0.02375         1095
0.0275         1096
0.0325         1097
0.03625         1098
0.04         1099
0.04625         1100
0.05875         1101
0.07125         1102
0.08625         1103
0.1075         1104
0.12625         1105
0.14625         1106
0.15625         1107
0.16125         1108
0.1725         1109
0.185         1110
0.1875         1111
0.19375         1112
0.1975         1113
0.19625         1114
0.20125         1115
0.2025         1116
0.2025         1117
0.2025         1118
0.2025         1119
0.2025         1120
0.2025         1121
0.2025         1122
0.2025         1123
0.20125         1124
0.2025         1125
0.20375         1126
0.205         1127
0.21         1128
0.21125         1129
0.2125         1130
0.2125         1131
0.21375         1132
0.215         1133
0.215         1134
0.215         1135
0.215         1136
0.215         1137
0.215         1138
0.215         1139
0.215         1140
0.215         1141
0.215         1142
0.215         1143
0.215         1144
0.215         1145
0.215         1146
0.215         1147
0.215         1148
0.215         1149
0.215         1150
0.215         1151
0.215         1152
0.215         1153
0.215         1154
0.215         1155
0.21375         1156
0.21375         1157
0.21375         1158
0.21375         1159
0.21375         1160
0.21375         1161
0.21375         1162
0.21375         1163
0.21375         1164
0.21375         1165
0.21375         1166
0.21375         1167
0.21625         1168
0.21625         1169
0.21625         1170
0.21625         1171
0.21625         1172
0.21625         1173
0.215         1174
0.215         1175
0.215         1176
0.21625         1177
0.21625         1178
0.21625         1179
0.21625         1180
0.21625         1181
0.21625         1182
0.215         1183
0.215         1184
0.215         1185
0.215         1186
0.21625         1187
0.21625         1188
0.2175         1189
0.2175         1190
0.2175         1191
0.2175         1192
0.21625         1193
0.21625         1194
0.215         1195
0.215         1196
0.215         1197
0.215         1198
0.215         1199
0.215         1200
0.21375         1201
0.21375         1202
0.21375         1203
0.21375         1204
0.21375         1205
0.21375         1206
0.21375         1207
0.21375         1208
0.2125         1209
0.21125         1210
0.21125         1211
0.21125         1212
0.21125         1213
0.21125         1214
0.21125         1215
0.21125         1216
0.21125         1217
0.21125         1218
0.21125         1219
0.21125         1220
0.21125         1221
0.21         1222
0.21         1223
0.21         1224
0.21         1225
0.20875         1226
0.20875         1227
0.2075         1228
0.2075         1229
0.2075         1230
0.2075         1231
0.2075         1232
0.2075         1233
0.2075         1234
0.2075         1235
0.2075         1236
0.2075         1237
0.2075         1238
0.2075         1239
0.2075         1240
0.2075         1241
0.2075         1242
0.2075         1243
0.2075         1244
0.2075         1245
0.20625         1246
0.20625         1247
0.20625         1248
0.20625         1249
0.20625         1250
0.205         1251
0.205         1252
0.205         1253
0.205         1254
0.205         1255
0.20375         1256
0.20375         1257
0.20375         1258
0.2025         1259
0.2025         1260
0.2025         1261
0.2025         1262
0.2025         1263
0.20125         1264
0.20125         1265
0.20125         1266
0.20125         1267
0.20125         1268
0.20125         1269
0.20125         1270
0.2         1271
0.2         1272
0.2         1273
0.19875         1274
0.19875         1275
0.19875         1276
0.19875         1277
0.19875         1278
0.19875         1279
0.19875         1280
0.19875         1281
0.19875         1282
0.19875         1283
0.19875         1284
0.19875         1285
0.19875         1286
0.19875         1287
0.19875         1288
0.19875         1289
0.19875         1290
0.19875         1291
0.19875         1292
0.19875         1293
0.19875         1294
0.19875         1295
0.19875         1296
0.1975         1297
0.1975         1298
0.1975         1299
0.1975         1300
0.1975         1301
0.1975         1302
0.1975         1303
0.1975         1304
0.1975         1305
0.1975         1306
0.1975         1307
0.1975         1308
0.1975         1309
0.1975         1310
0.1975         1311
0.1975         1312
0.1975         1313
0.1975         1314
0.1975         1315
0.1975         1316
0.1975         1317
0.1975         1318
0.1975         1319
0.1975         1320
0.1975         1321
0.1975         1322
0.1975         1323
0.1975         1324
0.1975         1325
0.1975         1326
0.1975         1327
0.1975         1328
0.1975         1329
0.1975         1330
0.1975         1331
0.1975         1332
0.1975         1333
0.1975         1334
0.1975         1335
0.1975         1336
0.1975         1337
0.1975         1338
0.1975         1339
0.1975         1340
0.1975         1341
0.1975         1342
0.1975         1343
0.1975         1344
0.1975         1345
0.1975         1346
0.1975         1347
0.1975         1348
0.1975         1349
0.1975         1350
0.1975         1351
0.1975         1352
0.1975         1353
0.1975         1354
0.1975         1355
0.1975         1356
0.1975         1357
0.1975         1358
0.1975         1359
0.1975         1360
0.1975         1361
0.1975         1362
0.1975         1363
0.1975         1364
0.1975         1365
0.1975         1366
0.1975         1367
0.1975         1368
0.1975         1369
0.1975         1370
0.1975         1371
0.1975         1372
0.1975         1373
0.1975         1374
0.1975         1375
0.1975         1376
0.1975         1377
0.1975         1378
0.1975         1379
0.1975         1380
0.1975         1381
0.1975         1382
0.1975         1383
0.1975         1384
0.1975         1385
0.1975         1386
0.1975         1387
0.1975         1388
0.1975         1389
0.1975         1390
0.1975         1391
0.1975         1392
0.1975         1393
0.1975         1394
0.1975         1395
0.19625         1396
0.19625         1397
0.19625         1398
0.19625         1399
0.19625         1400
0.195         1401
0.195         1402
0.195         1403
0.195         1404
0.195         1405
0.195         1406
0.195         1407
0.195         1408
0.195         1409
0.195         1410
0.195         1411
0.195         1412
0.195         1413
0.195         1414
0.195         1415
0.195         1416
0.195         1417
0.195         1418
0.195         1419
0.195         1420
0.195         1421
0.195         1422
0.195         1423
0.195         1424
0.195         1425
0.195         1426
0.195         1427
0.195         1428
0.195         1429
0.195         1430
0.195         1431
0.195         1432
0.195         1433
0.195         1434
0.195         1435
0.195         1436
0.195         1437
0.195         1438
0.195         1439
0.195         1440
0.195         1441
0.195         1442
0.195         1443
0.195         1444
0.195         1445
0.195         1446
0.195         1447
0.195         1448
0.19375         1449
0.19375         1450
0.19375         1451
0.19375         1452
0.19375         1453
0.19375         1454
0.19375         1455
0.19375         1456
0.19375         1457
0.19375         1458
0.19375         1459
0.19375         1460
0.1925         1461
0.19125         1462
0.19125         1463
0.19125         1464
0.19125         1465
0.19125         1466
0.19125         1467
0.19125         1468
0.19125         1469
0.19125         1470
0.19125         1471
0.19125         1472
0.19125         1473
0.19125         1474
0.19125         1475
0.19125         1476
0.19         1477
0.19         1478
0.19         1479
0.19         1480
0.19         1481
0.19         1482
0.19         1483
0.19         1484
0.19         1485
0.19         1486
0.19         1487
0.19         1488
0.19         1489
0.19         1490
0.19         1491
0.19         1492
0.19         1493
0.19         1494
0.19         1495
0.19         1496
0.19         1497
0.19         1498
0.19         1499
0.19         1500
0.19         1501
0.19         1502
0.19         1503
0.19         1504
0.19         1505
0.19         1506
0.18875         1507
0.18875         1508
0.18875         1509
0.18875         1510
0.18875         1511
0.18875         1512
0.18875         1513
0.18875         1514
0.18875         1515
0.18875         1516
0.18875         1517
0.18875         1518
0.18875         1519
0.18875         1520
0.18875         1521
0.18875         1522
0.18875         1523
0.18875         1524
0.18875         1525
0.18875         1526
0.18875         1527
0.18875         1528
0.18875         1529
0.18875         1530
0.18875         1531
0.18875         1532
0.18875         1533
0.18875         1534
0.18875         1535
0.18875         1536
0.18875         1537
0.18875         1538
0.18875         1539
0.18875         1540
0.18875         1541
0.18875         1542
0.18875         1543
0.18875         1544
0.18875         1545
0.18875         1546
0.18875         1547
0.18875         1548
0.18875         1549
0.18875         1550
0.18875         1551
0.18875         1552
0.18875         1553
0.18875         1554
0.1875         1555
0.1875         1556
0.1875         1557
0.1875         1558
0.18625         1559
0.18625         1560
0.18625         1561
0.18625         1562
0.185         1563
0.185         1564
0.185         1565
0.185         1566
0.185         1567
0.185         1568
0.185         1569
0.185         1570
0.185         1571
0.185         1572
0.185         1573
0.185         1574
0.185         1575
0.185         1576
0.18375         1577
0.18375         1578
0.18375         1579
0.18375         1580
0.18375         1581
0.18375         1582
0.18375         1583
0.18375         1584
0.18375         1585
0.1825         1586
0.1825         1587
0.1825         1588
0.1825         1589
0.1825         1590
0.1825         1591
0.1825         1592
0.1825         1593
0.1825         1594
0.1825         1595
0.1825         1596
0.1825         1597
0.1825         1598
0.1825         1599
0.1825         1600
0.1825         1601
0.1825         1602
0.1825         1603
0.1825         1604
0.1825         1605
0.1825         1606
0.1825         1607
0.1825         1608
0.1825         1609
0.1825         1610
0.1825         1611
0.1825         1612
0.1825         1613
0.1825         1614
0.1825         1615
0.1825         1616
0.1825         1617
0.1825         1618
0.1825         1619
0.1825         1620
0.1825         1621
0.1825         1622
0.1825         1623
0.1825         1624
0.1825         1625
0.1825         1626
0.1825         1627
0.1825         1628
0.1825         1629
0.1825         1630
0.1825         1631
0.1825         1632
0.1825         1633
0.1825         1634
0.1825         1635
0.1825         1636
0.1825         1637
0.1825         1638
0.1825         1639
0.1825         1640
0.1825         1641
0.1825         1642
0.1825         1643
0.1825         1644
0.1825         1645
0.1825         1646
0.1825         1647
0.1825         1648
0.1825         1649
0.1825         1650
0.1825         1651
0.1825         1652
0.1825         1653
0.1825         1654
0.1825         1655
0.1825         1656
0.1825         1657
0.1825         1658
0.1825         1659
0.1825         1660
0.18125         1661
0.18125         1662
0.18125         1663
0.18125         1664
0.18125         1665
0.18125         1666
0.18125         1667
0.18125         1668
0.18125         1669
0.18125         1670
0.18125         1671
0.18125         1672
0.18125         1673
0.18125         1674
0.18125         1675
0.18125         1676
0.18125         1677
0.18125         1678
0.18125         1679
0.18125         1680
0.18125         1681
0.18125         1682
0.18125         1683
0.18125         1684
0.18125         1685
0.18125         1686
0.18125         1687
0.18125         1688
0.18125         1689
0.18125         1690
0.18125         1691
0.18125         1692
0.18125         1693
0.18125         1694
0.18125         1695
0.18125         1696
0.18125         1697
0.18125         1698
0.18125         1699
0.18125         1700
0.18125         1701
0.18125         1702
0.18125         1703
0.18125         1704
0.18125         1705
0.18125         1706
0.18125         1707
0.18125         1708
0.18         1709
0.18         1710
0.18         1711
0.18         1712
0.18         1713
0.18         1714
0.18         1715
0.17875         1716
0.17875         1717
0.17875         1718
0.17875         1719
0.17875         1720
0.17875         1721
0.17875         1722
0.17875         1723
0.17875         1724
0.17875         1725
0.17875         1726
0.17875         1727
0.17875         1728
0.17875         1729
0.17875         1730
0.17875         1731
0.17875         1732
0.1775         1733
0.1775         1734
0.1775         1735
0.1775         1736
0.1775         1737
0.1775         1738
0.1775         1739
0.1775         1740
0.1775         1741
0.1775         1742
0.1775         1743
0.1775         1744
0.1775         1745
0.1775         1746
0.1775         1747
0.1775         1748
0.1775         1749
0.17625         1750
0.17625         1751
0.17625         1752
0.17625         1753
0.17625         1754
0.17625         1755
0.17625         1756
0.17625         1757
0.17625         1758
0.17625         1759
0.17625         1760
0.17625         1761
0.175         1762
0.175         1763
0.175         1764
0.175         1765
0.175         1766
0.175         1767
0.175         1768
0.175         1769
0.175         1770
0.175         1771
0.175         1772
0.175         1773
0.175         1774
0.175         1775
0.175         1776
0.175         1777
0.175         1778
0.175         1779
0.175         1780
0.175         1781
0.175         1782
0.175         1783
0.175         1784
0.175         1785
0.175         1786
0.175         1787
0.175         1788
0.175         1789
0.175         1790
0.175         1791
0.175         1792
0.175         1793
0.175         1794
0.175         1795
0.175         1796
0.175         1797
0.175         1798
0.175         1799
0.175         1800
0.175         1801
0.175         1802
0.175         1803
0.175         1804
0.175         1805
0.175         1806
0.175         1807
0.175         1808
0.175         1809
0.175         1810
0.175         1811
0.175         1812
0.175         1813
0.175         1814
0.175         1815
0.175         1816
0.175         1817
0.175         1818
0.175         1819
0.175         1820
0.175         1821
0.175         1822
0.175         1823
0.175         1824
0.175         1825
0.175         1826
0.175         1827
0.175         1828
0.175         1829
0.175         1830
0.175         1831
0.175         1832
0.175         1833
0.175         1834
0.175         1835
0.175         1836
0.175         1837
0.175         1838
0.175         1839
0.175         1840
0.175         1841
0.175         1842
0.175         1843
0.175         1844
0.175         1845
0.175         1846
0.175         1847
0.175         1848
0.175         1849
0.175         1850
0.175         1851
0.175         1852
0.175         1853
0.175         1854
0.175         1855
0.175         1856
0.175         1857
0.175         1858
0.175         1859
0.175         1860
0.175         1861
0.175         1862
0.175         1863
0.175         1864
0.175         1865
0.175         1866
0.175         1867
0.175         1868
0.175         1869
0.175         1870
0.175         1871
0.175         1872
0.175         1873
0.175         1874
0.175         1875
0.175         1876
0.175         1877
0.175         1878
0.175         1879
0.175         1880
0.175         1881
0.175         1882
0.175         1883
0.175         1884
0.175         1885
0.175         1886
0.175         1887
0.175         1888
0.175         1889
0.175         1890
0.175         1891
0.175         1892
0.175         1893
0.175         1894
0.175         1895
0.175         1896
0.175         1897
0.175         1898
0.175         1899
0.175         1900
0.175         1901
0.175         1902
0.175         1903
0.175         1904
0.175         1905
0.175         1906
0.175         1907
0.175         1908
0.175         1909
0.175         1910
0.175         1911
0.175         1912
0.175         1913
0.175         1914
0.175         1915
0.175         1916
0.175         1917
0.175         1918
0.175         1919
0.175         1920
0.175         1921
0.175         1922
0.175         1923
0.175         1924
0.175         1925
0.175         1926
0.175         1927
0.175         1928
0.175         1929
0.175         1930
0.175         1931
0.175         1932
0.17375         1933
0.17375         1934
0.17375         1935
0.17375         1936
0.17375         1937
0.17375         1938
0.17375         1939
0.17375         1940
0.17375         1941
0.17375         1942
0.17375         1943
0.17375         1944
0.17375         1945
0.17375         1946
0.17375         1947
0.17375         1948
0.17375         1949
0.17375         1950
0.17375         1951
0.17375         1952
0.17375         1953
0.17375         1954
0.17375         1955
0.17375         1956
0.17375         1957
0.17375         1958
0.17375         1959
0.17375         1960
0.17375         1961
0.17375         1962
0.17375         1963
0.17375         1964
0.17375         1965
0.17375         1966
0.17375         1967
0.17375         1968
0.17375         1969
0.17375         1970
0.17375         1971
0.17375         1972
0.17375         1973
0.17375         1974
0.17375         1975
0.17375         1976
0.17375         1977
0.17375         1978
0.17375         1979
0.17375         1980
0.17375         1981
0.17375         1982
0.17375         1983
0.17375         1984
0.17375         1985
0.17375         1986
0.17375         1987
0.17375         1988
0.17375         1989
0.17375         1990
0.17375         1991
0.17375         1992
0.17375         1993
0.17375         1994
0.17375         1995
0.17375         1996
0.17375         1997
0.17375         1998
0.17375         1999
0.17375         2000
0.17375         2001
0.17375         2002
0.17375         2003
0.17375         2004
0.17375         2005
0.17375         2006
0.17375         2007
0.17375         2008
0.17375         2009
0.17375         2010
0.17375         2011
0.17375         2012
0.1725         2013
0.1725         2014
0.1725         2015
0.1725         2016
0.1725         2017
0.1725         2018
0.1725         2019
0.1725         2020
0.1725         2021
0.1725         2022
0.1725         2023
0.1725         2024
0.1725         2025
0.1725         2026
0.1725         2027
0.1725         2028
0.1725         2029
0.1725         2030
0.1725         2031
0.1725         2032
0.1725         2033
0.1725         2034
0.1725         2035
0.1725         2036
0.1725         2037
0.1725         2038
0.1725         2039
0.1725         2040
0.1725         2041
0.1725         2042
0.1725         2043
0.1725         2044
0.1725         2045
0.1725         2046
0.1725         2047
0.1725         2048
0.1725         2049
0.1725         2050
0.1725         2051
0.1725         2052
0.1725         2053
0.1725         2054
0.1725         2055
0.1725         2056
0.1725         2057
0.1725         2058
0.1725         2059
0.1725         2060
0.1725         2061
0.1725         2062
0.1725         2063
0.1725         2064
0.1725         2065
0.1725         2066
0.1725         2067
0.1725         2068
0.1725         2069
0.1725         2070
0.1725         2071
0.1725         2072
0.1725         2073
0.1725         2074
0.1725         2075
0.1725         2076
0.1725         2077
0.1725         2078
0.1725         2079
0.1725         2080
0.1725         2081
0.17125         2082
0.17125         2083
0.17125         2084
0.17125         2085
0.17125         2086
0.17125         2087
0.17125         2088
0.17125         2089
0.17125         2090
0.17125         2091
0.17125         2092
0.17125         2093
0.17125         2094
0.17125         2095
0.17125         2096
0.17125         2097
0.17125         2098
0.17125         2099
0.17125         2100
0.17125         2101
0.17125         2102
0.17125         2103
0.17125         2104
0.17         2105
0.17         2106
0.17         2107
0.17         2108
0.17         2109
0.17         2110
0.17         2111
0.17         2112
0.17         2113
0.17         2114
0.17         2115
0.17         2116
0.17         2117
0.17         2118
0.17         2119
0.17         2120
0.17         2121
0.17         2122
0.17         2123
0.17         2124
0.17         2125
0.17         2126
0.17         2127
0.17         2128
0.17         2129
0.17         2130
0.17         2131
0.17         2132
0.17         2133
0.17         2134
0.17         2135
0.17         2136
0.17         2137
0.17         2138
0.17         2139
0.17         2140
0.17         2141
0.17         2142
0.17         2143
0.17         2144
0.17         2145
0.17         2146
0.17         2147
0.17         2148
0.17         2149
0.17         2150
0.17         2151
0.17         2152
0.17         2153
0.17         2154
0.17         2155
0.17         2156
0.17         2157
0.17         2158
0.17         2159
0.17         2160
0.17         2161
0.17         2162
0.17         2163
0.17         2164
0.17         2165
0.17         2166
0.17         2167
0.17         2168
0.17         2169
0.17         2170
0.17         2171
0.17         2172
0.17         2173
0.17         2174
0.17         2175
0.17         2176
0.17         2177
0.16875         2178
0.16875         2179
0.16875         2180
0.16875         2181
0.16875         2182
0.16875         2183
0.16875         2184
0.16875         2185
0.16875         2186
0.16875         2187
0.16875         2188
0.16875         2189
0.16875         2190
0.16875         2191
0.16875         2192
0.16875         2193
0.16875         2194
0.16875         2195
0.16875         2196
0.16875         2197
0.16875         2198
0.16875         2199
0.16875         2200
0.16875         2201
0.16875         2202
0.16875         2203
0.16875         2204
0.16875         2205
0.16875         2206
0.16875         2207
0.16875         2208
0.16875         2209
0.16875         2210
0.16875         2211
0.16875         2212
0.16875         2213
0.16875         2214
0.16875         2215
0.16875         2216
0.16875         2217
0.16875         2218
0.16875         2219
0.16875         2220
0.16875         2221
0.16875         2222
0.16875         2223
0.16875         2224
0.16875         2225
0.16875         2226
0.16875         2227
0.16875         2228
0.16875         2229
0.16875         2230
0.16875         2231
0.16875         2232
0.16875         2233
0.1675         2234
0.16875         2235
0.16875         2236
0.16875         2237
0.16875         2238
0.16875         2239
0.16875         2240
0.17         2241
0.17         2242
0.17         2243
0.17         2244
0.17         2245
0.16875         2246
0.16875         2247
0.16875         2248
0.16875         2249
0.16875         2250
0.16875         2251
0.16875         2252
0.16875         2253
0.16875         2254
0.16875         2255
0.16875         2256
0.16875         2257
0.16875         2258
0.16875         2259
0.16875         2260
0.16875         2261
0.16875         2262
0.1675         2263
0.1675         2264
0.1675         2265
0.1675         2266
0.1675         2267
0.1675         2268
0.16625         2269
0.16625         2270
0.16625         2271
0.16625         2272
0.16625         2273
0.16625         2274
0.16625         2275
0.16625         2276
0.16625         2277
0.16625         2278
0.16625         2279
0.16625         2280
0.16625         2281
0.16625         2282
0.16625         2283
0.16625         2284
0.16625         2285
0.16625         2286
0.16625         2287
0.16625         2288
0.16625         2289
0.16625         2290
0.16625         2291
0.16625         2292
0.16625         2293
0.16625         2294
0.16625         2295
0.16625         2296
0.16625         2297
0.16625         2298
0.16625         2299
0.16625         2300
0.16625         2301
0.16625         2302
0.16625         2303
0.16625         2304
0.16625         2305
0.16625         2306
0.16625         2307
0.16625         2308
0.16625         2309
0.16625         2310
0.16625         2311
0.16625         2312
0.16625         2313
0.16625         2314
0.16625         2315
0.16625         2316
0.16625         2317
0.16625         2318
0.16625         2319
0.16625         2320
0.16625         2321
0.16625         2322
0.16625         2323
0.16625         2324
0.16625         2325
0.16625         2326
0.16625         2327
0.16625         2328
0.16625         2329
0.16625         2330
0.16625         2331
0.16625         2332
0.16625         2333
0.16625         2334
0.16625         2335
0.16625         2336
0.16625         2337
0.1675         2338
0.1675         2339
0.1675         2340
0.1675         2341
0.1675         2342
0.1675         2343
0.1675         2344
0.1675         2345
0.1675         2346
0.1675         2347
0.1675         2348
0.1675         2349
0.1675         2350
0.1675         2351
0.16875         2352
0.16875         2353
0.16875         2354
0.16875         2355
0.16875         2356
0.16875         2357
0.16875         2358
0.16875         2359
0.16875         2360
0.1675         2361
0.1675         2362
0.1675         2363
0.1675         2364
0.1675         2365
0.1675         2366
0.1675         2367
0.1675         2368
0.1675         2369
0.16625         2370
0.16625         2371
0.16625         2372
0.16625         2373
0.16625         2374
0.16625         2375
0.16625         2376
0.16625         2377
0.16625         2378
0.16625         2379
0.16625         2380
0.16625         2381
0.16625         2382
0.16625         2383
0.16625         2384
0.16625         2385
0.16625         2386
0.16625         2387
0.16625         2388
0.16625         2389
0.16625         2390
0.16625         2391
0.16625         2392
0.16625         2393
0.16625         2394
0.16625         2395
0.16625         2396
0.16625         2397
0.16625         2398
0.16625         2399
0.16625         2400
0.165         2401
0.165         2402
0.165         2403
0.165         2404
0.165         2405
0.165         2406
0.165         2407
0.165         2408
0.165         2409
0.165         2410
0.165         2411
0.165         2412
0.165         2413
0.165         2414
0.165         2415
0.165         2416
0.165         2417
0.165         2418
0.165         2419
0.165         2420
0.165         2421
0.165         2422
0.165         2423
0.165         2424
0.165         2425
0.165         2426
0.165         2427
0.165         2428
0.165         2429
0.165         2430
0.165         2431
0.165         2432
0.165         2433
0.165         2434
0.165         2435
0.165         2436
0.165         2437
0.165         2438
0.165         2439
0.165         2440
0.165         2441
0.165         2442
0.165         2443
0.165         2444
0.165         2445
0.165         2446
0.165         2447
0.165         2448
0.165         2449
0.165         2450
0.165         2451
0.165         2452
0.165         2453
0.165         2454
0.165         2455
0.165         2456
0.165         2457
0.165         2458
0.165         2459
0.165         2460
0.165         2461
0.165         2462
0.165         2463
0.165         2464
0.165         2465
0.16625         2466
0.16625         2467
0.16625         2468
0.16625         2469
0.16625         2470
0.16625         2471
0.16625         2472
0.16625         2473
0.16625         2474
0.16625         2475
0.16625         2476
0.16625         2477
0.1675         2478
0.1675         2479
0.1675         2480
0.1675         2481
0.1675         2482
0.1675         2483
0.1675         2484
0.1675         2485
0.1675         2486
0.1675         2487
0.1675         2488
0.1675         2489
0.1675         2490
0.1675         2491
0.1675         2492
0.1675         2493
0.1675         2494
0.1675         2495
0.1675         2496
0.1675         2497
0.1675         2498
0.1675         2499
0.1675         2500
0.1675         2501
0.1675         2502
0.1675         2503
0.1675         2504
0.1675         2505
0.1675         2506
0.1675         2507
0.1675         2508
0.1675         2509
0.1675         2510
0.16875         2511
0.16875         2512
0.16875         2513
0.16875         2514
0.16875         2515
0.16875         2516
0.16875         2517
0.16875         2518
0.16875         2519
0.16875         2520
0.16875         2521
0.16875         2522
0.17         2523
0.17         2524
0.17         2525
0.17         2526
0.17         2527
0.17         2528
0.16875         2529
0.16875         2530
0.16875         2531
0.16875         2532
0.16875         2533
0.16875         2534
0.16875         2535
0.17         2536
0.17         2537
0.17         2538
0.17         2539
0.17         2540
0.17         2541
0.17         2542
0.17         2543
0.17         2544
0.17         2545
0.17         2546
0.17         2547
0.17         2548
0.17         2549
0.17         2550
0.17         2551
0.17         2552
0.17125         2553
0.17125         2554
0.17125         2555
0.17125         2556
0.17         2557
0.17         2558
0.17         2559
0.17125         2560
0.17125         2561
0.17125         2562
0.17125         2563
0.17125         2564
0.17125         2565
0.17125         2566
0.17125         2567
0.17125         2568
0.17125         2569
0.17125         2570
0.17125         2571
0.17125         2572
0.17125         2573
0.1725         2574
0.17375         2575
0.175         2576
0.175         2577
0.175         2578
0.175         2579
0.175         2580
0.17625         2581
0.17625         2582
0.17625         2583
0.1775         2584
0.1775         2585
0.1775         2586
0.1775         2587
0.17625         2588
0.17625         2589
0.17625         2590
0.17625         2591
0.17625         2592
0.17625         2593
0.17625         2594
0.17625         2595
0.17625         2596
0.17625         2597
0.17625         2598
0.17625         2599
0.17625         2600
0.1775         2601
0.1775         2602
0.1775         2603
0.1775         2604
0.1775         2605
0.1775         2606
0.1775         2607
0.1775         2608
0.1775         2609
0.1775         2610
0.1775         2611
0.17875         2612
0.17875         2613
0.17875         2614
0.17875         2615
0.17875         2616
0.17875         2617
0.17875         2618
0.18         2619
0.18125         2620
0.18125         2621
0.18125         2622
0.18125         2623
0.18125         2624
0.18125         2625
0.18125         2626
0.18125         2627
0.18125         2628
0.18125         2629
0.18125         2630
0.18125         2631
0.18125         2632
0.1825         2633
0.1825         2634
0.1825         2635
0.1825         2636
0.1825         2637
0.1825         2638
0.1825         2639
0.1825         2640
0.1825         2641
0.1825         2642
0.18125         2643
0.18125         2644
0.18125         2645
0.1825         2646
0.1825         2647
0.1825         2648
0.1825         2649
0.1825         2650
0.18375         2651
0.185         2652
0.185         2653
0.185         2654
0.185         2655
0.185         2656
0.185         2657
0.185         2658
0.185         2659
0.185         2660
0.185         2661
0.185         2662
0.185         2663
0.185         2664
0.18375         2665
0.18375         2666
0.18375         2667
0.1825         2668
0.1825         2669
0.1825         2670
0.1825         2671
0.18375         2672
0.185         2673
0.18625         2674
0.18625         2675
0.18625         2676
0.18625         2677
0.18625         2678
0.18625         2679
0.18625         2680
0.18625         2681
0.1875         2682
0.18875         2683
0.18875         2684
0.18875         2685
0.18875         2686
0.1875         2687
0.1875         2688
0.18625         2689
0.18625         2690
0.18625         2691
0.18625         2692
0.18875         2693
0.18875         2694
0.18875         2695
0.18875         2696
0.18875         2697
0.1875         2698
0.1875         2699
0.1875         2700
0.1875         2701
0.1875         2702
0.18875         2703
0.19         2704
0.19         2705
0.19125         2706
0.19125         2707
0.19125         2708
0.19125         2709
0.19125         2710
0.19125         2711
0.19125         2712
0.19125         2713
0.19125         2714
0.19125         2715
0.19125         2716
0.19125         2717
0.1925         2718
0.1925         2719
0.1925         2720
0.19375         2721
0.19375         2722
0.19375         2723
0.19625         2724
0.1975         2725
0.1975         2726
0.1975         2727
0.1975         2728
0.1975         2729
0.19625         2730
0.1975         2731
0.1975         2732
0.1975         2733
0.2         2734
0.2         2735
0.2         2736
0.2         2737
0.2         2738
0.20125         2739
0.20125         2740
0.20375         2741
0.2025         2742
0.20375         2743
0.205         2744
0.205         2745
0.205         2746
0.205         2747
0.20375         2748
0.20375         2749
0.20375         2750
0.20375         2751
0.20375         2752
0.205         2753
0.205         2754
0.205         2755
0.205         2756
0.205         2757
0.20625         2758
0.20625         2759
0.20625         2760
0.20625         2761
0.20625         2762
0.205         2763
0.205         2764
0.20625         2765
0.20625         2766
0.20625         2767
0.205         2768
0.205         2769
0.205         2770
0.205         2771
0.205         2772
0.205         2773
0.20625         2774
0.2075         2775
0.20625         2776
0.205         2777
0.20625         2778
0.20625         2779
0.205         2780
0.205         2781
0.205         2782
0.205         2783
0.20375         2784
0.2025         2785
0.20125         2786
0.20125         2787
0.20125         2788
0.20125         2789
0.2         2790
0.2         2791
0.2         2792
0.19875         2793
0.19875         2794
0.19875         2795
0.1975         2796
0.19875         2797
0.19875         2798
0.1975         2799
0.1975         2800
0.1975         2801
0.19625         2802
0.19625         2803
0.1975         2804
0.1975         2805
0.1975         2806
0.19875         2807
0.19875         2808
0.19875         2809
0.19875         2810
0.19875         2811
0.19875         2812
0.19875         2813
0.2         2814
0.2         2815
0.20125         2816
0.20125         2817
0.20125         2818
0.20125         2819
0.20125         2820
0.2         2821
0.20125         2822
0.20125         2823
0.20125         2824
0.20125         2825
0.20125         2826
0.20125         2827
0.20125         2828
0.2         2829
0.2         2830
0.2         2831
0.2         2832
0.2         2833
0.2         2834
0.2         2835
0.20125         2836
0.2025         2837
0.2025         2838
0.2025         2839
0.2025         2840
0.2025         2841
0.20375         2842
0.2025         2843
0.2025         2844
0.2025         2845
0.2025         2846
0.2025         2847
0.2025         2848
0.205         2849
0.205         2850
0.205         2851
0.20625         2852
0.20625         2853
0.20625         2854
0.20625         2855
0.205         2856
0.205         2857
0.205         2858
0.205         2859
0.205         2860
0.205         2861
0.205         2862
0.205         2863
0.20625         2864
0.20625         2865
0.205         2866
0.205         2867
0.205         2868
0.205         2869
0.205         2870
0.205         2871
0.205         2872
0.205         2873
0.205         2874
0.205         2875
0.205         2876
0.205         2877
0.205         2878
0.205         2879
0.205         2880
0.205         2881
0.205         2882
0.205         2883
0.205         2884
0.205         2885
0.205         2886
0.205         2887
0.205         2888
0.205         2889
0.205         2890
0.20375         2891
0.20375         2892
0.20375         2893
0.20375         2894
0.20375         2895
0.20375         2896
0.205         2897
0.20375         2898
0.20375         2899
0.20375         2900
0.20375         2901
0.2025         2902
0.2025         2903
0.2025         2904
0.2025         2905
0.2025         2906
0.2025         2907
0.2025         2908
0.2025         2909
0.2025         2910
0.20125         2911
0.20125         2912
0.20125         2913
0.20125         2914
0.2         2915
0.2         2916
0.2         2917
0.2         2918
0.2         2919
0.2         2920
0.2         2921
0.2         2922
0.2         2923
0.2         2924
0.19875         2925
0.19875         2926
0.195         2927
0.195         2928
0.19375         2929
0.195         2930
0.195         2931
0.195         2932
0.195         2933
0.195         2934
0.195         2935
0.195         2936
0.1925         2937
0.1925         2938
0.1925         2939
0.1925         2940
0.1925         2941
0.1925         2942
0.1925         2943
0.1925         2944
0.1925         2945
0.19125         2946
0.19125         2947
0.19125         2948
0.1925         2949
0.1925         2950
0.1925         2951
0.1925         2952
0.1925         2953
0.1925         2954
0.19         2955
0.19         2956
0.19         2957
0.19         2958
0.19         2959
0.19         2960
0.19         2961
0.19         2962
0.18875         2963
0.18875         2964
0.18875         2965
0.18875         2966
0.1875         2967
0.1875         2968
0.1875         2969
0.1875         2970
0.1875         2971
0.1875         2972
0.1875         2973
0.1875         2974
0.1875         2975
0.1875         2976
0.1875         2977
0.1875         2978
0.1875         2979
0.1875         2980
0.18875         2981
0.18875         2982
0.18875         2983
0.18875         2984
0.18875         2985
0.18875         2986
0.18875         2987
0.19         2988
0.19         2989
0.19         2990
0.19         2991
0.19         2992
0.19         2993
0.19         2994
0.19         2995
0.19         2996
0.19         2997
0.19         2998
0.19125         2999
0.1925         3000
0.19375         3001
0.19375         3002
0.19375         3003
0.19375         3004
0.19375         3005
0.19375         3006
0.19375         3007
0.1925         3008
0.1925         3009
0.1925         3010
0.1925         3011
0.1925         3012
0.1925         3013
0.1925         3014
0.19375         3015
0.19375         3016
0.19375         3017
0.19375         3018
0.19375         3019
0.19375         3020
0.19375         3021
0.195         3022
0.195         3023
0.195         3024
0.195         3025
0.19375         3026
0.19375         3027
0.19375         3028
0.19375         3029
0.19375         3030
0.19375         3031
0.19375         3032
0.19375         3033
0.19375         3034
0.19375         3035
0.19375         3036
0.19375         3037
0.19375         3038
0.19375         3039
0.19375         3040
0.19375         3041
0.19375         3042
0.19375         3043
0.19375         3044
0.19375         3045
0.19375         3046
0.19375         3047
0.19375         3048
0.19375         3049
0.19375         3050
0.19375         3051
0.1925         3052
0.1925         3053
0.1925         3054
0.1925         3055
0.1925         3056
0.1925         3057
0.1925         3058
0.1925         3059
0.1925         3060
0.1925         3061
0.1925         3062
0.1925         3063
0.1925         3064
0.1925         3065
0.1925         3066
0.19375         3067
0.19375         3068
0.19375         3069
0.195         3070
0.195         3071
0.195         3072
0.195         3073
0.195         3074
0.195         3075
0.195         3076
0.195         3077
0.195         3078
0.195         3079
0.195         3080
0.195         3081
0.195         3082
0.195         3083
0.195         3084
0.195         3085
0.19375         3086
0.19375         3087
0.19375         3088
0.195         3089
0.195         3090
0.195         3091
0.195         3092
0.195         3093
0.195         3094
0.195         3095
0.19375         3096
0.19375         3097
0.19375         3098
0.19375         3099
0.19375         3100
0.19375         3101
0.19375         3102
0.1925         3103
0.19375         3104
0.19375         3105
0.19375         3106
0.19375         3107
0.19375         3108
0.19375         3109
0.19375         3110
0.19375         3111
0.19375         3112
0.19375         3113
0.19375         3114
0.195         3115
0.195         3116
0.195         3117
0.195         3118
0.195         3119
0.195         3120
0.195         3121
0.19375         3122
0.19375         3123
0.19375         3124
0.19375         3125
0.19375         3126
0.19375         3127
0.19375         3128
0.19375         3129
0.19375         3130
0.19375         3131
0.1925         3132
0.1925         3133
0.1925         3134
0.1925         3135
0.19         3136
0.19         3137
0.19         3138
0.19         3139
0.19         3140
0.19         3141
0.19         3142
0.19         3143
0.19         3144
0.19         3145
0.19         3146
0.19         3147
0.19         3148
0.19         3149
0.19         3150
0.19         3151
0.19         3152
0.19         3153
0.19         3154
0.19         3155
0.19         3156
0.19125         3157
0.19125         3158
0.19125         3159
0.19125         3160
0.19125         3161
0.19125         3162
0.19125         3163
0.19125         3164
0.19125         3165
0.19125         3166
0.19125         3167
0.19125         3168
0.19125         3169
0.19125         3170
0.19125         3171
0.19125         3172
0.19125         3173
0.19125         3174
0.19125         3175
0.19125         3176
0.1925         3177
0.1925         3178
0.1925         3179
0.1925         3180
0.1925         3181
0.1925         3182
0.1925         3183
0.1925         3184
0.1925         3185
0.19125         3186
0.19125         3187
0.19125         3188
0.19125         3189
0.19125         3190
0.19125         3191
0.19125         3192
0.19125         3193
0.19125         3194
0.19125         3195
0.19125         3196
0.19         3197
0.19         3198
0.19         3199
0.19         3200
0.19         3201
0.18875         3202
0.18875         3203
0.18875         3204
0.18875         3205
0.18875         3206
0.18875         3207
0.18875         3208
0.18875         3209
0.18875         3210
0.18875         3211
0.18875         3212
0.1875         3213
0.1875         3214
0.1875         3215
0.1875         3216
0.18875         3217
0.18875         3218
0.18875         3219
0.18875         3220
0.18875         3221
0.18875         3222
0.18875         3223
0.18875         3224
0.1875         3225
0.1875         3226
0.1875         3227
0.1875         3228
0.1875         3229
0.1875         3230
0.1875         3231
0.1875         3232
0.1875         3233
0.1875         3234
0.1875         3235
0.1875         3236
0.1875         3237
0.1875         3238
0.1875         3239
0.18625         3240
0.18625         3241
0.18625         3242
0.18625         3243
0.18625         3244
0.18625         3245
0.185         3246
0.18625         3247
0.18625         3248
0.185         3249
0.185         3250
0.185         3251
0.185         3252
0.185         3253
0.185         3254
0.18625         3255
0.18625         3256
0.18625         3257
0.18625         3258
0.18625         3259
0.18625         3260
0.1875         3261
0.1875         3262
0.1875         3263
0.1875         3264
0.1875         3265
0.1875         3266
0.1875         3267
0.1875         3268
0.1875         3269
0.1875         3270
0.18625         3271
0.1875         3272
0.1875         3273
0.1875         3274
0.1875         3275
0.1875         3276
0.1875         3277
0.1875         3278
0.1875         3279
0.1875         3280
0.1875         3281
0.1875         3282
0.1875         3283
0.1875         3284
0.1875         3285
0.1875         3286
0.1875         3287
0.1875         3288
0.1875         3289
0.1875         3290
0.1875         3291
0.1875         3292
0.1875         3293
0.1875         3294
0.1875         3295
0.1875         3296
0.18625         3297
0.18625         3298
0.185         3299
0.185         3300
0.185         3301
0.185         3302
0.185         3303
0.185         3304
0.185         3305
0.185         3306
0.185         3307
0.185         3308
0.185         3309
0.185         3310
0.185         3311
0.185         3312
0.185         3313
0.185         3314
0.185         3315
0.185         3316
0.185         3317
0.185         3318
0.18625         3319
0.18625         3320
0.18625         3321
0.18625         3322
0.18625         3323
0.18625         3324
0.18625         3325
0.18625         3326
0.18625         3327
0.18625         3328
0.185         3329
0.185         3330
0.185         3331
0.18375         3332
0.18375         3333
0.18375         3334
0.18375         3335
0.18375         3336
0.18375         3337
0.18375         3338
0.18375         3339
0.18375         3340
0.18375         3341
0.18375         3342
0.18375         3343
0.18375         3344
0.18375         3345
0.18375         3346
0.18375         3347
0.18375         3348
0.18375         3349
0.18375         3350
0.18375         3351
0.1825         3352
0.1825         3353
0.1825         3354
0.1825         3355
0.1825         3356
0.1825         3357
0.1825         3358
0.1825         3359
0.1825         3360
0.18125         3361
0.18125         3362
0.18125         3363
0.18125         3364
0.1825         3365
0.1825         3366
0.18375         3367
0.18375         3368
0.18375         3369
0.18375         3370
0.18375         3371
0.18375         3372
0.18375         3373
0.18375         3374
0.18375         3375
0.18375         3376
0.18375         3377
0.18375         3378
0.18375         3379
0.18375         3380
0.18375         3381
0.18375         3382
0.18375         3383
0.18375         3384
0.18375         3385
0.18375         3386
0.18375         3387
0.18375         3388
0.18375         3389
0.1825         3390
0.1825         3391
0.18125         3392
0.18125         3393
0.17875         3394
0.17875         3395
0.17875         3396
0.1775         3397
0.1775         3398
0.1775         3399
0.1775         3400
0.17875         3401
0.17875         3402
0.17875         3403
0.17875         3404
0.17875         3405
0.17875         3406
0.17875         3407
0.17875         3408
0.17875         3409
0.17875         3410
0.17875         3411
0.1775         3412
0.1775         3413
0.1775         3414
0.1775         3415
0.1775         3416
0.1775         3417
0.1775         3418
0.17875         3419
0.17875         3420
0.17875         3421
0.17875         3422
0.17875         3423
0.17875         3424
0.17875         3425
0.18         3426
0.17875         3427
0.17875         3428
0.18         3429
0.18         3430
0.17875         3431
0.17875         3432
0.1775         3433
0.17875         3434
0.18         3435
0.18         3436
0.18         3437
0.18         3438
0.18         3439
0.17875         3440
0.17875         3441
0.17875         3442
0.17875         3443
0.17875         3444
0.1775         3445
0.1775         3446
0.1775         3447
0.1775         3448
0.1775         3449
0.1775         3450
0.1775         3451
0.1775         3452
0.1775         3453
0.1775         3454
0.1775         3455
0.1775         3456
0.1775         3457
0.1775         3458
0.1775         3459
0.1775         3460
0.1775         3461
0.1775         3462
0.1775         3463
0.1775         3464
0.17625         3465
0.17625         3466
0.1775         3467
0.17875         3468
0.17875         3469
0.17875         3470
0.17875         3471
0.17875         3472
0.17875         3473
0.17875         3474
0.1775         3475
0.1775         3476
0.17875         3477
0.17875         3478
0.17875         3479
0.17875         3480
0.17875         3481
0.17875         3482
0.17875         3483
0.17875         3484
0.17875         3485
0.17875         3486
0.17875         3487
0.17875         3488
0.17875         3489
0.17875         3490
0.17875         3491
0.17875         3492
0.17875         3493
0.17875         3494
0.17875         3495
0.17875         3496
0.17875         3497
0.17875         3498
0.17875         3499
0.17875         3500
0.17875         3501
0.17875         3502
0.17875         3503
0.17875         3504
0.17875         3505
0.17875         3506
0.17875         3507
0.17875         3508
0.17875         3509
0.17875         3510
0.17875         3511
0.17875         3512
0.17875         3513
0.17875         3514
0.17875         3515
0.1775         3516
0.1775         3517
0.1775         3518
0.1775         3519
0.1775         3520
0.1775         3521
0.1775         3522
0.1775         3523
0.1775         3524
0.17625         3525
0.17625         3526
0.1775         3527
0.1775         3528
0.1775         3529
0.1775         3530
0.1775         3531
0.17875         3532
0.17875         3533
0.17875         3534
0.17875         3535
0.17875         3536
0.17875         3537
0.1775         3538
0.17625         3539
0.17625         3540
0.17625         3541
0.17625         3542
0.17625         3543
0.17625         3544
0.17625         3545
0.17625         3546
0.17625         3547
0.17625         3548
0.17625         3549
0.17625         3550
0.17625         3551
0.17625         3552
0.17625         3553
0.17625         3554
0.17625         3555
0.17625         3556
0.17625         3557
0.17625         3558
0.1775         3559
0.1775         3560
0.1775         3561
0.1775         3562
0.1775         3563
0.1775         3564
0.1775         3565
0.1775         3566
0.17875         3567
0.17875         3568
0.17875         3569
0.17875         3570
0.17875         3571
0.17875         3572
0.18         3573
0.18         3574
0.18         3575
0.18         3576
0.18         3577
0.18         3578
0.18         3579
0.18         3580
0.18         3581
0.18125         3582
0.18125         3583
0.18125         3584
0.18125         3585
0.18125         3586
0.18125         3587
0.18125         3588
0.18125         3589
0.18         3590
0.18         3591
0.18         3592
0.18         3593
0.18         3594
0.18         3595
0.18         3596
0.18         3597
0.18         3598
0.18         3599
0.18         3600
0.18         3601
0.18         3602
0.18         3603
0.18         3604
0.18         3605
0.18         3606
0.18         3607
0.18         3608
0.18         3609
0.18         3610
0.18         3611
0.18         3612
0.18125         3613
0.18125         3614
0.18125         3615
0.18125         3616
0.18125         3617
0.18125         3618
0.18125         3619
0.18125         3620
0.18125         3621
0.18125         3622
0.18125         3623
0.18125         3624
0.18125         3625
0.18125         3626
0.18125         3627
0.18125         3628
0.18125         3629
0.18125         3630
0.18125         3631
0.18125         3632
0.18125         3633
0.18125         3634
0.18125         3635
0.18125         3636
0.18125         3637
0.18125         3638
0.18125         3639
0.18125         3640
0.18         3641
0.18         3642
0.18         3643
0.18         3644
0.18         3645
0.18         3646
0.18         3647
0.18         3648
0.18         3649
0.18         3650
0.18         3651
0.18         3652
0.18         3653
0.18         3654
0.18         3655
0.18         3656
0.18         3657
0.17875         3658
0.17875         3659
0.18         3660
0.18         3661
0.18         3662
0.18         3663
0.18         3664
0.18         3665
0.18         3666
0.18         3667
0.18         3668
0.18         3669
0.18         3670
0.18         3671
0.18         3672
0.18         3673
0.18         3674
0.18         3675
0.18         3676
0.18         3677
0.18         3678
0.18         3679
0.18         3680
0.18         3681
0.18         3682
0.18         3683
0.18         3684
0.18         3685
0.18         3686
0.18         3687
0.18         3688
0.17875         3689
0.17875         3690
0.17875         3691
0.17875         3692
0.1775         3693
0.1775         3694
0.1775         3695
0.1775         3696
0.1775         3697
0.1775         3698
0.1775         3699
0.1775         3700
0.1775         3701
0.1775         3702
0.17625         3703
0.17625         3704
0.17625         3705
0.17625         3706
0.17625         3707
0.17625         3708
0.17625         3709
0.1775         3710
0.1775         3711
0.1775         3712
0.1775         3713
0.1775         3714
0.1775         3715
0.1775         3716
0.1775         3717
0.1775         3718
0.1775         3719
0.1775         3720
0.1775         3721
0.1775         3722
0.1775         3723
0.1775         3724
0.1775         3725
0.1775         3726
0.1775         3727
0.1775         3728
0.1775         3729
0.1775         3730
0.17875         3731
0.17875         3732
0.18         3733
0.18         3734
0.18         3735
0.18         3736
0.18         3737
0.17875         3738
0.17875         3739
0.17875         3740
0.17875         3741
0.17875         3742
0.17875         3743
0.17875         3744
0.17875         3745
0.17875         3746
0.17875         3747
0.17875         3748
0.17875         3749
0.17875         3750
0.17875         3751
0.17875         3752
0.17875         3753
0.17875         3754
0.17875         3755
0.17875         3756
0.17875         3757
0.17875         3758
0.17875         3759
0.17875         3760
0.18         3761
0.18         3762
0.18         3763
0.18         3764
0.18         3765
0.18         3766
0.18         3767
0.17875         3768
0.17875         3769
0.17875         3770
0.17875         3771
0.17875         3772
0.17875         3773
0.17875         3774
0.18         3775
0.18         3776
0.18         3777
0.18         3778
0.18         3779
0.18         3780
0.17875         3781
0.17875         3782
0.17875         3783
0.17875         3784
0.17875         3785
0.17875         3786
0.18         3787
0.18         3788
0.18         3789
0.18         3790
0.17875         3791
0.17875         3792
0.17875         3793
0.17875         3794
0.17875         3795
0.17875         3796
0.17875         3797
0.17875         3798
0.17875         3799
0.17875         3800
0.17875         3801
0.17875         3802
0.17875         3803
0.17875         3804
0.17875         3805
0.17875         3806
0.17875         3807
0.17875         3808
0.17875         3809
0.17875         3810
0.17875         3811
0.17875         3812
0.17875         3813
0.17875         3814
0.17875         3815
0.17875         3816
0.17875         3817
0.17875         3818
0.17875         3819
0.17875         3820
0.17875         3821
0.17875         3822
0.17875         3823
0.17875         3824
0.17875         3825
0.17875         3826
0.17875         3827
0.17875         3828
0.17875         3829
0.17875         3830
0.17875         3831
0.1775         3832
0.1775         3833
0.17625         3834
0.17625         3835
0.17625         3836
0.17625         3837
0.17625         3838
0.17625         3839
0.17625         3840
0.17625         3841
0.17625         3842
0.17625         3843
0.17625         3844
0.1775         3845
0.1775         3846
0.1775         3847
0.1775         3848
0.1775         3849
0.1775         3850
0.1775         3851
0.1775         3852
0.1775         3853
0.1775         3854
0.1775         3855
0.1775         3856
0.1775         3857
0.1775         3858
0.1775         3859
0.1775         3860
0.1775         3861
0.1775         3862
0.1775         3863
0.1775         3864
0.1775         3865
0.1775         3866
0.1775         3867
0.17875         3868
0.17875         3869
0.17875         3870
0.17875         3871
0.17875         3872
0.17875         3873
0.17875         3874
0.17875         3875
0.17875         3876
0.18         3877
0.18         3878
0.18         3879
0.18         3880
0.17875         3881
0.17875         3882
0.17875         3883
0.17875         3884
0.17875         3885
0.17875         3886
0.17875         3887
0.17875         3888
0.17875         3889
0.17875         3890
0.17875         3891
0.1775         3892
0.1775         3893
0.1775         3894
0.1775         3895
0.1775         3896
0.1775         3897
0.1775         3898
0.1775         3899
0.1775         3900
0.1775         3901
0.1775         3902
0.1775         3903
0.1775         3904
0.1775         3905
0.1775         3906
0.1775         3907
0.1775         3908
0.1775         3909
0.1775         3910
0.1775         3911
0.17625         3912
0.17625         3913
0.17625         3914
0.17625         3915
0.1775         3916
0.17875         3917
0.17875         3918
0.17875         3919
0.17875         3920
0.17875         3921
0.17875         3922
0.17875         3923
0.1775         3924
0.1775         3925
0.1775         3926
0.18         3927
0.18         3928
0.18         3929
0.18         3930
0.18         3931
0.18         3932
0.18         3933
0.18         3934
0.18125         3935
0.18125         3936
0.18125         3937
0.18125         3938
0.18125         3939
0.18125         3940
0.18125         3941
0.18         3942
0.18         3943
0.18         3944
0.1775         3945
0.1775         3946
0.17625         3947
0.17625         3948
0.17625         3949
0.1775         3950
0.1775         3951
0.1775         3952
0.1775         3953
0.1775         3954
0.1775         3955
0.1775         3956
0.1775         3957
0.1775         3958
0.1775         3959
0.1775         3960
0.1775         3961
0.1775         3962
0.1775         3963
0.1775         3964
0.1775         3965
0.1775         3966
0.17625         3967
0.17625         3968
0.17625         3969
0.1775         3970
0.1775         3971
0.1775         3972
0.1775         3973
0.17625         3974
0.17625         3975
0.17625         3976
0.17625         3977
0.17625         3978
0.17625         3979
0.17625         3980
0.17625         3981
0.17625         3982
0.17625         3983
0.17625         3984
0.17625         3985
0.17625         3986
0.17625         3987
0.17625         3988
0.17625         3989
0.17625         3990
0.17625         3991
0.17625         3992
0.17625         3993
0.17625         3994
0.17625         3995
0.17625         3996
0.17625         3997
0.17625         3998
0.17625         3999
0.17625         4000
0.17625         4001
0.17625         4002
0.17625         4003
0.17625         4004
0.175         4005
0.175         4006
0.17625         4007
0.17625         4008
0.17625         4009
0.17625         4010
0.17625         4011
0.17625         4012
0.17625         4013
0.17625         4014
0.17625         4015
0.17625         4016
0.17625         4017
0.17625         4018
0.17625         4019
0.17625         4020
0.17625         4021
0.17625         4022
0.17625         4023
0.17625         4024
0.17625         4025
0.17625         4026
0.17625         4027
0.17625         4028
0.17625         4029
0.17625         4030
0.17625         4031
0.17625         4032
0.17625         4033
0.17625         4034
0.17625         4035
0.17625         4036
0.17625         4037
0.17625         4038
0.17625         4039
0.17625         4040
0.17625         4041
0.17625         4042
0.17625         4043
0.17625         4044
0.17625         4045
0.17625         4046
0.17625         4047
0.17625         4048
0.17625         4049
0.17625         4050
0.17625         4051
0.17625         4052
0.17625         4053
0.17625         4054
0.175         4055
0.175         4056
0.175         4057
0.175         4058
0.175         4059
0.175         4060
0.175         4061
0.175         4062
0.175         4063
0.175         4064
0.175         4065
0.175         4066
0.175         4067
0.175         4068
0.175         4069
0.175         4070
0.175         4071
0.175         4072
0.175         4073
0.175         4074
0.175         4075
0.175         4076
0.17375         4077
0.17375         4078
0.17375         4079
0.17375         4080
0.175         4081
0.175         4082
0.175         4083
0.17625         4084
0.17625         4085
0.17625         4086
0.17625         4087
0.17625         4088
0.17625         4089
0.17625         4090
0.17625         4091
0.17625         4092
0.17625         4093
0.17625         4094
0.17625         4095
0.17625         4096
0.17625         4097
0.17625         4098
0.17625         4099
0.17625         4100
0.17625         4101
0.17625         4102
0.17625         4103
0.17625         4104
0.17625         4105
0.17625         4106
0.17625         4107
0.17625         4108
0.17625         4109
0.17625         4110
0.17625         4111
0.17625         4112
0.17625         4113
0.17625         4114
0.1775         4115
0.1775         4116
0.1775         4117
0.1775         4118
0.1775         4119
0.1775         4120
0.17625         4121
0.175         4122
0.175         4123
0.175         4124
0.175         4125
0.17625         4126
0.17625         4127
0.17625         4128
0.17625         4129
0.17625         4130
0.17625         4131
0.17625         4132
0.17625         4133
0.17625         4134
0.17625         4135
0.17625         4136
0.17625         4137
0.17625         4138
0.17625         4139
0.17625         4140
0.17625         4141
0.17625         4142
0.17625         4143
0.17625         4144
0.17625         4145
0.17625         4146
0.17625         4147
0.17625         4148
0.17625         4149
0.17625         4150
0.17625         4151
0.17625         4152
0.17625         4153
0.17625         4154
0.17625         4155
0.17625         4156
0.17625         4157
0.17625         4158
0.17625         4159
0.17625         4160
0.17625         4161
0.17625         4162
0.17625         4163
0.17625         4164
0.17625         4165
0.17625         4166
0.17625         4167
0.17625         4168
0.17625         4169
0.17625         4170
0.17625         4171
0.17625         4172
0.17625         4173
0.17625         4174
0.17625         4175
0.17625         4176
0.17625         4177
0.17625         4178
0.17625         4179
0.17625         4180
0.17625         4181
0.17625         4182
0.175         4183
0.175         4184
0.175         4185
0.175         4186
0.175         4187
0.175         4188
0.175         4189
0.175         4190
0.175         4191
0.175         4192
0.175         4193
0.175         4194
0.175         4195
0.175         4196
0.175         4197
0.175         4198
0.175         4199
0.17375         4200
0.17375         4201
0.17375         4202
0.17375         4203
0.17375         4204
0.17375         4205
0.17375         4206
0.17375         4207
0.17375         4208
0.17375         4209
0.17375         4210
0.17375         4211
0.1725         4212
0.1725         4213
0.1725         4214
0.17125         4215
0.17125         4216
0.17125         4217
0.17125         4218
0.17125         4219
0.17125         4220
0.17125         4221
0.17125         4222
0.17125         4223
0.17125         4224
0.17125         4225
0.17125         4226
0.17125         4227
0.17125         4228
0.17125         4229
0.17125         4230
0.17125         4231
0.17125         4232
0.17125         4233
0.17125         4234
0.17125         4235
0.17125         4236
0.17125         4237
0.17125         4238
0.17125         4239
0.17125         4240
0.17125         4241
0.17125         4242
0.17125         4243
0.17125         4244
0.17125         4245
0.17125         4246
0.17125         4247
0.1725         4248
0.1725         4249
0.1725         4250
0.1725         4251
0.1725         4252
0.1725         4253
0.1725         4254
0.1725         4255
0.1725         4256
0.1725         4257
0.17375         4258
0.17375         4259
0.17375         4260
0.17375         4261
0.17375         4262
0.17375         4263
0.17375         4264
0.17375         4265
0.17375         4266
0.17375         4267
0.17375         4268
0.17375         4269
0.17375         4270
0.17375         4271
0.17375         4272
0.17375         4273
0.17375         4274
0.17375         4275
0.17375         4276
0.175         4277
0.17625         4278
0.17625         4279
0.17625         4280
0.17625         4281
0.17625         4282
0.17625         4283
0.17625         4284
0.17625         4285
0.17625         4286
0.17625         4287
0.1775         4288
0.1775         4289
0.1775         4290
0.1775         4291
0.1775         4292
0.1775         4293
0.1775         4294
0.1775         4295
0.1775         4296
0.1775         4297
0.1775         4298
0.1775         4299
0.1775         4300
0.1775         4301
0.1775         4302
0.1775         4303
0.1775         4304
0.1775         4305
0.1775         4306
0.1775         4307
0.1775         4308
0.1775         4309
0.1775         4310
0.1775         4311
0.17625         4312
0.17625         4313
0.17625         4314
0.1775         4315
0.1775         4316
0.1775         4317
0.1775         4318
0.1775         4319
0.1775         4320
0.1775         4321
0.1775         4322
0.1775         4323
0.1775         4324
0.1775         4325
0.1775         4326
0.1775         4327
0.1775         4328
0.1775         4329
0.1775         4330
0.17875         4331
0.17875         4332
0.17875         4333
0.17875         4334
0.17875         4335
0.17875         4336
0.17875         4337
0.18         4338
0.18         4339
0.18125         4340
0.18125         4341
0.18125         4342
0.18125         4343
0.18125         4344
0.18125         4345
0.18125         4346
0.18125         4347
0.18125         4348
0.18125         4349
0.18         4350
0.18         4351
0.17875         4352
0.17875         4353
0.18         4354
0.18         4355
0.17875         4356
0.17875         4357
0.17875         4358
0.17875         4359
0.17875         4360
0.17875         4361
0.17875         4362
0.17875         4363
0.17875         4364
0.1775         4365
0.1775         4366
0.1775         4367
0.1775         4368
0.1775         4369
0.1775         4370
0.1775         4371
0.17875         4372
0.17875         4373
0.17875         4374
0.17875         4375
0.17875         4376
0.17875         4377
0.17875         4378
0.17875         4379
0.17875         4380
0.17875         4381
0.17875         4382
0.17875         4383
0.17875         4384
0.17875         4385
0.17875         4386
0.17875         4387
0.18         4388
0.18         4389
0.18         4390
0.18         4391
0.18         4392
0.18         4393
0.18         4394
0.17875         4395
0.18         4396
0.18         4397
0.18         4398
0.18         4399
0.18         4400
0.18         4401
0.18         4402
0.18         4403
0.18         4404
0.18         4405
0.18         4406
0.18         4407
0.18         4408
0.18         4409
0.18125         4410
0.18125         4411
0.18125         4412
0.1825         4413
0.18375         4414
0.18375         4415
0.18375         4416
0.18375         4417
0.1825         4418
0.1825         4419
0.1825         4420
0.1825         4421
0.1825         4422
0.1825         4423
0.1825         4424
0.1825         4425
0.1825         4426
0.18         4427
0.18         4428
0.17875         4429
0.17875         4430
0.17875         4431
0.18         4432
0.18         4433
0.18         4434
0.18         4435
0.18         4436
0.18         4437
0.18         4438
0.18         4439
0.18         4440
0.18         4441
0.18         4442
0.18         4443
0.18         4444
0.18         4445
0.18         4446
0.18         4447
0.18         4448
0.18         4449
0.18         4450
0.18         4451
0.18125         4452
0.18125         4453
0.18125         4454
0.18125         4455
0.1825         4456
0.1825         4457
0.1825         4458
0.1825         4459
0.1825         4460
0.1825         4461
0.18125         4462
0.18125         4463
0.18125         4464
0.18125         4465
0.18125         4466
0.18125         4467
0.18125         4468
0.18125         4469
0.18125         4470
0.18125         4471
0.18125         4472
0.18125         4473
0.18125         4474
0.18125         4475
0.18125         4476
0.18125         4477
0.18125         4478
0.18125         4479
0.18125         4480
0.1825         4481
0.1825         4482
0.1825         4483
0.18375         4484
0.1825         4485
0.1825         4486
0.1825         4487
0.18375         4488
0.1825         4489
0.1825         4490
0.18375         4491
0.185         4492
0.185         4493
0.185         4494
0.185         4495
0.18375         4496
0.18375         4497
0.185         4498
0.185         4499
0.185         4500
0.185         4501
0.185         4502
0.185         4503
0.18375         4504
0.1825         4505
0.1825         4506
0.1825         4507
0.1825         4508
0.1825         4509
0.18375         4510
0.18375         4511
0.18375         4512
0.18375         4513
0.18375         4514
0.1825         4515
0.1825         4516
0.1825         4517
0.18375         4518
0.18375         4519
0.18375         4520
0.18375         4521
0.185         4522
0.18625         4523
0.18625         4524
0.18625         4525
0.18625         4526
0.18625         4527
0.18625         4528
0.18625         4529
0.18625         4530
0.18625         4531
0.18625         4532
0.18625         4533
0.18625         4534
0.18625         4535
0.18625         4536
0.18625         4537
0.18625         4538
0.18875         4539
0.18875         4540
0.19         4541
0.19         4542
0.19         4543
0.19         4544
0.19         4545
0.19         4546
0.19         4547
0.19         4548
0.18875         4549
0.18875         4550
0.18875         4551
0.1875         4552
0.1875         4553
0.1875         4554
0.1875         4555
0.18625         4556
0.18625         4557
0.185         4558
0.185         4559
0.185         4560
0.185         4561
0.18625         4562
0.18625         4563
0.1875         4564
0.1875         4565
0.1875         4566
0.1875         4567
0.18875         4568
0.18875         4569
0.18875         4570
0.18875         4571
0.18875         4572
0.18875         4573
0.18875         4574
0.18875         4575
0.18875         4576
0.18875         4577
0.18875         4578
0.18875         4579
0.18875         4580
0.18875         4581
0.18875         4582
0.1875         4583
0.1875         4584
0.1875         4585
0.18875         4586
0.18875         4587
0.18875         4588
0.18875         4589
0.18875         4590
0.18875         4591
0.18875         4592
0.18875         4593
0.18875         4594
0.18875         4595
0.18875         4596
0.18625         4597
0.18625         4598
0.18625         4599
0.18625         4600
0.18625         4601
0.18375         4602
0.18375         4603
0.18375         4604
0.185         4605
0.185         4606
0.185         4607
0.185         4608
0.185         4609
0.185         4610
0.185         4611
0.185         4612
0.185         4613
0.18625         4614
0.18625         4615
0.1875         4616
0.18625         4617
0.1875         4618
0.1875         4619
0.1875         4620
0.1875         4621
0.1875         4622
0.1875         4623
0.1875         4624
0.1875         4625
0.1875         4626
0.18875         4627
0.18875         4628
0.18875         4629
0.18875         4630
0.18875         4631
0.18875         4632
0.18875         4633
0.18875         4634
0.18875         4635
0.18875         4636
0.18875         4637
0.19         4638
0.18875         4639
0.18875         4640
0.18875         4641
0.18625         4642
0.18625         4643
0.1875         4644
0.1875         4645
0.1875         4646
0.1875         4647
0.1875         4648
0.1875         4649
0.1875         4650
0.1875         4651
0.18625         4652
0.18625         4653
0.18625         4654
0.18625         4655
0.185         4656
0.185         4657
0.185         4658
0.185         4659
0.185         4660
0.185         4661
0.185         4662
0.185         4663
0.185         4664
0.185         4665
0.185         4666
0.185         4667
0.18875         4668
0.18875         4669
0.18875         4670
0.18875         4671
0.18875         4672
0.18875         4673
0.18875         4674
0.18875         4675
0.18875         4676
0.19         4677
0.1925         4678
0.1925         4679
0.1925         4680
0.1925         4681
0.1925         4682
0.1925         4683
0.1925         4684
0.1925         4685
0.1925         4686
0.19125         4687
0.1925         4688
0.1925         4689
0.19125         4690
0.19125         4691
0.19125         4692
0.19         4693
0.19         4694
0.19         4695
0.19         4696
0.19125         4697
0.19125         4698
0.19         4699
0.19         4700
0.19         4701
0.1925         4702
0.19375         4703
0.19375         4704
0.19375         4705
0.195         4706
0.195         4707
0.195         4708
0.195         4709
0.195         4710
0.195         4711
0.195         4712
0.19375         4713
0.19375         4714
0.19375         4715
0.19375         4716
0.19375         4717
0.19375         4718
0.19375         4719
0.19375         4720
0.19375         4721
0.19375         4722
0.19375         4723
0.19375         4724
0.1925         4725
0.1925         4726
0.1925         4727
0.19125         4728
0.19125         4729
0.19125         4730
0.19125         4731
0.1925         4732
0.1925         4733
0.1925         4734
0.1925         4735
0.1925         4736
0.19125         4737
0.19125         4738
0.1925         4739
0.1925         4740
0.19125         4741
0.19125         4742
0.19125         4743
0.19125         4744
0.1925         4745
0.1925         4746
0.19375         4747
0.19375         4748
0.19375         4749
0.19375         4750
0.19375         4751
0.19375         4752
0.19375         4753
0.19375         4754
0.19375         4755
0.19375         4756
0.1925         4757
0.1925         4758
0.1925         4759
0.1925         4760
0.1925         4761
0.1925         4762
0.1925         4763
0.1925         4764
0.1925         4765
0.19375         4766
0.19375         4767
0.19375         4768
0.19375         4769
0.19375         4770
0.19375         4771
0.19375         4772
0.19375         4773
0.195         4774
0.195         4775
0.19625         4776
0.19625         4777
0.195         4778
0.195         4779
0.195         4780
0.195         4781
0.19375         4782
0.19375         4783
0.19375         4784
0.19375         4785
0.19375         4786
0.19375         4787
0.19375         4788
0.19375         4789
0.19375         4790
0.1925         4791
0.1925         4792
0.19125         4793
0.19125         4794
0.19125         4795
0.19125         4796
0.19         4797
0.19         4798
0.19         4799
0.19         4800
0.19125         4801
0.1925         4802
0.1925         4803
0.1925         4804
0.1925         4805
0.1925         4806
0.1925         4807
0.1925         4808
0.1925         4809
0.1925         4810
0.1925         4811
0.1925         4812
0.1925         4813
0.1925         4814
0.1925         4815
0.19125         4816
0.1925         4817
0.1925         4818
0.1925         4819
0.19125         4820
0.19125         4821
0.19125         4822
0.19         4823
0.19         4824
0.19         4825
0.19         4826
0.19         4827
0.18875         4828
0.18875         4829
0.18875         4830
0.18875         4831
0.18875         4832
0.18875         4833
0.19         4834
0.19125         4835
0.1925         4836
0.1925         4837
0.1925         4838
0.1925         4839
0.1925         4840
0.1925         4841
0.1925         4842
0.1925         4843
0.1925         4844
0.1925         4845
0.1925         4846
0.1925         4847
0.1925         4848
0.1925         4849
0.1925         4850
0.19         4851
0.19         4852
0.19125         4853
0.19125         4854
0.19125         4855
0.19125         4856
0.19125         4857
0.19125         4858
0.19125         4859
0.19125         4860
0.19125         4861
0.19125         4862
0.1925         4863
0.1925         4864
0.19375         4865
0.19375         4866
0.19375         4867
0.19375         4868
0.195         4869
0.195         4870
0.195         4871
0.195         4872
0.19375         4873
0.19375         4874
0.19375         4875
0.1925         4876
0.1925         4877
0.19375         4878
0.19375         4879
0.195         4880
0.195         4881
0.195         4882
0.195         4883
0.195         4884
0.195         4885
0.195         4886
0.195         4887
0.195         4888
0.195         4889
0.195         4890
0.19625         4891
0.19625         4892
0.19625         4893
0.19625         4894
0.19625         4895
0.19625         4896
0.19625         4897
0.1975         4898
0.1975         4899
0.1975         4900
0.1975         4901
0.1975         4902
0.1975         4903
0.1975         4904
0.1975         4905
0.1975         4906
0.1975         4907
0.1975         4908
0.1975         4909
0.1975         4910
0.1975         4911
0.1975         4912
0.1975         4913
0.1975         4914
0.1975         4915
0.1975         4916
0.19625         4917
0.19625         4918
0.19625         4919
0.19625         4920
0.19625         4921
0.19625         4922
0.19625         4923
0.195         4924
0.195         4925
0.195         4926
0.195         4927
0.195         4928
0.195         4929
0.195         4930
0.195         4931
0.195         4932
0.195         4933
0.19375         4934
0.19375         4935
0.1925         4936
0.1925         4937
0.1925         4938
0.1925         4939
0.1925         4940
0.1925         4941
0.19375         4942
0.1925         4943
0.1925         4944
0.1925         4945
0.1925         4946
0.19125         4947
0.19125         4948
0.19125         4949
0.19125         4950
0.1925         4951
0.1925         4952
0.1925         4953
0.1925         4954
0.19375         4955
0.195         4956
0.195         4957
0.195         4958
0.19375         4959
0.19375         4960
0.19375         4961
0.19375         4962
0.1925         4963
0.1925         4964
0.1925         4965
0.1925         4966
0.1925         4967
0.1925         4968
0.1925         4969
0.1925         4970
0.1925         4971
0.1925         4972
0.19125         4973
0.19125         4974
0.19125         4975
0.19125         4976
0.19125         4977
0.19125         4978
0.19125         4979
0.19125         4980
0.19125         4981
0.19125         4982
0.19125         4983
0.19125         4984
0.19125         4985
0.19         4986
0.19         4987
0.19         4988
0.19125         4989
0.19125         4990
0.19125         4991
0.19125         4992
0.19125         4993
0.19         4994
0.19         4995
0.19         4996
0.19         4997
0.19         4998
0.19         4999
