0         0
0         1
0         2
0         3
0         4
0         5
0         6
0         7
0         8
0         9
0         10
0         11
0         12
0         13
0         14
0         15
0         16
0         17
0         18
0         19
0         20
0         21
0         22
0         23
0         24
0         25
0         26
0         27
0         28
0         29
0         30
0         31
0         32
0         33
0         34
0         35
0         36
0         37
0         38
0         39
0         40
0         41
0         42
0         43
0         44
0         45
0         46
0         47
0         48
0         49
0         50
0         51
0         52
0         53
0         54
0         55
0         56
0         57
0         58
0         59
0         60
0         61
0         62
0         63
0         64
0         65
0         66
0         67
0         68
0         69
0         70
0         71
0         72
0         73
0         74
0         75
0         76
0         77
0         78
0         79
0         80
0         81
0         82
0         83
0         84
0         85
0         86
0         87
0         88
0         89
0         90
0         91
0         92
0         93
0         94
0         95
0         96
0         97
0         98
0         99
0         100
0         101
0         102
0         103
0         104
0         105
0         106
0         107
0         108
0         109
0         110
0         111
0         112
0         113
0         114
0         115
0         116
0         117
0         118
0         119
0         120
0         121
0         122
0         123
0         124
0         125
0         126
0         127
0         128
0         129
0         130
0         131
0         132
0         133
0         134
0         135
0         136
0         137
0         138
0         139
0         140
0         141
0         142
0         143
0         144
0         145
0         146
0         147
0         148
0         149
0         150
0         151
0         152
0         153
0         154
0         155
0         156
0         157
0         158
0         159
0         160
0         161
0         162
0         163
0         164
0         165
0         166
0         167
0         168
0         169
0         170
0         171
0         172
0         173
0         174
0         175
0         176
0         177
0         178
0         179
0         180
0         181
0         182
0         183
0         184
0         185
0         186
0         187
0         188
0         189
0         190
0         191
0         192
0         193
0         194
0         195
0         196
0         197
0         198
0         199
0         200
0         201
0         202
0         203
0         204
0         205
0         206
0         207
0         208
0         209
0         210
0         211
0         212
0         213
0         214
0         215
0         216
0         217
0         218
0         219
0         220
0         221
0         222
0         223
0         224
0         225
0         226
0         227
0         228
0         229
0         230
0         231
0         232
0         233
0         234
0         235
0         236
0         237
0         238
0         239
0         240
0         241
0         242
0         243
0         244
0         245
0         246
0         247
0         248
0         249
0         250
0         251
0         252
0         253
0         254
0         255
0         256
0         257
0         258
0         259
0         260
0         261
0         262
0         263
0         264
0         265
0         266
0         267
0         268
0         269
0         270
0         271
0         272
0         273
0         274
0         275
0         276
0         277
0         278
0         279
0         280
0         281
0         282
0         283
0         284
0         285
0         286
0         287
0         288
0         289
0         290
0         291
0         292
0         293
0         294
0         295
0         296
0         297
0         298
0         299
0         300
0         301
0         302
0         303
0         304
0         305
0         306
0         307
0         308
0         309
0         310
0         311
0         312
0         313
0         314
0         315
0         316
0         317
0         318
0         319
0         320
0         321
0         322
0         323
0         324
0         325
0         326
0         327
0         328
0         329
0         330
0         331
0         332
0         333
0         334
0         335
0         336
0         337
0         338
0         339
0         340
0         341
0         342
0         343
0         344
0         345
0         346
0         347
0         348
0         349
0         350
0         351
0         352
0         353
0         354
0         355
0         356
0         357
0         358
0         359
0         360
0         361
0         362
0         363
0         364
0         365
0         366
0         367
0         368
0         369
0         370
0         371
0         372
0         373
0         374
0         375
0         376
0         377
0         378
0         379
0         380
0         381
0         382
0         383
0         384
0         385
0         386
0         387
0         388
0         389
0         390
0         391
0         392
0         393
0         394
0         395
0         396
0         397
0         398
0         399
0         400
0         401
0         402
0         403
0         404
0         405
0         406
0         407
0         408
0         409
0         410
0         411
0         412
0         413
0         414
0         415
0         416
0         417
0         418
0         419
0         420
0         421
0         422
0         423
0         424
0         425
0         426
0         427
0         428
0         429
0         430
0         431
0         432
0         433
0         434
0         435
0         436
0         437
0         438
0         439
0         440
0         441
0         442
0         443
0         444
0         445
0         446
0         447
0         448
0         449
0         450
0         451
0         452
0         453
0         454
0         455
0         456
0         457
0         458
0         459
0         460
0         461
0         462
0         463
0         464
0         465
0         466
0         467
0         468
0         469
0         470
0         471
0         472
0         473
0         474
0         475
0         476
0         477
0         478
0         479
0         480
0         481
0         482
0         483
0         484
0         485
0         486
0         487
0         488
0         489
0         490
0         491
0         492
0         493
0         494
0         495
0         496
0         497
0         498
0         499
0         500
0         501
0         502
0         503
0         504
0         505
0         506
0         507
0         508
0         509
0         510
0         511
0         512
0         513
0         514
0         515
0         516
0         517
0         518
0         519
0         520
0         521
0         522
0         523
0         524
0         525
0         526
0         527
0         528
0         529
0         530
0         531
0         532
0         533
0         534
0         535
0         536
0         537
0         538
0         539
0         540
0         541
0         542
0         543
0         544
0         545
0         546
0         547
0         548
0         549
0         550
0         551
0         552
0         553
0         554
0         555
0         556
0         557
0         558
0         559
0         560
0         561
0         562
0         563
0         564
0         565
0         566
0         567
0         568
0         569
0         570
0         571
0         572
0         573
0         574
0         575
0         576
0         577
0         578
0         579
0         580
0         581
0         582
0         583
0         584
0         585
0         586
0         587
0         588
0         589
0         590
0         591
0         592
0         593
0         594
0         595
0         596
0         597
0         598
0         599
0         600
0         601
0         602
0         603
0         604
0         605
0         606
0         607
0         608
0         609
0         610
0         611
0         612
0         613
0         614
0         615
0         616
0         617
0         618
0         619
0         620
0         621
0         622
0         623
0         624
0         625
0         626
0         627
0         628
0         629
0         630
0         631
0         632
0         633
0         634
0         635
0         636
0         637
0         638
0         639
0         640
0         641
0         642
0         643
0         644
0         645
0         646
0         647
0         648
0         649
0         650
0         651
0         652
0         653
0         654
0         655
0         656
0         657
0         658
0         659
0         660
0         661
0         662
0         663
0         664
0         665
0         666
0         667
0         668
0         669
0         670
0         671
0         672
0         673
0         674
0         675
0         676
0         677
0         678
0         679
0         680
0         681
0         682
0         683
0         684
0         685
0         686
0         687
0         688
0         689
0         690
0         691
0         692
0         693
0         694
0         695
0         696
0         697
0         698
0         699
0         700
0         701
0         702
0         703
0         704
0         705
0         706
0         707
0         708
0         709
0         710
0         711
0         712
0         713
0         714
0         715
0         716
0         717
0         718
0         719
0         720
0         721
0         722
0         723
0         724
0         725
0         726
0         727
0         728
0         729
0         730
0         731
0         732
0         733
0         734
0         735
0         736
0         737
0         738
0         739
0         740
0         741
0         742
0         743
0         744
0         745
0         746
0         747
0         748
0         749
0         750
0         751
0         752
0         753
0         754
0         755
0         756
0         757
0         758
0         759
0         760
0         761
0         762
0         763
0         764
0         765
0         766
0         767
0         768
0         769
0         770
0         771
0         772
0         773
0         774
0         775
0         776
0         777
0         778
0         779
0         780
0         781
0         782
0         783
0         784
0         785
0         786
0         787
0         788
0         789
0         790
0         791
0         792
0         793
0         794
0         795
0         796
0         797
0         798
0         799
0         800
0         801
0         802
0         803
0         804
0         805
0         806
0         807
0         808
0         809
0         810
0         811
0         812
0         813
0         814
0         815
0         816
0         817
0         818
0         819
0         820
0         821
0         822
0         823
0         824
0         825
0         826
0         827
0         828
0         829
0         830
0         831
0         832
0         833
0         834
0         835
0         836
0         837
0         838
0         839
0         840
0         841
0         842
0         843
0         844
0         845
0         846
0         847
0         848
0         849
0         850
0         851
0         852
0         853
0         854
0         855
0         856
0         857
0         858
0         859
0         860
0         861
0         862
0         863
0         864
0         865
0         866
0         867
0         868
0         869
0         870
0         871
0         872
0         873
0         874
0         875
0         876
0         877
0         878
0         879
0.02         880
0.02         881
0.02         882
0.02         883
0.02         884
0.02         885
0.02         886
0.02         887
0.02         888
0.02         889
0.02         890
0.02         891
0.02         892
0.02         893
0.02         894
0.02         895
0.02         896
0.02         897
0.02         898
0.02         899
0.02         900
0.02         901
0.02         902
0.02         903
0.02         904
0.02         905
0.02         906
0.02         907
0.02         908
0.02         909
0.02         910
0.02         911
0.02         912
0.02         913
0.02         914
0.02         915
0.02         916
0.02         917
0.02         918
0.02         919
0.02         920
0.02         921
0.02         922
0.02         923
0.02         924
0.02         925
0.02         926
0         927
0         928
0         929
0         930
0         931
0         932
0         933
0         934
0         935
0         936
0         937
0         938
0         939
0         940
0         941
0         942
0         943
0         944
0         945
0         946
0         947
0         948
0         949
0         950
0         951
0         952
0         953
0         954
0         955
0         956
0         957
0         958
0         959
0         960
0         961
0         962
0         963
0         964
0         965
0         966
0         967
0         968
0         969
0         970
0         971
0         972
0         973
0         974
0         975
0         976
0         977
0         978
0         979
0         980
0         981
0         982
0         983
0         984
0         985
0         986
0         987
0         988
0         989
0         990
0         991
0         992
0         993
0         994
0         995
0         996
0         997
0         998
0         999
0         1000
0         1001
0         1002
0         1003
0         1004
0         1005
0         1006
0         1007
0         1008
0         1009
0         1010
0         1011
0         1012
0         1013
0         1014
0         1015
0         1016
0         1017
0         1018
0         1019
0         1020
0         1021
0         1022
0         1023
0         1024
0         1025
0         1026
0         1027
0         1028
0         1029
0         1030
0         1031
0         1032
0         1033
0         1034
0         1035
0         1036
0         1037
0         1038
0         1039
0         1040
0.02         1041
0.02         1042
0.02         1043
0.02         1044
0.02         1045
0.02         1046
0.02         1047
0.04         1048
0.04         1049
0.06         1050
0.06         1051
0.06         1052
0.06         1053
0.06         1054
0.06         1055
0.08         1056
0.08         1057
0.08         1058
0.08         1059
0.08         1060
0.08         1061
0.08         1062
0.08         1063
0.08         1064
0.08         1065
0.08         1066
0.08         1067
0.08         1068
0.08         1069
0.08         1070
0.08         1071
0.08         1072
0.08         1073
0.08         1074
0.08         1075
0.08         1076
0.08         1077
0.08         1078
0.08         1079
0.1         1080
0.1         1081
0.1         1082
0.1         1083
0.1         1084
0.1         1085
0.1         1086
0.1         1087
0.1         1088
0.1         1089
0.12         1090
0.12         1091
0.12         1092
0.12         1093
0.12         1094
0.14         1095
0.14         1096
0.14         1097
0.14         1098
0.14         1099
0.14         1100
0.14         1101
0.14         1102
0.14         1103
0.14         1104
0.14         1105
0.14         1106
0.14         1107
0.12         1108
0.12         1109
0.12         1110
0.12         1111
0.12         1112
0.12         1113
0.12         1114
0.12         1115
0.12         1116
0.12         1117
0.12         1118
0.12         1119
0.14         1120
0.14         1121
0.14         1122
0.14         1123
0.16         1124
0.16         1125
0.16         1126
0.16         1127
0.16         1128
0.16         1129
0.16         1130
0.16         1131
0.16         1132
0.16         1133
0.16         1134
0.16         1135
0.16         1136
0.16         1137
0.16         1138
0.16         1139
0.16         1140
0.16         1141
0.16         1142
0.16         1143
0.16         1144
0.14         1145
0.14         1146
0.14         1147
0.12         1148
0.12         1149
0.12         1150
0.12         1151
0.12         1152
0.12         1153
0.12         1154
0.14         1155
0.14         1156
0.14         1157
0.14         1158
0.14         1159
0.14         1160
0.14         1161
0.16         1162
0.16         1163
0.16         1164
0.14         1165
0.14         1166
0.14         1167
0.14         1168
0.14         1169
0.14         1170
0.14         1171
0.16         1172
0.16         1173
0.16         1174
0.16         1175
0.16         1176
0.16         1177
0.16         1178
0.16         1179
0.16         1180
0.16         1181
0.16         1182
0.16         1183
0.18         1184
0.18         1185
0.18         1186
0.18         1187
0.18         1188
0.18         1189
0.2         1190
0.2         1191
0.2         1192
0.2         1193
0.2         1194
0.2         1195
0.2         1196
0.2         1197
0.2         1198
0.2         1199
0.2         1200
0.2         1201
0.2         1202
0.2         1203
0.2         1204
0.2         1205
0.2         1206
0.2         1207
0.2         1208
0.2         1209
0.2         1210
0.2         1211
0.2         1212
0.2         1213
0.2         1214
0.2         1215
0.2         1216
0.2         1217
0.2         1218
0.2         1219
0.2         1220
0.2         1221
0.2         1222
0.2         1223
0.2         1224
0.2         1225
0.2         1226
0.2         1227
0.2         1228
0.2         1229
0.2         1230
0.2         1231
0.2         1232
0.2         1233
0.2         1234
0.2         1235
0.2         1236
0.2         1237
0.2         1238
0.2         1239
0.2         1240
0.2         1241
0.2         1242
0.2         1243
0.2         1244
0.2         1245
0.2         1246
0.2         1247
0.2         1248
0.2         1249
0.2         1250
0.2         1251
0.2         1252
0.2         1253
0.2         1254
0.2         1255
0.2         1256
0.2         1257
0.2         1258
0.2         1259
0.2         1260
0.2         1261
0.2         1262
0.2         1263
0.2         1264
0.2         1265
0.2         1266
0.2         1267
0.2         1268
0.2         1269
0.2         1270
0.2         1271
0.2         1272
0.2         1273
0.2         1274
0.2         1275
0.2         1276
0.2         1277
0.2         1278
0.2         1279
0.2         1280
0.2         1281
0.2         1282
0.2         1283
0.2         1284
0.2         1285
0.2         1286
0.2         1287
0.2         1288
0.2         1289
0.2         1290
0.2         1291
0.2         1292
0.2         1293
0.2         1294
0.2         1295
0.2         1296
0.2         1297
0.22         1298
0.22         1299
0.22         1300
0.22         1301
0.22         1302
0.22         1303
0.22         1304
0.22         1305
0.22         1306
0.22         1307
0.22         1308
0.22         1309
0.22         1310
0.22         1311
0.22         1312
0.22         1313
0.22         1314
0.22         1315
0.22         1316
0.22         1317
0.22         1318
0.24         1319
0.24         1320
0.24         1321
0.24         1322
0.24         1323
0.24         1324
0.24         1325
0.24         1326
0.24         1327
0.24         1328
0.24         1329
0.24         1330
0.24         1331
0.24         1332
0.24         1333
0.24         1334
0.24         1335
0.24         1336
0.24         1337
0.24         1338
0.24         1339
0.24         1340
0.24         1341
0.24         1342
0.22         1343
0.22         1344
0.22         1345
0.22         1346
0.22         1347
0.22         1348
0.22         1349
0.22         1350
0.22         1351
0.22         1352
0.22         1353
0.22         1354
0.22         1355
0.22         1356
0.22         1357
0.22         1358
0.22         1359
0.22         1360
0.22         1361
0.22         1362
0.22         1363
0.22         1364
0.22         1365
0.22         1366
0.22         1367
0.22         1368
0.22         1369
0.22         1370
0.22         1371
0.22         1372
0.22         1373
0.22         1374
0.2         1375
0.2         1376
0.2         1377
0.2         1378
0.2         1379
0.2         1380
0.2         1381
0.2         1382
0.2         1383
0.2         1384
0.2         1385
0.2         1386
0.2         1387
0.2         1388
0.2         1389
0.2         1390
0.2         1391
0.2         1392
0.2         1393
0.2         1394
0.2         1395
0.22         1396
0.22         1397
0.22         1398
0.22         1399
0.22         1400
0.22         1401
0.22         1402
0.22         1403
0.22         1404
0.22         1405
0.22         1406
0.22         1407
0.22         1408
0.22         1409
0.22         1410
0.22         1411
0.22         1412
0.22         1413
0.22         1414
0.22         1415
0.22         1416
0.22         1417
0.22         1418
0.22         1419
0.22         1420
0.22         1421
0.22         1422
0.22         1423
0.22         1424
0.22         1425
0.22         1426
0.22         1427
0.22         1428
0.22         1429
0.22         1430
0.22         1431
0.22         1432
0.22         1433
0.22         1434
0.22         1435
0.22         1436
0.22         1437
0.22         1438
0.22         1439
0.22         1440
0.22         1441
0.2         1442
0.2         1443
0.2         1444
0.2         1445
0.2         1446
0.2         1447
0.2         1448
0.2         1449
0.2         1450
0.2         1451
0.2         1452
0.2         1453
0.2         1454
0.2         1455
0.2         1456
0.2         1457
0.2         1458
0.2         1459
0.2         1460
0.2         1461
0.2         1462
0.2         1463
0.2         1464
0.2         1465
0.2         1466
0.2         1467
0.2         1468
0.2         1469
0.2         1470
0.2         1471
0.2         1472
0.2         1473
0.2         1474
0.18         1475
0.18         1476
0.18         1477
0.18         1478
0.18         1479
0.18         1480
0.18         1481
0.18         1482
0.18         1483
0.18         1484
0.18         1485
0.18         1486
0.18         1487
0.18         1488
0.18         1489
0.18         1490
0.18         1491
0.18         1492
0.18         1493
0.18         1494
0.18         1495
0.18         1496
0.18         1497
0.18         1498
0.18         1499
0.18         1500
0.18         1501
0.18         1502
0.18         1503
0.18         1504
0.18         1505
0.18         1506
0.18         1507
0.18         1508
0.18         1509
0.18         1510
0.18         1511
0.18         1512
0.18         1513
0.18         1514
0.18         1515
0.18         1516
0.18         1517
0.18         1518
0.18         1519
0.18         1520
0.18         1521
0.18         1522
0.18         1523
0.18         1524
0.18         1525
0.18         1526
0.18         1527
0.18         1528
0.18         1529
0.18         1530
0.18         1531
0.18         1532
0.18         1533
0.18         1534
0.18         1535
0.18         1536
0.18         1537
0.18         1538
0.18         1539
0.18         1540
0.18         1541
0.18         1542
0.18         1543
0.18         1544
0.18         1545
0.18         1546
0.18         1547
0.18         1548
0.18         1549
0.18         1550
0.18         1551
0.18         1552
0.18         1553
0.18         1554
0.18         1555
0.18         1556
0.18         1557
0.18         1558
0.18         1559
0.18         1560
0.18         1561
0.18         1562
0.18         1563
0.18         1564
0.18         1565
0.18         1566
0.16         1567
0.16         1568
0.16         1569
0.16         1570
0.16         1571
0.16         1572
0.16         1573
0.16         1574
0.16         1575
0.16         1576
0.16         1577
0.16         1578
0.16         1579
0.16         1580
0.16         1581
0.16         1582
0.16         1583
0.16         1584
0.16         1585
0.16         1586
0.16         1587
0.16         1588
0.16         1589
0.16         1590
0.16         1591
0.16         1592
0.16         1593
0.16         1594
0.16         1595
0.16         1596
0.16         1597
0.16         1598
0.16         1599
0.16         1600
0.16         1601
0.16         1602
0.16         1603
0.16         1604
0.16         1605
0.16         1606
0.16         1607
0.16         1608
0.16         1609
0.16         1610
0.16         1611
0.16         1612
0.16         1613
0.16         1614
0.16         1615
0.16         1616
0.16         1617
0.16         1618
0.16         1619
0.16         1620
0.16         1621
0.16         1622
0.16         1623
0.16         1624
0.16         1625
0.16         1626
0.16         1627
0.16         1628
0.16         1629
0.16         1630
0.16         1631
0.16         1632
0.16         1633
0.16         1634
0.16         1635
0.16         1636
0.16         1637
0.16         1638
0.16         1639
0.16         1640
0.16         1641
0.16         1642
0.16         1643
0.16         1644
0.16         1645
0.16         1646
0.16         1647
0.16         1648
0.16         1649
0.16         1650
0.16         1651
0.16         1652
0.16         1653
0.16         1654
0.16         1655
0.16         1656
0.16         1657
0.16         1658
0.16         1659
0.16         1660
0.16         1661
0.16         1662
0.16         1663
0.16         1664
0.16         1665
0.16         1666
0.16         1667
0.16         1668
0.16         1669
0.16         1670
0.16         1671
0.16         1672
0.16         1673
0.16         1674
0.16         1675
0.16         1676
0.16         1677
0.16         1678
0.16         1679
0.16         1680
0.16         1681
0.16         1682
0.16         1683
0.16         1684
0.16         1685
0.16         1686
0.16         1687
0.16         1688
0.16         1689
0.16         1690
0.16         1691
0.16         1692
0.16         1693
0.16         1694
0.16         1695
0.16         1696
0.16         1697
0.16         1698
0.16         1699
0.16         1700
0.16         1701
0.16         1702
0.16         1703
0.16         1704
0.16         1705
0.16         1706
0.16         1707
0.16         1708
0.16         1709
0.16         1710
0.16         1711
0.16         1712
0.16         1713
0.16         1714
0.16         1715
0.16         1716
0.16         1717
0.16         1718
0.16         1719
0.16         1720
0.16         1721
0.16         1722
0.16         1723
0.16         1724
0.16         1725
0.16         1726
0.16         1727
0.16         1728
0.16         1729
0.16         1730
0.16         1731
0.16         1732
0.16         1733
0.16         1734
0.16         1735
0.16         1736
0.16         1737
0.16         1738
0.16         1739
0.16         1740
0.16         1741
0.16         1742
0.16         1743
0.16         1744
0.16         1745
0.16         1746
0.16         1747
0.16         1748
0.16         1749
0.16         1750
0.16         1751
0.16         1752
0.16         1753
0.16         1754
0.16         1755
0.16         1756
0.16         1757
0.16         1758
0.16         1759
0.16         1760
0.16         1761
0.16         1762
0.16         1763
0.16         1764
0.16         1765
0.16         1766
0.16         1767
0.16         1768
0.16         1769
0.16         1770
0.16         1771
0.16         1772
0.16         1773
0.16         1774
0.16         1775
0.16         1776
0.16         1777
0.16         1778
0.14         1779
0.14         1780
0.14         1781
0.14         1782
0.14         1783
0.12         1784
0.12         1785
0.12         1786
0.12         1787
0.12         1788
0.12         1789
0.12         1790
0.12         1791
0.12         1792
0.12         1793
0.12         1794
0.12         1795
0.12         1796
0.12         1797
0.12         1798
0.12         1799
0.12         1800
0.12         1801
0.12         1802
0.12         1803
0.12         1804
0.12         1805
0.12         1806
0.12         1807
0.12         1808
0.12         1809
0.12         1810
0.12         1811
0.12         1812
0.12         1813
0.12         1814
0.12         1815
0.12         1816
0.12         1817
0.12         1818
0.12         1819
0.12         1820
0.12         1821
0.12         1822
0.12         1823
0.12         1824
0.12         1825
0.12         1826
0.12         1827
0.12         1828
0.12         1829
0.12         1830
0.12         1831
0.12         1832
0.12         1833
0.12         1834
0.12         1835
0.12         1836
0.12         1837
0.12         1838
0.12         1839
0.12         1840
0.12         1841
0.12         1842
0.12         1843
0.12         1844
0.12         1845
0.12         1846
0.12         1847
0.12         1848
0.12         1849
0.12         1850
0.12         1851
0.12         1852
0.12         1853
0.12         1854
0.12         1855
0.12         1856
0.12         1857
0.12         1858
0.12         1859
0.12         1860
0.12         1861
0.12         1862
0.12         1863
0.12         1864
0.12         1865
0.12         1866
0.12         1867
0.12         1868
0.12         1869
0.12         1870
0.12         1871
0.12         1872
0.12         1873
0.12         1874
0.12         1875
0.12         1876
0.12         1877
0.12         1878
0.12         1879
0.12         1880
0.12         1881
0.12         1882
0.12         1883
0.12         1884
0.12         1885
0.12         1886
0.12         1887
0.12         1888
0.12         1889
0.12         1890
0.12         1891
0.12         1892
0.12         1893
0.12         1894
0.12         1895
0.12         1896
0.12         1897
0.12         1898
0.12         1899
0.12         1900
0.12         1901
0.12         1902
0.12         1903
0.12         1904
0.12         1905
0.12         1906
0.12         1907
0.12         1908
0.12         1909
0.12         1910
0.12         1911
0.12         1912
0.12         1913
0.12         1914
0.12         1915
0.12         1916
0.12         1917
0.12         1918
0.12         1919
0.12         1920
0.12         1921
0.12         1922
0.12         1923
0.12         1924
0.12         1925
0.12         1926
0.12         1927
0.12         1928
0.12         1929
0.12         1930
0.12         1931
0.12         1932
0.12         1933
0.12         1934
0.12         1935
0.12         1936
0.12         1937
0.12         1938
0.12         1939
0.12         1940
0.12         1941
0.12         1942
0.12         1943
0.12         1944
0.12         1945
0.12         1946
0.12         1947
0.12         1948
0.12         1949
0.12         1950
0.12         1951
0.12         1952
0.12         1953
0.12         1954
0.12         1955
0.12         1956
0.12         1957
0.12         1958
0.12         1959
0.12         1960
0.12         1961
0.12         1962
0.12         1963
0.12         1964
0.12         1965
0.12         1966
0.12         1967
0.12         1968
0.12         1969
0.12         1970
0.12         1971
0.12         1972
0.12         1973
0.12         1974
0.12         1975
0.12         1976
0.12         1977
0.12         1978
0.12         1979
0.12         1980
0.12         1981
0.12         1982
0.12         1983
0.12         1984
0.12         1985
0.12         1986
0.12         1987
0.12         1988
0.12         1989
0.12         1990
0.12         1991
0.12         1992
0.12         1993
0.12         1994
0.12         1995
0.12         1996
0.12         1997
0.12         1998
0.12         1999
0.12         2000
0.12         2001
0.12         2002
0.12         2003
0.12         2004
0.12         2005
0.12         2006
0.12         2007
0.12         2008
0.12         2009
0.12         2010
0.12         2011
0.12         2012
0.12         2013
0.12         2014
0.12         2015
0.12         2016
0.12         2017
0.12         2018
0.12         2019
0.12         2020
0.12         2021
0.12         2022
0.12         2023
0.12         2024
0.12         2025
0.12         2026
0.12         2027
0.12         2028
0.12         2029
0.12         2030
0.12         2031
0.12         2032
0.12         2033
0.12         2034
0.12         2035
0.12         2036
0.12         2037
0.12         2038
0.12         2039
0.12         2040
0.12         2041
0.12         2042
0.12         2043
0.12         2044
0.12         2045
0.12         2046
0.12         2047
0.12         2048
0.12         2049
0.12         2050
0.12         2051
0.12         2052
0.12         2053
0.12         2054
0.12         2055
0.12         2056
0.12         2057
0.12         2058
0.12         2059
0.12         2060
0.12         2061
0.12         2062
0.12         2063
0.12         2064
0.12         2065
0.12         2066
0.12         2067
0.12         2068
0.12         2069
0.12         2070
0.12         2071
0.12         2072
0.12         2073
0.12         2074
0.12         2075
0.12         2076
0.12         2077
0.12         2078
0.12         2079
0.12         2080
0.12         2081
0.12         2082
0.12         2083
0.12         2084
0.12         2085
0.12         2086
0.12         2087
0.12         2088
0.12         2089
0.12         2090
0.12         2091
0.12         2092
0.12         2093
0.12         2094
0.12         2095
0.12         2096
0.12         2097
0.12         2098
0.12         2099
0.12         2100
0.12         2101
0.12         2102
0.12         2103
0.12         2104
0.12         2105
0.12         2106
0.12         2107
0.12         2108
0.12         2109
0.12         2110
0.12         2111
0.12         2112
0.12         2113
0.12         2114
0.12         2115
0.12         2116
0.12         2117
0.12         2118
0.12         2119
0.12         2120
0.12         2121
0.12         2122
0.12         2123
0.12         2124
0.12         2125
0.12         2126
0.12         2127
0.12         2128
0.12         2129
0.12         2130
0.12         2131
0.12         2132
0.12         2133
0.12         2134
0.12         2135
0.12         2136
0.12         2137
0.12         2138
0.12         2139
0.12         2140
0.12         2141
0.12         2142
0.12         2143
0.12         2144
0.12         2145
0.12         2146
0.12         2147
0.12         2148
0.12         2149
0.12         2150
0.12         2151
0.12         2152
0.12         2153
0.12         2154
0.12         2155
0.12         2156
0.12         2157
0.12         2158
0.12         2159
0.12         2160
0.12         2161
0.12         2162
0.12         2163
0.12         2164
0.12         2165
0.12         2166
0.12         2167
0.12         2168
0.12         2169
0.12         2170
0.12         2171
0.12         2172
0.12         2173
0.12         2174
0.12         2175
0.12         2176
0.12         2177
0.12         2178
0.12         2179
0.12         2180
0.12         2181
0.12         2182
0.12         2183
0.12         2184
0.12         2185
0.12         2186
0.12         2187
0.12         2188
0.12         2189
0.12         2190
0.12         2191
0.12         2192
0.12         2193
0.12         2194
0.12         2195
0.12         2196
0.12         2197
0.12         2198
0.12         2199
0.12         2200
0.12         2201
0.12         2202
0.12         2203
0.12         2204
0.12         2205
0.12         2206
0.12         2207
0.12         2208
0.12         2209
0.12         2210
0.12         2211
0.12         2212
0.12         2213
0.12         2214
0.12         2215
0.12         2216
0.12         2217
0.12         2218
0.12         2219
0.12         2220
0.12         2221
0.12         2222
0.12         2223
0.12         2224
0.12         2225
0.12         2226
0.12         2227
0.12         2228
0.12         2229
0.12         2230
0.12         2231
0.12         2232
0.12         2233
0.12         2234
0.12         2235
0.12         2236
0.12         2237
0.12         2238
0.12         2239
0.12         2240
0.12         2241
0.12         2242
0.12         2243
0.12         2244
0.12         2245
0.12         2246
0.12         2247
0.12         2248
0.12         2249
0.12         2250
0.12         2251
0.12         2252
0.12         2253
0.12         2254
0.12         2255
0.12         2256
0.12         2257
0.12         2258
0.12         2259
0.12         2260
0.12         2261
0.12         2262
0.12         2263
0.12         2264
0.12         2265
0.12         2266
0.12         2267
0.12         2268
0.12         2269
0.12         2270
0.12         2271
0.12         2272
0.12         2273
0.12         2274
0.12         2275
0.12         2276
0.12         2277
0.12         2278
0.12         2279
0.12         2280
0.12         2281
0.12         2282
0.12         2283
0.12         2284
0.12         2285
0.12         2286
0.12         2287
0.12         2288
0.12         2289
0.12         2290
0.12         2291
0.12         2292
0.12         2293
0.12         2294
0.12         2295
0.12         2296
0.12         2297
0.12         2298
0.12         2299
0.12         2300
0.12         2301
0.12         2302
0.12         2303
0.12         2304
0.12         2305
0.12         2306
0.12         2307
0.12         2308
0.12         2309
0.12         2310
0.12         2311
0.12         2312
0.12         2313
0.12         2314
0.12         2315
0.12         2316
0.12         2317
0.12         2318
0.12         2319
0.12         2320
0.12         2321
0.12         2322
0.12         2323
0.12         2324
0.12         2325
0.12         2326
0.12         2327
0.12         2328
0.12         2329
0.12         2330
0.12         2331
0.12         2332
0.12         2333
0.12         2334
0.12         2335
0.12         2336
0.12         2337
0.12         2338
0.12         2339
0.12         2340
0.12         2341
0.12         2342
0.12         2343
0.12         2344
0.12         2345
0.12         2346
0.12         2347
0.12         2348
0.12         2349
0.12         2350
0.12         2351
0.12         2352
0.12         2353
0.12         2354
0.12         2355
0.12         2356
0.12         2357
0.12         2358
0.12         2359
0.12         2360
0.12         2361
0.12         2362
0.12         2363
0.12         2364
0.12         2365
0.12         2366
0.12         2367
0.12         2368
0.12         2369
0.12         2370
0.12         2371
0.12         2372
0.12         2373
0.12         2374
0.12         2375
0.12         2376
0.12         2377
0.12         2378
0.12         2379
0.12         2380
0.12         2381
0.12         2382
0.12         2383
0.12         2384
0.12         2385
0.12         2386
0.12         2387
0.12         2388
0.12         2389
0.12         2390
0.12         2391
0.12         2392
0.12         2393
0.12         2394
0.12         2395
0.12         2396
0.12         2397
0.12         2398
0.12         2399
0.12         2400
0.12         2401
0.12         2402
0.12         2403
0.12         2404
0.12         2405
0.12         2406
0.12         2407
0.12         2408
0.12         2409
0.12         2410
0.12         2411
0.12         2412
0.12         2413
0.12         2414
0.12         2415
0.12         2416
0.12         2417
0.12         2418
0.12         2419
0.12         2420
0.12         2421
0.12         2422
0.12         2423
0.12         2424
0.12         2425
0.12         2426
0.12         2427
0.12         2428
0.12         2429
0.12         2430
0.12         2431
0.12         2432
0.12         2433
0.12         2434
0.12         2435
0.12         2436
0.12         2437
0.12         2438
0.12         2439
0.12         2440
0.12         2441
0.12         2442
0.12         2443
0.12         2444
0.12         2445
0.12         2446
0.12         2447
0.12         2448
0.12         2449
0.12         2450
0.12         2451
0.12         2452
0.12         2453
0.12         2454
0.12         2455
0.12         2456
0.12         2457
0.12         2458
0.12         2459
0.12         2460
0.12         2461
0.12         2462
0.12         2463
0.12         2464
0.12         2465
0.12         2466
0.12         2467
0.12         2468
0.12         2469
0.12         2470
0.12         2471
0.12         2472
0.12         2473
0.12         2474
0.12         2475
0.12         2476
0.12         2477
0.12         2478
0.12         2479
0.12         2480
0.12         2481
0.12         2482
0.12         2483
0.12         2484
0.12         2485
0.12         2486
0.12         2487
0.12         2488
0.12         2489
0.12         2490
0.12         2491
0.12         2492
0.12         2493
0.12         2494
0.12         2495
0.12         2496
0.12         2497
0.12         2498
0.12         2499
0.12         2500
0.12         2501
0.12         2502
0.12         2503
0.12         2504
0.12         2505
0.12         2506
0.12         2507
0.12         2508
0.12         2509
0.12         2510
0.12         2511
0.12         2512
0.12         2513
0.12         2514
0.12         2515
0.12         2516
0.12         2517
0.12         2518
0.12         2519
0.12         2520
0.12         2521
0.12         2522
0.12         2523
0.12         2524
0.12         2525
0.12         2526
0.12         2527
0.12         2528
0.12         2529
0.12         2530
0.12         2531
0.12         2532
0.12         2533
0.12         2534
0.12         2535
0.12         2536
0.12         2537
0.12         2538
0.12         2539
0.12         2540
0.12         2541
0.12         2542
0.12         2543
0.12         2544
0.12         2545
0.12         2546
0.12         2547
0.12         2548
0.12         2549
0.12         2550
0.12         2551
0.12         2552
0.12         2553
0.12         2554
0.12         2555
0.12         2556
0.12         2557
0.12         2558
0.12         2559
0.12         2560
0.12         2561
0.12         2562
0.12         2563
0.12         2564
0.12         2565
0.12         2566
0.12         2567
0.12         2568
0.12         2569
0.12         2570
0.12         2571
0.12         2572
0.12         2573
0.12         2574
0.12         2575
0.12         2576
0.12         2577
0.12         2578
0.12         2579
0.12         2580
0.12         2581
0.12         2582
0.12         2583
0.12         2584
0.12         2585
0.12         2586
0.12         2587
0.12         2588
0.12         2589
0.12         2590
0.12         2591
0.12         2592
0.12         2593
0.12         2594
0.12         2595
0.12         2596
0.12         2597
0.12         2598
0.12         2599
0.12         2600
0.12         2601
0.12         2602
0.12         2603
0.12         2604
0.12         2605
0.12         2606
0.12         2607
0.12         2608
0.12         2609
0.12         2610
0.12         2611
0.12         2612
0.12         2613
0.12         2614
0.12         2615
0.12         2616
0.12         2617
0.12         2618
0.12         2619
0.12         2620
0.12         2621
0.12         2622
0.12         2623
0.12         2624
0.12         2625
0.12         2626
0.12         2627
0.12         2628
0.12         2629
0.12         2630
0.12         2631
0.12         2632
0.12         2633
0.12         2634
0.12         2635
0.12         2636
0.12         2637
0.12         2638
0.12         2639
0.12         2640
0.12         2641
0.12         2642
0.12         2643
0.12         2644
0.12         2645
0.12         2646
0.12         2647
0.12         2648
0.12         2649
0.12         2650
0.12         2651
0.12         2652
0.12         2653
0.12         2654
0.12         2655
0.12         2656
0.12         2657
0.12         2658
0.12         2659
0.12         2660
0.12         2661
0.12         2662
0.12         2663
0.12         2664
0.12         2665
0.12         2666
0.12         2667
0.12         2668
0.12         2669
0.12         2670
0.12         2671
0.12         2672
0.12         2673
0.12         2674
0.12         2675
0.12         2676
0.12         2677
0.12         2678
0.12         2679
0.12         2680
0.12         2681
0.12         2682
0.12         2683
0.12         2684
0.12         2685
0.12         2686
0.12         2687
0.12         2688
0.12         2689
0.12         2690
0.12         2691
0.12         2692
0.12         2693
0.12         2694
0.12         2695
0.12         2696
0.12         2697
0.12         2698
0.12         2699
0.12         2700
0.12         2701
0.12         2702
0.12         2703
0.12         2704
0.12         2705
0.12         2706
0.12         2707
0.12         2708
0.12         2709
0.12         2710
0.12         2711
0.12         2712
0.12         2713
0.12         2714
0.12         2715
0.12         2716
0.12         2717
0.12         2718
0.12         2719
0.12         2720
0.12         2721
0.12         2722
0.12         2723
0.12         2724
0.12         2725
0.12         2726
0.12         2727
0.12         2728
0.12         2729
0.12         2730
0.12         2731
0.12         2732
0.12         2733
0.12         2734
0.12         2735
0.12         2736
0.12         2737
0.12         2738
0.12         2739
0.12         2740
0.12         2741
0.12         2742
0.12         2743
0.12         2744
0.14         2745
0.14         2746
0.14         2747
0.14         2748
0.14         2749
0.14         2750
0.14         2751
0.14         2752
0.14         2753
0.14         2754
0.14         2755
0.14         2756
0.14         2757
0.14         2758
0.14         2759
0.14         2760
0.14         2761
0.14         2762
0.14         2763
0.14         2764
0.14         2765
0.14         2766
0.14         2767
0.14         2768
0.14         2769
0.14         2770
0.14         2771
0.14         2772
0.14         2773
0.14         2774
0.14         2775
0.14         2776
0.14         2777
0.14         2778
0.14         2779
0.14         2780
0.14         2781
0.14         2782
0.14         2783
0.14         2784
0.14         2785
0.14         2786
0.14         2787
0.14         2788
0.14         2789
0.14         2790
0.14         2791
0.14         2792
0.14         2793
0.14         2794
0.14         2795
0.14         2796
0.14         2797
0.14         2798
0.14         2799
0.14         2800
0.14         2801
0.14         2802
0.14         2803
0.14         2804
0.14         2805
0.14         2806
0.14         2807
0.14         2808
0.14         2809
0.14         2810
0.14         2811
0.14         2812
0.14         2813
0.14         2814
0.14         2815
0.14         2816
0.14         2817
0.14         2818
0.14         2819
0.14         2820
0.14         2821
0.14         2822
0.14         2823
0.14         2824
0.14         2825
0.14         2826
0.14         2827
0.14         2828
0.14         2829
0.14         2830
0.14         2831
0.14         2832
0.14         2833
0.14         2834
0.14         2835
0.14         2836
0.14         2837
0.14         2838
0.14         2839
0.14         2840
0.14         2841
0.14         2842
0.14         2843
0.14         2844
0.14         2845
0.14         2846
0.14         2847
0.14         2848
0.14         2849
0.14         2850
0.14         2851
0.14         2852
0.14         2853
0.14         2854
0.14         2855
0.14         2856
0.14         2857
0.14         2858
0.14         2859
0.14         2860
0.14         2861
0.14         2862
0.14         2863
0.14         2864
0.14         2865
0.14         2866
0.14         2867
0.14         2868
0.14         2869
0.14         2870
0.14         2871
0.14         2872
0.14         2873
0.14         2874
0.14         2875
0.14         2876
0.14         2877
0.14         2878
0.12         2879
0.12         2880
0.12         2881
0.12         2882
0.12         2883
0.12         2884
0.12         2885
0.12         2886
0.12         2887
0.14         2888
0.14         2889
0.14         2890
0.14         2891
0.14         2892
0.14         2893
0.14         2894
0.14         2895
0.14         2896
0.14         2897
0.14         2898
0.14         2899
0.14         2900
0.14         2901
0.14         2902
0.14         2903
0.14         2904
0.14         2905
0.14         2906
0.14         2907
0.14         2908
0.14         2909
0.14         2910
0.14         2911
0.14         2912
0.14         2913
0.14         2914
0.14         2915
0.14         2916
0.14         2917
0.14         2918
0.14         2919
0.14         2920
0.14         2921
0.14         2922
0.14         2923
0.14         2924
0.14         2925
0.14         2926
0.14         2927
0.14         2928
0.14         2929
0.14         2930
0.14         2931
0.14         2932
0.14         2933
0.14         2934
0.14         2935
0.14         2936
0.14         2937
0.14         2938
0.14         2939
0.14         2940
0.14         2941
0.14         2942
0.14         2943
0.14         2944
0.14         2945
0.14         2946
0.14         2947
0.14         2948
0.14         2949
0.14         2950
0.14         2951
0.14         2952
0.14         2953
0.14         2954
0.14         2955
0.14         2956
0.14         2957
0.14         2958
0.14         2959
0.14         2960
0.14         2961
0.16         2962
0.16         2963
0.16         2964
0.16         2965
0.16         2966
0.16         2967
0.16         2968
0.16         2969
0.16         2970
0.16         2971
0.16         2972
0.16         2973
0.16         2974
0.16         2975
0.16         2976
0.16         2977
0.16         2978
0.16         2979
0.16         2980
0.16         2981
0.16         2982
0.16         2983
0.16         2984
0.16         2985
0.16         2986
0.16         2987
0.16         2988
0.16         2989
0.14         2990
0.14         2991
0.14         2992
0.14         2993
0.14         2994
0.14         2995
0.14         2996
0.14         2997
0.14         2998
0.14         2999
0.14         3000
0.14         3001
0.14         3002
0.14         3003
0.14         3004
0.14         3005
0.14         3006
0.14         3007
0.14         3008
0.14         3009
0.14         3010
0.14         3011
0.14         3012
0.14         3013
0.14         3014
0.14         3015
0.14         3016
0.14         3017
0.14         3018
0.14         3019
0.14         3020
0.14         3021
0.14         3022
0.14         3023
0.14         3024
0.14         3025
0.14         3026
0.14         3027
0.14         3028
0.14         3029
0.16         3030
0.16         3031
0.16         3032
0.16         3033
0.14         3034
0.14         3035
0.16         3036
0.16         3037
0.18         3038
0.18         3039
0.18         3040
0.18         3041
0.18         3042
0.18         3043
0.18         3044
0.18         3045
0.18         3046
0.18         3047
0.18         3048
0.18         3049
0.18         3050
0.18         3051
0.18         3052
0.18         3053
0.18         3054
0.18         3055
0.18         3056
0.18         3057
0.18         3058
0.18         3059
0.18         3060
0.18         3061
0.18         3062
0.18         3063
0.18         3064
0.18         3065
0.18         3066
0.18         3067
0.18         3068
0.18         3069
0.18         3070
0.18         3071
0.18         3072
0.18         3073
0.18         3074
0.18         3075
0.18         3076
0.18         3077
0.18         3078
0.18         3079
0.18         3080
0.18         3081
0.18         3082
0.18         3083
0.18         3084
0.18         3085
0.18         3086
0.18         3087
0.18         3088
0.18         3089
0.18         3090
0.18         3091
0.18         3092
0.18         3093
0.18         3094
0.18         3095
0.18         3096
0.18         3097
0.18         3098
0.18         3099
0.18         3100
0.18         3101
0.18         3102
0.18         3103
0.18         3104
0.18         3105
0.18         3106
0.18         3107
0.18         3108
0.18         3109
0.18         3110
0.18         3111
0.18         3112
0.18         3113
0.18         3114
0.18         3115
0.16         3116
0.16         3117
0.16         3118
0.16         3119
0.16         3120
0.16         3121
0.16         3122
0.16         3123
0.18         3124
0.18         3125
0.18         3126
0.18         3127
0.18         3128
0.18         3129
0.18         3130
0.18         3131
0.18         3132
0.18         3133
0.18         3134
0.18         3135
0.18         3136
0.18         3137
0.18         3138
0.18         3139
0.18         3140
0.18         3141
0.18         3142
0.18         3143
0.18         3144
0.18         3145
0.18         3146
0.18         3147
0.18         3148
0.18         3149
0.18         3150
0.18         3151
0.18         3152
0.18         3153
0.18         3154
0.18         3155
0.18         3156
0.18         3157
0.18         3158
0.18         3159
0.18         3160
0.18         3161
0.18         3162
0.18         3163
0.18         3164
0.18         3165
0.18         3166
0.18         3167
0.18         3168
0.18         3169
0.18         3170
0.18         3171
0.18         3172
0.18         3173
0.18         3174
0.18         3175
0.18         3176
0.18         3177
0.18         3178
0.18         3179
0.18         3180
0.18         3181
0.18         3182
0.18         3183
0.18         3184
0.18         3185
0.18         3186
0.18         3187
0.18         3188
0.18         3189
0.18         3190
0.18         3191
0.18         3192
0.18         3193
0.18         3194
0.18         3195
0.18         3196
0.18         3197
0.18         3198
0.18         3199
0.18         3200
0.18         3201
0.2         3202
0.2         3203
0.2         3204
0.2         3205
0.2         3206
0.2         3207
0.2         3208
0.2         3209
0.2         3210
0.2         3211
0.2         3212
0.2         3213
0.2         3214
0.2         3215
0.2         3216
0.2         3217
0.2         3218
0.2         3219
0.2         3220
0.2         3221
0.2         3222
0.2         3223
0.2         3224
0.2         3225
0.2         3226
0.2         3227
0.2         3228
0.2         3229
0.2         3230
0.2         3231
0.2         3232
0.2         3233
0.2         3234
0.2         3235
0.2         3236
0.2         3237
0.2         3238
0.2         3239
0.2         3240
0.2         3241
0.2         3242
0.2         3243
0.2         3244
0.2         3245
0.2         3246
0.2         3247
0.2         3248
0.2         3249
0.2         3250
0.2         3251
0.2         3252
0.2         3253
0.2         3254
0.2         3255
0.18         3256
0.18         3257
0.18         3258
0.18         3259
0.18         3260
0.18         3261
0.18         3262
0.18         3263
0.18         3264
0.18         3265
0.18         3266
0.18         3267
0.18         3268
0.18         3269
0.18         3270
0.16         3271
0.16         3272
0.16         3273
0.16         3274
0.16         3275
0.16         3276
0.16         3277
0.16         3278
0.16         3279
0.16         3280
0.16         3281
0.16         3282
0.16         3283
0.16         3284
0.16         3285
0.16         3286
0.16         3287
0.16         3288
0.16         3289
0.16         3290
0.16         3291
0.16         3292
0.16         3293
0.16         3294
0.16         3295
0.16         3296
0.16         3297
0.16         3298
0.16         3299
0.16         3300
0.16         3301
0.16         3302
0.16         3303
0.16         3304
0.16         3305
0.16         3306
0.16         3307
0.16         3308
0.16         3309
0.16         3310
0.16         3311
0.16         3312
0.16         3313
0.16         3314
0.16         3315
0.16         3316
0.14         3317
0.14         3318
0.14         3319
0.14         3320
0.14         3321
0.14         3322
0.14         3323
0.14         3324
0.14         3325
0.14         3326
0.14         3327
0.14         3328
0.14         3329
0.14         3330
0.14         3331
0.14         3332
0.14         3333
0.14         3334
0.14         3335
0.14         3336
0.14         3337
0.14         3338
0.14         3339
0.14         3340
0.14         3341
0.14         3342
0.14         3343
0.14         3344
0.14         3345
0.14         3346
0.14         3347
0.14         3348
0.14         3349
0.14         3350
0.14         3351
0.14         3352
0.14         3353
0.14         3354
0.14         3355
0.14         3356
0.14         3357
0.14         3358
0.14         3359
0.14         3360
0.14         3361
0.14         3362
0.14         3363
0.14         3364
0.14         3365
0.14         3366
0.14         3367
0.14         3368
0.14         3369
0.14         3370
0.14         3371
0.14         3372
0.14         3373
0.14         3374
0.14         3375
0.14         3376
0.14         3377
0.14         3378
0.14         3379
0.14         3380
0.14         3381
0.14         3382
0.14         3383
0.14         3384
0.14         3385
0.14         3386
0.14         3387
0.14         3388
0.14         3389
0.14         3390
0.14         3391
0.14         3392
0.14         3393
0.14         3394
0.14         3395
0.14         3396
0.14         3397
0.14         3398
0.14         3399
0.14         3400
0.14         3401
0.14         3402
0.14         3403
0.14         3404
0.14         3405
0.14         3406
0.14         3407
0.14         3408
0.14         3409
0.14         3410
0.14         3411
0.14         3412
0.14         3413
0.14         3414
0.14         3415
0.14         3416
0.14         3417
0.14         3418
0.14         3419
0.14         3420
0.14         3421
0.14         3422
0.14         3423
0.14         3424
0.14         3425
0.14         3426
0.14         3427
0.14         3428
0.14         3429
0.14         3430
0.14         3431
0.14         3432
0.14         3433
0.14         3434
0.14         3435
0.14         3436
0.14         3437
0.14         3438
0.14         3439
0.14         3440
0.14         3441
0.14         3442
0.14         3443
0.14         3444
0.14         3445
0.14         3446
0.14         3447
0.14         3448
0.14         3449
0.14         3450
0.14         3451
0.14         3452
0.14         3453
0.14         3454
0.14         3455
0.14         3456
0.14         3457
0.14         3458
0.14         3459
0.14         3460
0.14         3461
0.14         3462
0.14         3463
0.14         3464
0.14         3465
0.14         3466
0.14         3467
0.14         3468
0.14         3469
0.14         3470
0.14         3471
0.14         3472
0.14         3473
0.14         3474
0.14         3475
0.14         3476
0.14         3477
0.14         3478
0.14         3479
0.14         3480
0.14         3481
0.14         3482
0.14         3483
0.14         3484
0.14         3485
0.14         3486
0.14         3487
0.14         3488
0.14         3489
0.14         3490
0.14         3491
0.14         3492
0.14         3493
0.14         3494
0.14         3495
0.14         3496
0.14         3497
0.14         3498
0.14         3499
0.14         3500
0.14         3501
0.14         3502
0.14         3503
0.14         3504
0.14         3505
0.14         3506
0.14         3507
0.14         3508
0.14         3509
0.14         3510
0.14         3511
0.14         3512
0.14         3513
0.14         3514
0.14         3515
0.14         3516
0.14         3517
0.14         3518
0.14         3519
0.14         3520
0.14         3521
0.14         3522
0.14         3523
0.14         3524
0.14         3525
0.14         3526
0.14         3527
0.14         3528
0.14         3529
0.14         3530
0.14         3531
0.14         3532
0.14         3533
0.14         3534
0.14         3535
0.14         3536
0.14         3537
0.14         3538
0.12         3539
0.12         3540
0.12         3541
0.12         3542
0.12         3543
0.12         3544
0.12         3545
0.12         3546
0.12         3547
0.12         3548
0.12         3549
0.12         3550
0.12         3551
0.12         3552
0.12         3553
0.12         3554
0.12         3555
0.12         3556
0.12         3557
0.12         3558
0.12         3559
0.12         3560
0.12         3561
0.12         3562
0.12         3563
0.12         3564
0.12         3565
0.12         3566
0.12         3567
0.12         3568
0.12         3569
0.12         3570
0.12         3571
0.12         3572
0.12         3573
0.12         3574
0.12         3575
0.12         3576
0.12         3577
0.12         3578
0.12         3579
0.12         3580
0.12         3581
0.12         3582
0.12         3583
0.12         3584
0.12         3585
0.12         3586
0.12         3587
0.12         3588
0.12         3589
0.12         3590
0.12         3591
0.12         3592
0.12         3593
0.12         3594
0.12         3595
0.12         3596
0.12         3597
0.12         3598
0.12         3599
0.12         3600
0.12         3601
0.12         3602
0.12         3603
0.12         3604
0.12         3605
0.12         3606
0.12         3607
0.12         3608
0.12         3609
0.12         3610
0.12         3611
0.12         3612
0.12         3613
0.12         3614
0.12         3615
0.12         3616
0.12         3617
0.12         3618
0.12         3619
0.12         3620
0.12         3621
0.12         3622
0.12         3623
0.12         3624
0.12         3625
0.12         3626
0.12         3627
0.12         3628
0.12         3629
0.12         3630
0.12         3631
0.12         3632
0.12         3633
0.12         3634
0.12         3635
0.12         3636
0.12         3637
0.12         3638
0.12         3639
0.12         3640
0.12         3641
0.12         3642
0.12         3643
0.12         3644
0.12         3645
0.12         3646
0.12         3647
0.14         3648
0.14         3649
0.14         3650
0.14         3651
0.14         3652
0.14         3653
0.14         3654
0.14         3655
0.14         3656
0.14         3657
0.14         3658
0.14         3659
0.14         3660
0.14         3661
0.14         3662
0.14         3663
0.14         3664
0.14         3665
0.14         3666
0.14         3667
0.14         3668
0.14         3669
0.14         3670
0.14         3671
0.14         3672
0.14         3673
0.14         3674
0.14         3675
0.14         3676
0.14         3677
0.14         3678
0.14         3679
0.14         3680
0.14         3681
0.14         3682
0.14         3683
0.14         3684
0.14         3685
0.14         3686
0.14         3687
0.14         3688
0.14         3689
0.14         3690
0.14         3691
0.14         3692
0.14         3693
0.14         3694
0.14         3695
0.14         3696
0.14         3697
0.14         3698
0.14         3699
0.14         3700
0.14         3701
0.14         3702
0.14         3703
0.14         3704
0.14         3705
0.14         3706
0.14         3707
0.14         3708
0.14         3709
0.14         3710
0.14         3711
0.14         3712
0.14         3713
0.14         3714
0.14         3715
0.14         3716
0.14         3717
0.14         3718
0.14         3719
0.14         3720
0.14         3721
0.14         3722
0.14         3723
0.14         3724
0.14         3725
0.14         3726
0.14         3727
0.14         3728
0.14         3729
0.14         3730
0.14         3731
0.14         3732
0.14         3733
0.14         3734
0.14         3735
0.14         3736
0.14         3737
0.14         3738
0.14         3739
0.14         3740
0.14         3741
0.14         3742
0.14         3743
0.14         3744
0.14         3745
0.14         3746
0.14         3747
0.14         3748
0.14         3749
0.14         3750
0.14         3751
0.14         3752
0.14         3753
0.14         3754
0.14         3755
0.14         3756
0.14         3757
0.14         3758
0.14         3759
0.12         3760
0.12         3761
0.12         3762
0.12         3763
0.12         3764
0.12         3765
0.12         3766
0.12         3767
0.12         3768
0.12         3769
0.12         3770
0.12         3771
0.12         3772
0.12         3773
0.12         3774
0.12         3775
0.12         3776
0.12         3777
0.12         3778
0.12         3779
0.12         3780
0.12         3781
0.12         3782
0.12         3783
0.12         3784
0.12         3785
0.12         3786
0.12         3787
0.12         3788
0.12         3789
0.12         3790
0.12         3791
0.12         3792
0.12         3793
0.12         3794
0.12         3795
0.12         3796
0.12         3797
0.12         3798
0.12         3799
0.12         3800
0.12         3801
0.12         3802
0.12         3803
0.12         3804
0.12         3805
0.12         3806
0.12         3807
0.12         3808
0.12         3809
0.12         3810
0.12         3811
0.12         3812
0.12         3813
0.14         3814
0.14         3815
0.14         3816
0.14         3817
0.14         3818
0.14         3819
0.14         3820
0.14         3821
0.14         3822
0.14         3823
0.14         3824
0.14         3825
0.14         3826
0.14         3827
0.14         3828
0.14         3829
0.14         3830
0.14         3831
0.14         3832
0.14         3833
0.14         3834
0.14         3835
0.14         3836
0.14         3837
0.14         3838
0.14         3839
0.14         3840
0.14         3841
0.14         3842
0.14         3843
0.14         3844
0.14         3845
0.14         3846
0.14         3847
0.14         3848
0.14         3849
0.14         3850
0.14         3851
0.14         3852
0.14         3853
0.14         3854
0.14         3855
0.14         3856
0.14         3857
0.14         3858
0.14         3859
0.14         3860
0.14         3861
0.14         3862
0.14         3863
0.14         3864
0.14         3865
0.14         3866
0.14         3867
0.14         3868
0.14         3869
0.14         3870
0.14         3871
0.14         3872
0.14         3873
0.14         3874
0.14         3875
0.14         3876
0.14         3877
0.14         3878
0.14         3879
0.14         3880
0.14         3881
0.16         3882
0.16         3883
0.16         3884
0.16         3885
0.16         3886
0.16         3887
0.16         3888
0.16         3889
0.16         3890
0.16         3891
0.16         3892
0.16         3893
0.16         3894
0.16         3895
0.16         3896
0.16         3897
0.16         3898
0.16         3899
0.16         3900
0.16         3901
0.16         3902
0.16         3903
0.16         3904
0.16         3905
0.16         3906
0.16         3907
0.16         3908
0.16         3909
0.16         3910
0.16         3911
0.16         3912
0.16         3913
0.16         3914
0.16         3915
0.16         3916
0.16         3917
0.16         3918
0.16         3919
0.16         3920
0.16         3921
0.16         3922
0.16         3923
0.16         3924
0.16         3925
0.16         3926
0.16         3927
0.16         3928
0.16         3929
0.16         3930
0.16         3931
0.16         3932
0.16         3933
0.16         3934
0.14         3935
0.14         3936
0.14         3937
0.14         3938
0.14         3939
0.14         3940
0.14         3941
0.14         3942
0.14         3943
0.14         3944
0.14         3945
0.14         3946
0.14         3947
0.14         3948
0.14         3949
0.16         3950
0.16         3951
0.16         3952
0.16         3953
0.16         3954
0.16         3955
0.16         3956
0.16         3957
0.16         3958
0.16         3959
0.16         3960
0.16         3961
0.16         3962
0.16         3963
0.16         3964
0.16         3965
0.16         3966
0.16         3967
0.16         3968
0.16         3969
0.16         3970
0.16         3971
0.16         3972
0.16         3973
0.16         3974
0.14         3975
0.14         3976
0.14         3977
0.14         3978
0.14         3979
0.14         3980
0.14         3981
0.14         3982
0.14         3983
0.14         3984
0.14         3985
0.14         3986
0.14         3987
0.14         3988
0.14         3989
0.14         3990
0.14         3991
0.14         3992
0.14         3993
0.14         3994
0.14         3995
0.14         3996
0.16         3997
0.16         3998
0.16         3999
0.16         4000
0.16         4001
0.16         4002
0.16         4003
0.14         4004
0.14         4005
0.14         4006
0.14         4007
0.14         4008
0.14         4009
0.14         4010
0.14         4011
0.14         4012
0.14         4013
0.14         4014
0.14         4015
0.14         4016
0.14         4017
0.14         4018
0.14         4019
0.14         4020
0.14         4021
0.14         4022
0.14         4023
0.14         4024
0.14         4025
0.14         4026
0.14         4027
0.14         4028
0.14         4029
0.16         4030
0.16         4031
0.16         4032
0.16         4033
0.16         4034
0.16         4035
0.16         4036
0.16         4037
0.14         4038
0.14         4039
0.14         4040
0.14         4041
0.14         4042
0.14         4043
0.14         4044
0.14         4045
0.14         4046
0.14         4047
0.14         4048
0.14         4049
0.16         4050
0.16         4051
0.16         4052
0.16         4053
0.16         4054
0.16         4055
0.16         4056
0.16         4057
0.16         4058
0.16         4059
0.16         4060
0.16         4061
0.16         4062
0.16         4063
0.16         4064
0.16         4065
0.16         4066
0.16         4067
0.16         4068
0.16         4069
0.16         4070
0.16         4071
0.16         4072
0.16         4073
0.16         4074
0.16         4075
0.16         4076
0.16         4077
0.16         4078
0.16         4079
0.16         4080
0.16         4081
0.16         4082
0.16         4083
0.16         4084
0.16         4085
0.16         4086
0.16         4087
0.16         4088
0.16         4089
0.16         4090
0.16         4091
0.16         4092
0.16         4093
0.16         4094
0.16         4095
0.16         4096
0.16         4097
0.16         4098
0.16         4099
0.16         4100
0.16         4101
0.16         4102
0.16         4103
0.16         4104
0.16         4105
0.16         4106
0.16         4107
0.16         4108
0.16         4109
0.16         4110
0.16         4111
0.16         4112
0.16         4113
0.16         4114
0.16         4115
0.16         4116
0.16         4117
0.16         4118
0.16         4119
0.16         4120
0.16         4121
0.16         4122
0.14         4123
0.14         4124
0.14         4125
0.14         4126
0.14         4127
0.14         4128
0.14         4129
0.14         4130
0.14         4131
0.14         4132
0.14         4133
0.14         4134
0.14         4135
0.14         4136
0.14         4137
0.14         4138
0.14         4139
0.14         4140
0.14         4141
0.14         4142
0.14         4143
0.14         4144
0.14         4145
0.14         4146
0.14         4147
0.14         4148
0.14         4149
0.14         4150
0.14         4151
0.14         4152
0.14         4153
0.14         4154
0.14         4155
0.14         4156
0.14         4157
0.14         4158
0.14         4159
0.14         4160
0.14         4161
0.14         4162
0.14         4163
0.14         4164
0.14         4165
0.14         4166
0.14         4167
0.14         4168
0.14         4169
0.14         4170
0.14         4171
0.14         4172
0.14         4173
0.14         4174
0.14         4175
0.14         4176
0.14         4177
0.14         4178
0.14         4179
0.12         4180
0.12         4181
0.12         4182
0.12         4183
0.12         4184
0.12         4185
0.12         4186
0.12         4187
0.12         4188
0.12         4189
0.12         4190
0.12         4191
0.12         4192
0.12         4193
0.12         4194
0.12         4195
0.12         4196
0.12         4197
0.12         4198
0.12         4199
0.12         4200
0.12         4201
0.12         4202
0.12         4203
0.12         4204
0.12         4205
0.12         4206
0.12         4207
0.12         4208
0.12         4209
0.12         4210
0.12         4211
0.12         4212
0.12         4213
0.12         4214
0.12         4215
0.12         4216
0.12         4217
0.12         4218
0.12         4219
0.12         4220
0.12         4221
0.12         4222
0.12         4223
0.12         4224
0.12         4225
0.12         4226
0.12         4227
0.12         4228
0.12         4229
0.12         4230
0.12         4231
0.12         4232
0.12         4233
0.12         4234
0.12         4235
0.12         4236
0.12         4237
0.12         4238
0.12         4239
0.12         4240
0.12         4241
0.12         4242
0.12         4243
0.12         4244
0.12         4245
0.12         4246
0.12         4247
0.12         4248
0.12         4249
0.12         4250
0.12         4251
0.12         4252
0.12         4253
0.12         4254
0.12         4255
0.12         4256
0.12         4257
0.12         4258
0.12         4259
0.12         4260
0.12         4261
0.12         4262
0.12         4263
0.12         4264
0.12         4265
0.12         4266
0.12         4267
0.12         4268
0.12         4269
0.12         4270
0.12         4271
0.12         4272
0.12         4273
0.12         4274
0.12         4275
0.12         4276
0.12         4277
0.12         4278
0.12         4279
0.12         4280
0.12         4281
0.12         4282
0.12         4283
0.12         4284
0.12         4285
0.12         4286
0.12         4287
0.12         4288
0.12         4289
0.12         4290
0.12         4291
0.12         4292
0.12         4293
0.12         4294
0.12         4295
0.12         4296
0.12         4297
0.12         4298
0.12         4299
0.12         4300
0.12         4301
0.12         4302
0.12         4303
0.12         4304
0.12         4305
0.12         4306
0.12         4307
0.12         4308
0.12         4309
0.12         4310
0.12         4311
0.12         4312
0.12         4313
0.12         4314
0.12         4315
0.12         4316
0.12         4317
0.12         4318
0.12         4319
0.12         4320
0.12         4321
0.12         4322
0.12         4323
0.12         4324
0.12         4325
0.12         4326
0.12         4327
0.12         4328
0.12         4329
0.12         4330
0.12         4331
0.12         4332
0.12         4333
0.12         4334
0.12         4335
0.12         4336
0.12         4337
0.12         4338
0.12         4339
0.12         4340
0.12         4341
0.12         4342
0.12         4343
0.12         4344
0.12         4345
0.12         4346
0.12         4347
0.12         4348
0.12         4349
0.12         4350
0.12         4351
0.12         4352
0.12         4353
0.12         4354
0.12         4355
0.12         4356
0.12         4357
0.12         4358
0.12         4359
0.12         4360
0.12         4361
0.12         4362
0.12         4363
0.12         4364
0.12         4365
0.12         4366
0.12         4367
0.12         4368
0.12         4369
0.12         4370
0.12         4371
0.12         4372
0.12         4373
0.12         4374
0.12         4375
0.12         4376
0.12         4377
0.12         4378
0.12         4379
0.12         4380
0.12         4381
0.12         4382
0.12         4383
0.12         4384
0.12         4385
0.12         4386
0.12         4387
0.12         4388
0.12         4389
0.12         4390
0.12         4391
0.12         4392
0.12         4393
0.12         4394
0.12         4395
0.12         4396
0.12         4397
0.12         4398
0.12         4399
0.12         4400
0.12         4401
0.12         4402
0.12         4403
0.12         4404
0.12         4405
0.12         4406
0.12         4407
0.12         4408
0.12         4409
0.12         4410
0.12         4411
0.12         4412
0.12         4413
0.12         4414
0.12         4415
0.12         4416
0.12         4417
0.12         4418
0.12         4419
0.12         4420
0.12         4421
0.12         4422
0.12         4423
0.12         4424
0.12         4425
0.12         4426
0.12         4427
0.12         4428
0.12         4429
0.12         4430
0.12         4431
0.12         4432
0.12         4433
0.12         4434
0.12         4435
0.12         4436
0.12         4437
0.12         4438
0.12         4439
0.12         4440
0.12         4441
0.12         4442
0.12         4443
0.12         4444
0.12         4445
0.12         4446
0.12         4447
0.12         4448
0.12         4449
0.12         4450
0.12         4451
0.12         4452
0.12         4453
0.12         4454
0.12         4455
0.12         4456
0.12         4457
0.12         4458
0.12         4459
0.12         4460
0.12         4461
0.12         4462
0.12         4463
0.12         4464
0.12         4465
0.12         4466
0.12         4467
0.12         4468
0.12         4469
0.12         4470
0.12         4471
0.12         4472
0.12         4473
0.12         4474
0.12         4475
0.12         4476
0.12         4477
0.12         4478
0.12         4479
0.12         4480
0.12         4481
0.12         4482
0.12         4483
0.12         4484
0.12         4485
0.12         4486
0.12         4487
0.12         4488
0.12         4489
0.12         4490
0.12         4491
0.12         4492
0.12         4493
0.12         4494
0.12         4495
0.12         4496
0.12         4497
0.12         4498
0.12         4499
0.12         4500
0.12         4501
0.12         4502
0.12         4503
0.12         4504
0.12         4505
0.12         4506
0.12         4507
0.12         4508
0.12         4509
0.12         4510
0.12         4511
0.12         4512
0.12         4513
0.12         4514
0.12         4515
0.12         4516
0.12         4517
0.12         4518
0.12         4519
0.12         4520
0.12         4521
0.12         4522
0.12         4523
0.12         4524
0.12         4525
0.12         4526
0.12         4527
0.12         4528
0.12         4529
0.12         4530
0.12         4531
0.12         4532
0.12         4533
0.12         4534
0.12         4535
0.12         4536
0.12         4537
0.12         4538
0.12         4539
0.12         4540
0.12         4541
0.12         4542
0.12         4543
0.12         4544
0.12         4545
0.12         4546
0.12         4547
0.12         4548
0.12         4549
0.12         4550
0.12         4551
0.12         4552
0.12         4553
0.14         4554
0.14         4555
0.14         4556
0.14         4557
0.14         4558
0.14         4559
0.14         4560
0.14         4561
0.14         4562
0.14         4563
0.14         4564
0.14         4565
0.14         4566
0.14         4567
0.14         4568
0.14         4569
0.14         4570
0.14         4571
0.14         4572
0.14         4573
0.14         4574
0.14         4575
0.14         4576
0.14         4577
0.14         4578
0.14         4579
0.14         4580
0.14         4581
0.14         4582
0.14         4583
0.14         4584
0.14         4585
0.14         4586
0.14         4587
0.14         4588
0.14         4589
0.14         4590
0.14         4591
0.14         4592
0.14         4593
0.14         4594
0.14         4595
0.14         4596
0.14         4597
0.14         4598
0.14         4599
0.14         4600
0.14         4601
0.14         4602
0.14         4603
0.14         4604
0.14         4605
0.14         4606
0.14         4607
0.14         4608
0.14         4609
0.14         4610
0.14         4611
0.14         4612
0.14         4613
0.14         4614
0.14         4615
0.14         4616
0.14         4617
0.14         4618
0.14         4619
0.14         4620
0.14         4621
0.14         4622
0.14         4623
0.14         4624
0.14         4625
0.14         4626
0.14         4627
0.14         4628
0.14         4629
0.14         4630
0.14         4631
0.14         4632
0.14         4633
0.14         4634
0.14         4635
0.14         4636
0.14         4637
0.14         4638
0.14         4639
0.14         4640
0.14         4641
0.14         4642
0.14         4643
0.14         4644
0.14         4645
0.14         4646
0.14         4647
0.14         4648
0.14         4649
0.14         4650
0.14         4651
0.14         4652
0.14         4653
0.14         4654
0.14         4655
0.14         4656
0.14         4657
0.14         4658
0.14         4659
0.14         4660
0.14         4661
0.16         4662
0.16         4663
0.16         4664
0.16         4665
0.16         4666
0.16         4667
0.16         4668
0.16         4669
0.16         4670
0.18         4671
0.18         4672
0.18         4673
0.18         4674
0.18         4675
0.18         4676
0.18         4677
0.18         4678
0.18         4679
0.18         4680
0.18         4681
0.18         4682
0.18         4683
0.18         4684
0.18         4685
0.18         4686
0.18         4687
0.18         4688
0.18         4689
0.18         4690
0.18         4691
0.18         4692
0.16         4693
0.16         4694
0.16         4695
0.16         4696
0.16         4697
0.16         4698
0.16         4699
0.16         4700
0.16         4701
0.14         4702
0.14         4703
0.14         4704
0.14         4705
0.14         4706
0.14         4707
0.14         4708
0.14         4709
0.14         4710
0.14         4711
0.14         4712
0.14         4713
0.16         4714
0.16         4715
0.16         4716
0.16         4717
0.16         4718
0.16         4719
0.16         4720
0.16         4721
0.16         4722
0.16         4723
0.16         4724
0.16         4725
0.16         4726
0.16         4727
0.16         4728
0.16         4729
0.16         4730
0.16         4731
0.16         4732
0.16         4733
0.16         4734
0.16         4735
0.16         4736
0.16         4737
0.16         4738
0.16         4739
0.16         4740
0.16         4741
0.16         4742
0.16         4743
0.16         4744
0.16         4745
0.16         4746
0.16         4747
0.16         4748
0.16         4749
0.16         4750
0.16         4751
0.16         4752
0.16         4753
0.14         4754
0.14         4755
0.14         4756
0.14         4757
0.14         4758
0.14         4759
0.14         4760
0.14         4761
0.14         4762
0.14         4763
0.12         4764
0.12         4765
0.14         4766
0.14         4767
0.14         4768
0.14         4769
0.14         4770
0.14         4771
0.14         4772
0.14         4773
0.14         4774
0.14         4775
0.14         4776
0.14         4777
0.14         4778
0.14         4779
0.14         4780
0.14         4781
0.14         4782
0.14         4783
0.14         4784
0.14         4785
0.14         4786
0.14         4787
0.14         4788
0.14         4789
0.14         4790
0.14         4791
0.14         4792
0.14         4793
0.16         4794
0.16         4795
0.16         4796
0.16         4797
0.16         4798
0.16         4799
0.16         4800
0.16         4801
0.16         4802
0.16         4803
0.16         4804
0.16         4805
0.16         4806
0.16         4807
0.16         4808
0.16         4809
0.16         4810
0.16         4811
0.16         4812
0.16         4813
0.16         4814
0.16         4815
0.16         4816
0.16         4817
0.16         4818
0.16         4819
0.16         4820
0.16         4821
0.16         4822
0.16         4823
0.16         4824
0.16         4825
0.16         4826
0.16         4827
0.16         4828
0.16         4829
0.16         4830
0.16         4831
0.16         4832
0.16         4833
0.16         4834
0.16         4835
0.16         4836
0.14         4837
0.14         4838
0.14         4839
0.14         4840
0.14         4841
0.14         4842
0.14         4843
0.14         4844
0.14         4845
0.14         4846
0.14         4847
0.14         4848
0.14         4849
0.14         4850
0.14         4851
0.14         4852
0.14         4853
0.14         4854
0.14         4855
0.14         4856
0.14         4857
0.14         4858
0.14         4859
0.14         4860
0.14         4861
0.14         4862
0.14         4863
0.14         4864
0.14         4865
0.14         4866
0.14         4867
0.14         4868
0.14         4869
0.14         4870
0.14         4871
0.14         4872
0.14         4873
0.14         4874
0.14         4875
0.14         4876
0.14         4877
0.14         4878
0.14         4879
0.14         4880
0.14         4881
0.14         4882
0.14         4883
0.14         4884
0.14         4885
0.14         4886
0.14         4887
0.14         4888
0.14         4889
0.14         4890
0.14         4891
0.14         4892
0.14         4893
0.14         4894
0.14         4895
0.14         4896
0.14         4897
0.14         4898
0.14         4899
0.14         4900
0.14         4901
0.14         4902
0.14         4903
0.14         4904
0.14         4905
0.14         4906
0.14         4907
0.14         4908
0.14         4909
0.14         4910
0.14         4911
0.14         4912
0.14         4913
0.14         4914
0.14         4915
0.14         4916
0.14         4917
0.14         4918
0.14         4919
0.14         4920
0.14         4921
0.14         4922
0.14         4923
0.14         4924
0.14         4925
0.14         4926
0.14         4927
0.12         4928
0.12         4929
0.12         4930
0.12         4931
0.12         4932
0.12         4933
0.12         4934
0.12         4935
0.12         4936
0.12         4937
0.12         4938
0.12         4939
0.12         4940
0.12         4941
0.12         4942
0.12         4943
0.12         4944
0.12         4945
0.12         4946
0.12         4947
0.12         4948
0.12         4949
0.12         4950
0.12         4951
0.12         4952
0.12         4953
0.12         4954
0.12         4955
0.12         4956
0.12         4957
0.12         4958
0.12         4959
0.12         4960
0.12         4961
0.12         4962
0.12         4963
0.12         4964
0.12         4965
0.12         4966
0.12         4967
0.12         4968
0.12         4969
0.12         4970
0.12         4971
0.12         4972
0.12         4973
0.12         4974
0.12         4975
0.12         4976
0.12         4977
0.12         4978
0.12         4979
0.12         4980
0.12         4981
0.12         4982
0.12         4983
0.12         4984
0.12         4985
0.12         4986
0.12         4987
0.12         4988
0.12         4989
0.12         4990
0.12         4991
0.12         4992
0.12         4993
0.12         4994
0.12         4995
0.12         4996
0.12         4997
0.12         4998
0.12         4999
