0            0

0            1

0            2

0            3

0            4

0            5

0            6

0            7

0            8

0            9

0            10

0            11

0            12

0            13

0            14

0            15

0            16

0            17

0            18

0            19

0            20

0            21

0            22

0            23

0            24

0            25

0            26

0            27

0            28

0            29

0            30

0            31

0            32

0            33

0            34

0            35

0            36

0            37

0            38

0            39

0            40

0            41

0            42

0            43

0            44

0            45

0            46

0            47

0            48

0            49

0            50

0            51

0            52

0            53

0            54

0            55

0            56

0            57

0            58

0            59

0            60

0            61

0            62

0            63

0            64

0            65

0            66

0            67

0            68

0            69

0            70

0            71

0            72

0            73

0            74

0            75

0            76

0            77

0            78

0            79

0            80

0            81

0            82

0            83

0            84

0            85

0            86

0            87

0            88

0            89

0            90

0            91

0            92

0            93

0            94

0            95

0            96

0            97

0            98

0            99

0            100

0            101

0            102

0            103

0            104

0            105

0            106

0            107

0            108

0            109

0            110

0            111

0            112

0            113

0            114

0            115

0            116

0            117

0            118

0            119

0            120

0            121

0            122

0            123

0            124

0            125

0            126

0            127

0            128

0            129

0            130

0            131

0            132

0            133

0            134

0            135

0            136

0            137

0            138

0            139

0            140

0            141

0            142

0            143

0            144

0            145

0            146

0            147

0            148

0            149

0            150

0            151

0            152

0            153

0            154

0            155

0            156

0            157

0            158

0            159

0            160

0            161

0            162

0            163

0            164

0            165

0            166

0            167

0            168

0            169

0            170

0            171

0            172

0            173

0            174

0            175

0            176

0            177

0            178

0            179

0            180

0            181

0            182

0            183

0            184

0            185

0            186

0            187

0            188

0            189

0            190

0            191

0            192

0            193

0            194

0            195

0            196

0            197

0            198

0            199

0            200

0            201

0            202

0            203

0            204

0            205

0            206

0            207

0            208

0            209

0            210

0            211

0            212

0            213

0            214

0            215

0            216

0            217

0            218

0            219

0            220

0            221

0            222

0            223

0            224

0            225

0            226

0            227

0            228

0            229

0            230

0            231

0            232

0            233

0            234

0            235

0            236

0            237

0            238

0            239

0            240

0            241

0            242

0            243

0            244

0            245

0            246

0            247

0            248

0            249

0            250

0            251

0            252

0            253

0            254

0            255

0            256

0            257

0            258

0            259

0            260

0            261

0            262

0            263

0            264

0            265

0            266

0            267

0            268

0            269

0            270

0            271

0            272

0            273

0            274

0            275

0            276

0            277

0            278

0            279

0            280

0            281

0            282

0            283

0            284

0            285

0            286

0            287

0            288

0            289

0            290

0            291

0            292

0            293

0            294

0            295

0            296

0            297

0            298

0            299

0            300

0            301

0            302

0            303

0            304

0            305

0            306

0            307

0            308

0            309

0            310

0            311

0            312

0            313

0            314

0            315

0            316

0            317

0            318

0            319

0            320

0            321

0            322

0            323

0            324

0            325

0            326

0            327

0            328

0            329

0            330

0            331

0            332

0            333

0            334

0            335

0            336

0            337

0            338

0            339

0            340

0            341

0            342

0            343

0            344

0            345

0            346

0            347

0            348

0            349

0            350

0            351

0            352

0            353

0            354

0            355

0            356

0            357

0            358

0            359

0            360

0            361

0            362

0            363

0            364

0            365

0            366

0            367

0            368

0            369

0            370

0            371

0            372

0            373

0            374

0            375

0            376

0            377

0            378

0            379

0            380

0            381

0            382

0            383

0            384

0            385

0            386

0            387

0            388

0            389

0            390

0            391

0            392

0            393

0            394

0            395

0            396

0            397

0            398

0            399

0            400

0            401

0            402

0            403

0            404

0            405

0            406

0            407

0            408

0            409

0            410

0            411

0            412

0            413

0            414

0            415

0            416

0            417

0            418

0            419

0            420

0            421

0            422

0            423

0            424

0            425

0            426

0            427

0            428

0            429

0            430

0            431

0            432

0            433

0            434

0            435

0            436

0            437

0            438

0            439

0            440

0            441

0            442

0            443

0            444

0            445

0            446

0            447

0            448

0            449

0            450

0            451

0            452

0            453

0            454

0            455

0            456

0            457

0            458

0            459

0            460

0            461

0            462

0            463

0            464

0            465

0            466

0            467

0            468

0            469

0            470

0            471

0            472

0            473

0            474

0            475

0            476

0            477

0            478

0            479

0            480

0            481

0            482

0            483

0            484

0            485

0            486

0            487

0            488

0            489

0            490

0            491

0            492

0            493

0            494

0            495

0            496

0            497

0            498

0            499

0            500

0            501

0            502

0            503

0            504

0            505

0            506

0            507

0            508

0            509

0            510

0            511

0            512

0            513

0            514

0            515

0            516

0            517

0            518

0            519

0            520

0            521

0            522

0            523

0            524

0            525

0            526

0            527

0            528

0            529

0            530

0            531

0            532

0            533

0            534

0            535

0            536

0            537

0            538

0            539

0            540

0            541

0            542

0            543

0            544

0            545

0            546

0            547

0            548

0            549

0            550

0            551

0            552

0            553

0            554

0            555

0            556

0            557

0            558

0            559

0            560

0            561

0            562

0            563

0            564

0            565

0            566

0            567

0            568

0            569

0            570

0            571

0            572

0            573

0            574

0            575

0            576

0            577

0            578

0            579

0            580

0            581

0            582

0            583

0            584

0            585

0            586

0            587

0            588

0            589

0            590

0            591

0            592

0            593

0            594

0            595

0            596

0            597

0            598

0            599

0            600

0            601

0            602

0            603

0            604

0            605

0            606

0            607

0            608

0            609

0            610

0            611

0            612

0            613

0            614

0            615

0            616

0            617

0            618

0            619

0            620

0            621

0            622

0            623

0            624

0            625

0            626

0            627

0            628

0            629

0            630

0            631

0            632

0            633

0            634

0            635

0            636

0            637

0            638

0            639

0            640

0            641

0            642

0            643

0            644

0            645

0            646

0            647

0            648

0            649

0            650

0            651

0            652

0            653

0            654

0            655

0            656

0            657

0            658

0            659

0            660

0            661

0            662

0            663

0            664

0            665

0            666

0            667

0            668

0            669

0            670

0            671

0            672

0            673

0            674

0            675

0            676

0            677

0            678

0            679

0            680

0            681

0            682

0            683

0            684

0            685

0            686

0            687

0            688

0            689

0            690

0            691

0            692

0            693

0            694

0            695

0            696

0            697

0            698

0            699

0            700

0            701

0            702

0            703

0            704

0            705

0            706

0            707

0            708

0            709

0            710

0            711

0            712

0            713

0            714

0            715

0            716

0            717

0            718

0            719

0            720

0            721

0            722

0            723

0            724

0            725

0            726

0            727

0            728

0            729

0            730

0            731

0            732

0            733

0            734

0            735

0            736

0            737

0            738

0            739

0            740

0            741

0            742

0            743

0            744

0            745

0            746

0            747

0            748

0            749

0            750

0            751

0            752

0            753

0            754

0            755

0            756

0            757

0            758

0            759

0            760

0            761

0            762

0            763

0            764

0            765

0            766

0            767

0            768

0            769

0            770

0            771

0            772

0            773

0            774

0            775

0            776

0            777

0            778

0            779

0            780

0            781

0            782

0            783

0            784

0            785

0            786

0            787

0            788

0            789

0            790

0            791

0            792

0            793

0            794

0            795

0            796

0            797

0            798

0            799

0            800

0            801

0            802

0            803

0            804

0            805

0            806

0            807

0            808

0            809

0            810

0            811

0            812

0            813

0            814

0            815

0            816

0            817

0            818

0            819

0            820

0            821

0            822

0            823

0            824

0            825

0            826

0            827

0            828

0            829

0            830

0            831

0            832

0            833

0            834

0            835

0            836

0            837

0            838

0            839

0            840

0            841

0            842

0            843

0            844

0            845

0            846

0            847

0            848

0            849

0            850

0            851

0            852

0            853

0            854

0            855

0            856

0            857

0            858

0            859

0            860

0            861

0            862

0            863

0            864

0            865

0            866

0            867

0            868

0            869

0            870

0            871

0            872

0            873

0            874

0            875

0            876

0            877

0            878

0            879

0            880

0            881

0            882

0            883

0            884

0            885

0            886

0            887

0            888

0            889

0            890

0            891

0            892

0            893

0            894

0            895

0            896

0            897

0            898

0            899

0            900

0            901

0            902

0            903

0            904

0            905

0            906

0            907

0            908

0            909

0            910

0            911

0            912

0            913

0            914

0            915

0            916

0            917

0            918

0            919

0            920

0            921

0            922

0            923

0            924

0            925

0            926

0            927

0            928

0            929

0            930

0            931

0            932

0            933

0            934

0            935

0            936

0            937

0            938

0            939

0            940

0            941

0            942

0            943

0            944

0            945

0            946

0            947

0            948

0            949

0            950

0            951

0            952

0            953

0            954

0            955

0            956

0            957

0            958

0            959

0            960

0            961

0            962

0            963

0            964

0            965

0            966

0            967

0            968

0            969

0            970

0            971

0            972

0            973

0            974

0            975

0            976

0            977

0            978

0            979

0            980

0            981

0            982

0            983

0            984

0            985

0            986

0            987

0            988

0            989

0            990

0            991

0            992

0            993

0            994

0            995

0            996

0            997

0            998

0            999

0            1000

0            1001

0            1002

0            1003

0            1004

0            1005

0            1006

0            1007

0            1008

0            1009

0            1010

0            1011

0            1012

0            1013

0            1014

0            1015

0            1016

0            1017

0            1018

0            1019

0            1020

0            1021

0            1022

0            1023

0            1024

0            1025

0            1026

0            1027

0            1028

0            1029

0            1030

0            1031

0            1032

0            1033

0            1034

0            1035

0            1036

0            1037

0            1038

0            1039

0            1040

0            1041

0            1042

0            1043

0            1044

0            1045

0            1046

0            1047

0            1048

0            1049

0            1050

0            1051

0            1052

0            1053

0            1054

0            1055

0            1056

0.0025            1057

0.0025            1058

0.0025            1059

0.0025            1060

0.0075            1061

0.01            1062

0.01            1063

0.01            1064

0.0125            1065

0.0125            1066

0.02            1067

0.0225            1068

0.0225            1069

0.025            1070

0.0275            1071

0.0275            1072

0.0325            1073

0.0325            1074

0.0375            1075

0.035            1076

0.04            1077

0.05            1078

0.05            1079

0.0525            1080

0.055            1081

0.0575            1082

0.06            1083

0.07            1084

0.0725            1085

0.075            1086

0.0825            1087

0.0925            1088

0.095            1089

0.095            1090

0.1            1091

0.1025            1092

0.105            1093

0.105            1094

0.1075            1095

0.115            1096

0.115            1097

0.1175            1098

0.1225            1099

0.125            1100

0.125            1101

0.1275            1102

0.1325            1103

0.135            1104

0.1375            1105

0.1425            1106

0.145            1107

0.15            1108

0.15            1109

0.15            1110

0.15            1111

0.155            1112

0.155            1113

0.1575            1114

0.16            1115

0.16            1116

0.16            1117

0.16            1118

0.1625            1119

0.165            1120

0.165            1121

0.165            1122

0.1675            1123

0.1675            1124

0.1675            1125

0.1675            1126

0.1675            1127

0.17            1128

0.17            1129

0.1725            1130

0.1725            1131

0.1725            1132

0.1725            1133

0.175            1134

0.175            1135

0.175            1136

0.175            1137

0.1775            1138

0.175            1139

0.1775            1140

0.1775            1141

0.18            1142

0.18            1143

0.18            1144

0.18            1145

0.1825            1146

0.1825            1147

0.1825            1148

0.1825            1149

0.1825            1150

0.1825            1151

0.1825            1152

0.1825            1153

0.1825            1154

0.1825            1155

0.1825            1156

0.185            1157

0.185            1158

0.185            1159

0.185            1160

0.185            1161

0.185            1162

0.185            1163

0.1875            1164

0.1875            1165

0.1875            1166

0.19            1167

0.19            1168

0.19            1169

0.19            1170

0.19            1171

0.19            1172

0.19            1173

0.1925            1174

0.1925            1175

0.1925            1176

0.1925            1177

0.1925            1178

0.1925            1179

0.1925            1180

0.195            1181

0.195            1182

0.195            1183

0.195            1184

0.195            1185

0.195            1186

0.195            1187

0.1975            1188

0.1975            1189

0.1975            1190

0.1975            1191

0.1975            1192

0.1975            1193

0.1975            1194

0.1975            1195

0.1975            1196

0.1975            1197

0.195            1198

0.195            1199

0.195            1200

0.195            1201

0.195            1202

0.1975            1203

0.1975            1204

0.1975            1205

0.1975            1206

0.2            1207

0.2025            1208

0.2025            1209

0.2025            1210

0.2025            1211

0.2025            1212

0.2025            1213

0.2025            1214

0.2025            1215

0.2025            1216

0.2025            1217

0.2025            1218

0.2025            1219

0.2025            1220

0.2025            1221

0.2025            1222

0.2025            1223

0.2025            1224

0.205            1225

0.205            1226

0.205            1227

0.205            1228

0.205            1229

0.205            1230

0.205            1231

0.205            1232

0.205            1233

0.205            1234

0.205            1235

0.205            1236

0.205            1237

0.205            1238

0.205            1239

0.205            1240

0.205            1241

0.205            1242

0.205            1243

0.205            1244

0.205            1245

0.205            1246

0.205            1247

0.205            1248

0.205            1249

0.205            1250

0.2075            1251

0.2075            1252

0.2075            1253

0.2075            1254

0.2075            1255

0.2075            1256

0.2075            1257

0.2075            1258

0.2075            1259

0.2075            1260

0.2075            1261

0.2075            1262

0.2075            1263

0.2075            1264

0.2075            1265

0.2075            1266

0.2075            1267

0.2075            1268

0.2075            1269

0.2075            1270

0.2075            1271

0.2075            1272

0.2075            1273

0.2075            1274

0.2075            1275

0.2075            1276

0.2075            1277

0.21            1278

0.21            1279

0.21            1280

0.21            1281

0.21            1282

0.21            1283

0.21            1284

0.2125            1285

0.2125            1286

0.2125            1287

0.2125            1288

0.2125            1289

0.2125            1290

0.2125            1291

0.2125            1292

0.2125            1293

0.2125            1294

0.2125            1295

0.2125            1296

0.2125            1297

0.2125            1298

0.2125            1299

0.2125            1300

0.2125            1301

0.2125            1302

0.2125            1303

0.2125            1304

0.2125            1305

0.2125            1306

0.2125            1307

0.2125            1308

0.2125            1309

0.2125            1310

0.2125            1311

0.2125            1312

0.2125            1313

0.2125            1314

0.2125            1315

0.2125            1316

0.2125            1317

0.2125            1318

0.2125            1319

0.2125            1320

0.2125            1321

0.2125            1322

0.2125            1323

0.2125            1324

0.2125            1325

0.2125            1326

0.2125            1327

0.2125            1328

0.2125            1329

0.2125            1330

0.2125            1331

0.2125            1332

0.2125            1333

0.215            1334

0.215            1335

0.2175            1336

0.2175            1337

0.2175            1338

0.2175            1339

0.2175            1340

0.2175            1341

0.2175            1342

0.2175            1343

0.2175            1344

0.2175            1345

0.22            1346

0.22            1347

0.22            1348

0.22            1349

0.22            1350

0.22            1351

0.22            1352

0.22            1353

0.22            1354

0.22            1355

0.22            1356

0.22            1357

0.22            1358

0.22            1359

0.22            1360

0.22            1361

0.22            1362

0.22            1363

0.22            1364

0.22            1365

0.22            1366

0.22            1367

0.22            1368

0.22            1369

0.22            1370

0.22            1371

0.22            1372

0.22            1373

0.22            1374

0.22            1375

0.22            1376

0.22            1377

0.22            1378

0.22            1379

0.22            1380

0.22            1381

0.22            1382

0.22            1383

0.22            1384

0.22            1385

0.22            1386

0.22            1387

0.22            1388

0.22            1389

0.22            1390

0.22            1391

0.22            1392

0.22            1393

0.22            1394

0.22            1395

0.22            1396

0.22            1397

0.22            1398

0.22            1399

0.22            1400

0.22            1401

0.22            1402

0.22            1403

0.22            1404

0.22            1405

0.22            1406

0.22            1407

0.22            1408

0.22            1409

0.22            1410

0.22            1411

0.22            1412

0.22            1413

0.22            1414

0.22            1415

0.22            1416

0.22            1417

0.22            1418

0.22            1419

0.22            1420

0.22            1421

0.22            1422

0.22            1423

0.22            1424

0.22            1425

0.22            1426

0.22            1427

0.22            1428

0.22            1429

0.22            1430

0.22            1431

0.22            1432

0.22            1433

0.22            1434

0.22            1435

0.22            1436

0.22            1437

0.22            1438

0.2175            1439

0.2175            1440

0.2175            1441

0.2175            1442

0.2175            1443

0.2175            1444

0.2175            1445

0.2175            1446

0.2175            1447

0.2175            1448

0.2175            1449

0.2175            1450

0.2175            1451

0.2175            1452

0.2175            1453

0.2175            1454

0.2175            1455

0.2175            1456

0.2175            1457

0.2175            1458

0.2175            1459

0.2175            1460

0.2175            1461

0.2175            1462

0.2175            1463

0.2175            1464

0.22            1465

0.22            1466

0.22            1467

0.22            1468

0.22            1469

0.22            1470

0.22            1471

0.22            1472

0.22            1473

0.22            1474

0.22            1475

0.22            1476

0.22            1477

0.22            1478

0.22            1479

0.22            1480

0.22            1481

0.22            1482

0.22            1483

0.22            1484

0.22            1485

0.22            1486

0.22            1487

0.22            1488

0.22            1489

0.22            1490

0.22            1491

0.22            1492

0.22            1493

0.22            1494

0.22            1495

0.22            1496

0.22            1497

0.22            1498

0.22            1499

0.22            1500

0.22            1501

0.22            1502

0.22            1503

0.22            1504

0.22            1505

0.2225            1506

0.2225            1507

0.2225            1508

0.2225            1509

0.2225            1510

0.2225            1511

0.2225            1512

0.2225            1513

0.2225            1514

0.2225            1515

0.2225            1516

0.2225            1517

0.2225            1518

0.2225            1519

0.2225            1520

0.2225            1521

0.2225            1522

0.2225            1523

0.2225            1524

0.2225            1525

0.2225            1526

0.2225            1527

0.2225            1528

0.2225            1529

0.2225            1530

0.2225            1531

0.2225            1532

0.2225            1533

0.2225            1534

0.2225            1535

0.2225            1536

0.2225            1537

0.2225            1538

0.2225            1539

0.2225            1540

0.2225            1541

0.2225            1542

0.2225            1543

0.2225            1544

0.2225            1545

0.2225            1546

0.2225            1547

0.2225            1548

0.2225            1549

0.2225            1550

0.2225            1551

0.2225            1552

0.2225            1553

0.2225            1554

0.2225            1555

0.2225            1556

0.2225            1557

0.2225            1558

0.2225            1559

0.2225            1560

0.2225            1561

0.2225            1562

0.2225            1563

0.2225            1564

0.2225            1565

0.2225            1566

0.2225            1567

0.2225            1568

0.2225            1569

0.2225            1570

0.2225            1571

0.2225            1572

0.2225            1573

0.2225            1574

0.2225            1575

0.2225            1576

0.2225            1577

0.2225            1578

0.2225            1579

0.2225            1580

0.2225            1581

0.2225            1582

0.2225            1583

0.2225            1584

0.2225            1585

0.2225            1586

0.2225            1587

0.2225            1588

0.2225            1589

0.2225            1590

0.2225            1591

0.2225            1592

0.2225            1593

0.2225            1594

0.2225            1595

0.2225            1596

0.2225            1597

0.2225            1598

0.2225            1599

0.2225            1600

0.2225            1601

0.2225            1602

0.2225            1603

0.2225            1604

0.2225            1605

0.2225            1606

0.2225            1607

0.2225            1608

0.2225            1609

0.2225            1610

0.2225            1611

0.2225            1612

0.2225            1613

0.2225            1614

0.2225            1615

0.2225            1616

0.2225            1617

0.2225            1618

0.2225            1619

0.2225            1620

0.2225            1621

0.2225            1622

0.2225            1623

0.2225            1624

0.2225            1625

0.2225            1626

0.2225            1627

0.2225            1628

0.2225            1629

0.2225            1630

0.2225            1631

0.2225            1632

0.2225            1633

0.2225            1634

0.2225            1635

0.2225            1636

0.2225            1637

0.2225            1638

0.2225            1639

0.2225            1640

0.2225            1641

0.2225            1642

0.2225            1643

0.2225            1644

0.2225            1645

0.2225            1646

0.2225            1647

0.2225            1648

0.2225            1649

0.2225            1650

0.2225            1651

0.2225            1652

0.2225            1653

0.2225            1654

0.2225            1655

0.2225            1656

0.2225            1657

0.2225            1658

0.2225            1659

0.2225            1660

0.2225            1661

0.2225            1662

0.2225            1663

0.2225            1664

0.2225            1665

0.2225            1666

0.2225            1667

0.2225            1668

0.2225            1669

0.2225            1670

0.2225            1671

0.2225            1672

0.2225            1673

0.2225            1674

0.2225            1675

0.2225            1676

0.2225            1677

0.2225            1678

0.2225            1679

0.2225            1680

0.2225            1681

0.2225            1682

0.2225            1683

0.2225            1684

0.2225            1685

0.2225            1686

0.2225            1687

0.2225            1688

0.2225            1689

0.2225            1690

0.2225            1691

0.2225            1692

0.2225            1693

0.2225            1694

0.2225            1695

0.2225            1696

0.2225            1697

0.2225            1698

0.2225            1699

0.2225            1700

0.2225            1701

0.2225            1702

0.2225            1703

0.2225            1704

0.2225            1705

0.2225            1706

0.2225            1707

0.2225            1708

0.2225            1709

0.2225            1710

0.2225            1711

0.2225            1712

0.225            1713

0.225            1714

0.225            1715

0.225            1716

0.225            1717

0.225            1718

0.225            1719

0.225            1720

0.225            1721

0.225            1722

0.225            1723

0.225            1724

0.225            1725

0.225            1726

0.225            1727

0.225            1728

0.225            1729

0.225            1730

0.225            1731

0.225            1732

0.225            1733

0.225            1734

0.225            1735

0.225            1736

0.225            1737

0.225            1738

0.225            1739

0.225            1740

0.225            1741

0.225            1742

0.225            1743

0.225            1744

0.225            1745

0.225            1746

0.225            1747

0.225            1748

0.225            1749

0.225            1750

0.225            1751

0.225            1752

0.225            1753

0.225            1754

0.225            1755

0.225            1756

0.225            1757

0.225            1758

0.225            1759

0.225            1760

0.225            1761

0.225            1762

0.225            1763

0.225            1764

0.225            1765

0.225            1766

0.225            1767

0.225            1768

0.225            1769

0.225            1770

0.225            1771

0.225            1772

0.225            1773

0.225            1774

0.225            1775

0.225            1776

0.225            1777

0.225            1778

0.225            1779

0.225            1780

0.225            1781

0.225            1782

0.225            1783

0.225            1784

0.225            1785

0.225            1786

0.225            1787

0.225            1788

0.225            1789

0.225            1790

0.225            1791

0.225            1792

0.225            1793

0.225            1794

0.225            1795

0.225            1796

0.225            1797

0.225            1798

0.225            1799

0.225            1800

0.225            1801

0.225            1802

0.225            1803

0.225            1804

0.225            1805

0.225            1806

0.225            1807

0.225            1808

0.225            1809

0.225            1810

0.225            1811

0.225            1812

0.225            1813

0.225            1814

0.225            1815

0.225            1816

0.225            1817

0.225            1818

0.225            1819

0.225            1820

0.225            1821

0.225            1822

0.225            1823

0.225            1824

0.225            1825

0.225            1826

0.225            1827

0.225            1828

0.225            1829

0.225            1830

0.225            1831

0.225            1832

0.225            1833

0.225            1834

0.225            1835

0.225            1836

0.225            1837

0.225            1838

0.225            1839

0.225            1840

0.225            1841

0.225            1842

0.225            1843

0.225            1844

0.225            1845

0.225            1846

0.225            1847

0.225            1848

0.225            1849

0.225            1850

0.225            1851

0.225            1852

0.225            1853

0.225            1854

0.225            1855

0.225            1856

0.225            1857

0.225            1858

0.225            1859

0.225            1860

0.225            1861

0.225            1862

0.225            1863

0.225            1864

0.225            1865

0.225            1866

0.225            1867

0.225            1868

0.225            1869

0.225            1870

0.225            1871

0.225            1872

0.225            1873

0.225            1874

0.225            1875

0.225            1876

0.225            1877

0.225            1878

0.225            1879

0.225            1880

0.225            1881

0.225            1882

0.225            1883

0.225            1884

0.225            1885

0.225            1886

0.225            1887

0.225            1888

0.225            1889

0.225            1890

0.225            1891

0.225            1892

0.225            1893

0.225            1894

0.225            1895

0.225            1896

0.225            1897

0.225            1898

0.225            1899

0.225            1900

0.225            1901

0.225            1902

0.225            1903

0.225            1904

0.225            1905

0.225            1906

0.225            1907

0.225            1908

0.225            1909

0.225            1910

0.225            1911

0.225            1912

0.225            1913

0.225            1914

0.225            1915

0.225            1916

0.225            1917

0.225            1918

0.225            1919

0.225            1920

0.225            1921

0.225            1922

0.225            1923

0.225            1924

0.225            1925

0.225            1926

0.225            1927

0.225            1928

0.225            1929

0.225            1930

0.225            1931

0.225            1932

0.225            1933

0.225            1934

0.225            1935

0.225            1936

0.225            1937

0.225            1938

0.225            1939

0.225            1940

0.225            1941

0.225            1942

0.225            1943

0.225            1944

0.225            1945

0.225            1946

0.225            1947

0.225            1948

0.225            1949

0.225            1950

0.225            1951

0.225            1952

0.225            1953

0.225            1954

0.225            1955

0.225            1956

0.225            1957

0.225            1958

0.225            1959

0.225            1960

0.225            1961

0.225            1962

0.225            1963

0.225            1964

0.225            1965

0.225            1966

0.225            1967

0.225            1968

0.225            1969

0.225            1970

0.225            1971

0.225            1972

0.225            1973

0.225            1974

0.225            1975

0.225            1976

0.225            1977

0.225            1978

0.225            1979

0.225            1980

0.225            1981

0.225            1982

0.225            1983

0.225            1984

0.225            1985

0.225            1986

0.225            1987

0.225            1988

0.225            1989

0.225            1990

0.225            1991

0.225            1992

0.225            1993

0.225            1994

0.225            1995

0.225            1996

0.225            1997

0.225            1998

0.225            1999

0.225            2000

0.225            2001

0.225            2002

0.225            2003

0.225            2004

0.225            2005

0.225            2006

0.225            2007

0.225            2008

0.225            2009

0.225            2010

0.225            2011

0.225            2012

0.225            2013

0.225            2014

0.225            2015

0.225            2016

0.225            2017

0.225            2018

0.225            2019

0.225            2020

0.225            2021

0.225            2022

0.225            2023

0.225            2024

0.225            2025

0.225            2026

0.225            2027

0.225            2028

0.225            2029

0.225            2030

0.225            2031

0.225            2032

0.225            2033

0.225            2034

0.225            2035

0.225            2036

0.225            2037

0.225            2038

0.225            2039

0.225            2040

0.225            2041

0.225            2042

0.225            2043

0.225            2044

0.225            2045

0.225            2046

0.225            2047

0.225            2048

0.225            2049

0.225            2050

0.225            2051

0.225            2052

0.225            2053

0.225            2054

0.225            2055

0.225            2056

0.225            2057

0.225            2058

0.225            2059

0.225            2060

0.225            2061

0.225            2062

0.225            2063

0.225            2064

0.225            2065

0.225            2066

0.225            2067

0.225            2068

0.225            2069

0.225            2070

0.225            2071

0.225            2072

0.225            2073

0.225            2074

0.225            2075

0.225            2076

0.225            2077

0.225            2078

0.225            2079

0.225            2080

0.225            2081

0.225            2082

0.225            2083

0.225            2084

0.225            2085

0.225            2086

0.225            2087

0.225            2088

0.225            2089

0.225            2090

0.225            2091

0.225            2092

0.225            2093

0.225            2094

0.225            2095

0.225            2096

0.225            2097

0.225            2098

0.225            2099

0.225            2100

0.225            2101

0.225            2102

0.225            2103

0.225            2104

0.225            2105

0.225            2106

0.225            2107

0.225            2108

0.225            2109

0.225            2110

0.225            2111

0.225            2112

0.225            2113

0.225            2114

0.225            2115

0.225            2116

0.225            2117

0.225            2118

0.225            2119

0.225            2120

0.225            2121

0.225            2122

0.225            2123

0.225            2124

0.225            2125

0.225            2126

0.225            2127

0.225            2128

0.225            2129

0.225            2130

0.225            2131

0.225            2132

0.225            2133

0.225            2134

0.225            2135

0.225            2136

0.225            2137

0.225            2138

0.225            2139

0.225            2140

0.225            2141

0.225            2142

0.225            2143

0.225            2144

0.225            2145

0.225            2146

0.225            2147

0.225            2148

0.225            2149

0.225            2150

0.225            2151

0.225            2152

0.225            2153

0.225            2154

0.225            2155

0.225            2156

0.225            2157

0.225            2158

0.225            2159

0.225            2160

0.225            2161

0.225            2162

0.225            2163

0.225            2164

0.225            2165

0.225            2166

0.225            2167

0.225            2168

0.225            2169

0.225            2170

0.225            2171

0.225            2172

0.225            2173

0.225            2174

0.225            2175

0.225            2176

0.225            2177

0.225            2178

0.225            2179

0.225            2180

0.225            2181

0.225            2182

0.225            2183

0.225            2184

0.225            2185

0.225            2186

0.225            2187

0.225            2188

0.225            2189

0.225            2190

0.225            2191

0.225            2192

0.225            2193

0.225            2194

0.225            2195

0.225            2196

0.225            2197

0.225            2198

0.225            2199

0.225            2200

0.225            2201

0.225            2202

0.225            2203

0.225            2204

0.225            2205

0.225            2206

0.225            2207

0.225            2208

0.225            2209

0.225            2210

0.225            2211

0.225            2212

0.225            2213

0.225            2214

0.225            2215

0.225            2216

0.225            2217

0.225            2218

0.225            2219

0.225            2220

0.225            2221

0.225            2222

0.225            2223

0.225            2224

0.225            2225

0.225            2226

0.225            2227

0.225            2228

0.225            2229

0.225            2230

0.225            2231

0.225            2232

0.225            2233

0.225            2234

0.225            2235

0.225            2236

0.225            2237

0.225            2238

0.225            2239

0.225            2240

0.225            2241

0.225            2242

0.225            2243

0.225            2244

0.225            2245

0.225            2246

0.225            2247

0.225            2248

0.225            2249

0.225            2250

0.225            2251

0.225            2252

0.225            2253

0.225            2254

0.225            2255

0.225            2256

0.225            2257

0.225            2258

0.225            2259

0.225            2260

0.225            2261

0.225            2262

0.225            2263

0.225            2264

0.225            2265

0.225            2266

0.225            2267

0.225            2268

0.225            2269

0.225            2270

0.225            2271

0.225            2272

0.225            2273

0.225            2274

0.225            2275

0.225            2276

0.225            2277

0.225            2278

0.225            2279

0.225            2280

0.225            2281

0.225            2282

0.225            2283

0.225            2284

0.225            2285

0.225            2286

0.225            2287

0.225            2288

0.225            2289

0.225            2290

0.225            2291

0.225            2292

0.225            2293

0.225            2294

0.225            2295

0.225            2296

0.225            2297

0.225            2298

0.225            2299

0.225            2300

0.225            2301

0.225            2302

0.225            2303

0.225            2304

0.225            2305

0.225            2306

0.225            2307

0.225            2308

0.225            2309

0.225            2310

0.225            2311

0.225            2312

0.225            2313

0.225            2314

0.225            2315

0.225            2316

0.225            2317

0.225            2318

0.225            2319

0.225            2320

0.225            2321

0.225            2322

0.225            2323

0.225            2324

0.225            2325

0.2225            2326

0.2225            2327

0.2225            2328

0.2225            2329

0.2225            2330

0.2225            2331

0.2225            2332

0.2225            2333

0.2225            2334

0.2225            2335

0.2225            2336

0.2225            2337

0.2225            2338

0.2225            2339

0.2225            2340

0.2225            2341

0.2225            2342

0.2225            2343

0.2225            2344

0.2225            2345

0.2225            2346

0.2225            2347

0.2225            2348

0.2225            2349

0.2225            2350

0.2225            2351

0.2225            2352

0.225            2353

0.225            2354

0.225            2355

0.225            2356

0.225            2357

0.225            2358

0.225            2359

0.225            2360

0.225            2361

0.2275            2362

0.2275            2363

0.2275            2364

0.2275            2365

0.2275            2366

0.2275            2367

0.2275            2368

0.2275            2369

0.2275            2370

0.2275            2371

0.2275            2372

0.2275            2373

0.2275            2374

0.2275            2375

0.2275            2376

0.2275            2377

0.2275            2378

0.2275            2379

0.2275            2380

0.2275            2381

0.2275            2382

0.2275            2383

0.2275            2384

0.2275            2385

0.2275            2386

0.2275            2387

0.2275            2388

0.2275            2389

0.2275            2390

0.2275            2391

0.2275            2392

0.2275            2393

0.2275            2394

0.2275            2395

0.2275            2396

0.2275            2397

0.2275            2398

0.2275            2399

0.2275            2400

0.2275            2401

0.2275            2402

0.2275            2403

0.2275            2404

0.2275            2405

0.2275            2406

0.2275            2407

0.2275            2408

0.2275            2409

0.2275            2410

0.2275            2411

0.2275            2412

0.2275            2413

0.2275            2414

0.2275            2415

0.2275            2416

0.2275            2417

0.2275            2418

0.2275            2419

0.2275            2420

0.2275            2421

0.2275            2422

0.2275            2423

0.2275            2424

0.2275            2425

0.2275            2426

0.2275            2427

0.2275            2428

0.2275            2429

0.2275            2430

0.2275            2431

0.2275            2432

0.2275            2433

0.2275            2434

0.2275            2435

0.2275            2436

0.2275            2437

0.2275            2438

0.2275            2439

0.2275            2440

0.2275            2441

0.2275            2442

0.2275            2443

0.2275            2444

0.23            2445

0.23            2446

0.23            2447

0.23            2448

0.23            2449

0.23            2450

0.23            2451

0.23            2452

0.23            2453

0.23            2454

0.23            2455

0.23            2456

0.23            2457

0.23            2458

0.23            2459

0.23            2460

0.23            2461

0.23            2462

0.23            2463

0.23            2464

0.23            2465

0.23            2466

0.23            2467

0.23            2468

0.23            2469

0.23            2470

0.23            2471

0.23            2472

0.23            2473

0.23            2474

0.23            2475

0.23            2476

0.23            2477

0.23            2478

0.23            2479

0.23            2480

0.23            2481

0.23            2482

0.23            2483

0.23            2484

0.23            2485

0.23            2486

0.23            2487

0.23            2488

0.23            2489

0.23            2490

0.23            2491

0.23            2492

0.23            2493

0.2325            2494

0.2325            2495

0.2325            2496

0.2325            2497

0.2325            2498

0.2325            2499

0.2325            2500

0.2325            2501

0.2325            2502

0.2325            2503

0.2325            2504

0.2325            2505

0.2325            2506

0.2325            2507

0.2325            2508

0.2325            2509

0.2325            2510

0.2325            2511

0.2325            2512

0.2325            2513

0.2325            2514

0.2325            2515

0.2325            2516

0.2325            2517

0.2325            2518

0.2325            2519

0.2325            2520

0.2325            2521

0.2325            2522

0.2325            2523

0.2325            2524

0.2325            2525

0.2325            2526

0.2325            2527

0.2325            2528

0.2325            2529

0.2325            2530

0.2325            2531

0.2325            2532

0.2325            2533

0.2325            2534

0.2325            2535

0.2325            2536

0.2325            2537

0.2325            2538

0.2325            2539

0.2325            2540

0.2325            2541

0.2325            2542

0.2325            2543

0.2325            2544

0.2325            2545

0.2325            2546

0.2325            2547

0.2325            2548

0.2325            2549

0.2325            2550

0.2325            2551

0.2325            2552

0.2325            2553

0.2325            2554

0.2325            2555

0.2325            2556

0.2325            2557

0.2325            2558

0.2325            2559

0.2325            2560

0.2325            2561

0.2325            2562

0.2325            2563

0.2325            2564

0.2325            2565

0.2325            2566

0.2325            2567

0.2325            2568

0.2325            2569

0.2325            2570

0.2325            2571

0.2325            2572

0.2325            2573

0.2325            2574

0.2325            2575

0.2325            2576

0.2325            2577

0.2325            2578

0.2325            2579

0.2325            2580

0.2325            2581

0.2325            2582

0.2325            2583

0.2325            2584

0.2325            2585

0.2325            2586

0.2325            2587

0.2325            2588

0.2325            2589

0.2325            2590

0.2325            2591

0.2325            2592

0.2325            2593

0.2325            2594

0.2325            2595

0.2325            2596

0.2325            2597

0.2325            2598

0.2325            2599

0.2325            2600

0.2325            2601

0.2325            2602

0.2325            2603

0.2325            2604

0.2325            2605

0.2325            2606

0.2325            2607

0.2325            2608

0.2325            2609

0.2325            2610

0.2325            2611

0.2325            2612

0.2325            2613

0.2325            2614

0.2325            2615

0.2325            2616

0.2325            2617

0.2325            2618

0.2325            2619

0.2325            2620

0.2325            2621

0.2325            2622

0.2325            2623

0.2325            2624

0.2325            2625

0.2325            2626

0.2325            2627

0.2325            2628

0.2325            2629

0.2325            2630

0.2325            2631

0.2325            2632

0.2325            2633

0.2325            2634

0.2325            2635

0.2325            2636

0.2325            2637

0.2325            2638

0.2325            2639

0.2325            2640

0.2325            2641

0.2325            2642

0.2325            2643

0.2325            2644

0.2325            2645

0.2325            2646

0.2325            2647

0.2325            2648

0.2325            2649

0.2325            2650

0.2325            2651

0.2325            2652

0.2325            2653

0.2325            2654

0.2325            2655

0.2325            2656

0.2325            2657

0.2325            2658

0.2325            2659

0.2325            2660

0.2325            2661

0.2325            2662

0.2325            2663

0.2325            2664

0.2325            2665

0.2325            2666

0.2325            2667

0.2325            2668

0.2325            2669

0.2325            2670

0.2325            2671

0.2325            2672

0.2325            2673

0.2325            2674

0.2325            2675

0.2325            2676

0.2325            2677

0.2325            2678

0.2325            2679

0.2325            2680

0.2325            2681

0.2325            2682

0.2325            2683

0.2325            2684

0.2325            2685

0.2325            2686

0.2325            2687

0.2325            2688

0.2325            2689

0.2325            2690

0.2325            2691

0.2325            2692

0.2325            2693

0.2325            2694

0.2325            2695

0.2325            2696

0.2325            2697

0.2325            2698

0.2325            2699

0.2325            2700

0.2325            2701

0.2325            2702

0.2325            2703

0.2325            2704

0.2325            2705

0.2325            2706

0.2325            2707

0.2325            2708

0.2325            2709

0.2325            2710

0.2325            2711

0.2325            2712

0.2325            2713

0.2325            2714

0.2325            2715

0.2325            2716

0.2325            2717

0.2325            2718

0.2325            2719

0.2325            2720

0.2325            2721

0.2325            2722

0.2325            2723

0.2325            2724

0.2325            2725

0.2325            2726

0.2325            2727

0.2325            2728

0.2325            2729

0.2325            2730

0.2325            2731

0.2325            2732

0.2325            2733

0.2325            2734

0.2325            2735

0.2325            2736

0.2325            2737

0.2325            2738

0.2325            2739

0.2325            2740

0.2325            2741

0.2325            2742

0.2325            2743

0.2325            2744

0.2325            2745

0.2325            2746

0.2325            2747

0.2325            2748

0.2325            2749

0.2325            2750

0.2325            2751

0.2325            2752

0.2325            2753

0.2325            2754

0.2325            2755

0.2325            2756

0.2325            2757

0.2325            2758

0.2325            2759

0.2325            2760

0.2325            2761

0.2325            2762

0.2325            2763

0.2325            2764

0.2325            2765

0.2325            2766

0.2325            2767

0.2325            2768

0.2325            2769

0.2325            2770

0.2325            2771

0.2325            2772

0.2325            2773

0.2325            2774

0.2325            2775

0.2325            2776

0.2325            2777

0.2325            2778

0.2325            2779

0.2325            2780

0.2325            2781

0.2325            2782

0.2325            2783

0.2325            2784

0.2325            2785

0.2325            2786

0.2325            2787

0.2325            2788

0.2325            2789

0.2325            2790

0.2325            2791

0.2325            2792

0.2325            2793

0.2325            2794

0.2325            2795

0.2325            2796

0.2325            2797

0.2325            2798

0.2325            2799

0.2325            2800

0.2325            2801

0.2325            2802

0.2325            2803

0.2325            2804

0.2325            2805

0.2325            2806

0.2325            2807

0.2325            2808

0.2325            2809

0.2325            2810

0.2325            2811

0.2325            2812

0.2325            2813

0.2325            2814

0.2325            2815

0.2325            2816

0.2325            2817

0.2325            2818

0.2325            2819

0.2325            2820

0.2325            2821

0.2325            2822

0.2325            2823

0.2325            2824

0.2325            2825

0.2325            2826

0.2325            2827

0.2325            2828

0.2325            2829

0.2325            2830

0.2325            2831

0.2325            2832

0.2325            2833

0.2325            2834

0.2325            2835

0.2325            2836

0.2325            2837

0.2325            2838

0.2325            2839

0.2325            2840

0.2325            2841

0.2325            2842

0.2325            2843

0.2325            2844

0.2325            2845

0.2325            2846

0.2325            2847

0.2325            2848

0.2325            2849

0.2325            2850

0.2325            2851

0.2325            2852

0.2325            2853

0.2325            2854

0.2325            2855

0.2325            2856

0.2325            2857

0.2325            2858

0.2325            2859

0.2325            2860

0.2325            2861

0.2325            2862

0.2325            2863

0.2325            2864

0.2325            2865

0.2325            2866

0.2325            2867

0.2325            2868

0.2325            2869

0.2325            2870

0.2325            2871

0.2325            2872

0.2325            2873

0.2325            2874

0.2325            2875

0.2325            2876

0.2325            2877

0.2325            2878

0.2325            2879

0.2325            2880

0.2325            2881

0.2325            2882

0.2325            2883

0.2325            2884

0.2325            2885

0.2325            2886

0.2325            2887

0.2325            2888

0.2325            2889

0.2325            2890

0.2325            2891

0.2325            2892

0.2325            2893

0.2325            2894

0.2325            2895

0.2325            2896

0.2325            2897

0.2325            2898

0.2325            2899

0.2325            2900

0.2325            2901

0.2325            2902

0.2325            2903

0.2325            2904

0.2325            2905

0.2325            2906

0.2325            2907

0.2325            2908

0.2325            2909

0.2325            2910

0.2325            2911

0.2325            2912

0.2325            2913

0.2325            2914

0.2325            2915

0.2325            2916

0.2325            2917

0.2325            2918

0.2325            2919

0.2325            2920

0.2325            2921

0.2325            2922

0.2325            2923

0.2325            2924

0.2325            2925

0.2325            2926

0.2325            2927

0.2325            2928

0.2325            2929

0.2325            2930

0.2325            2931

0.2325            2932

0.2325            2933

0.2325            2934

0.2325            2935

0.2325            2936

0.2325            2937

0.2325            2938

0.2325            2939

0.2325            2940

0.2325            2941

0.2325            2942

0.2325            2943

0.2325            2944

0.2325            2945

0.2325            2946

0.2325            2947

0.2325            2948

0.2325            2949

0.2325            2950

0.2325            2951

0.2325            2952

0.2325            2953

0.2325            2954

0.2325            2955

0.2325            2956

0.2325            2957

0.2325            2958

0.2325            2959

0.2325            2960

0.2325            2961

0.2325            2962

0.2325            2963

0.2325            2964

0.2325            2965

0.2325            2966

0.2325            2967

0.2325            2968

0.2325            2969

0.2325            2970

0.2325            2971

0.2325            2972

0.2325            2973

0.2325            2974

0.2325            2975

0.2325            2976

0.2325            2977

0.2325            2978

0.2325            2979

0.2325            2980

0.2325            2981

0.2325            2982

0.2325            2983

0.2325            2984

0.2325            2985

0.2325            2986

0.2325            2987

0.2325            2988

0.2325            2989

0.2325            2990

0.2325            2991

0.2325            2992

0.2325            2993

0.2325            2994

0.2325            2995

0.2325            2996

0.2325            2997

0.2325            2998

0.2325            2999

