0.99998  0.00599996  0
0.999921  0.0119997  1
0.999822  0.0179989  2
0.999684  0.0239975  3
0.999507  0.0299951  4
0.999289  0.0359915  5
0.999033  0.0419865  6
0.998737  0.0479798  7
0.998401  0.0539712  8
0.998027  0.0599605  9
0.997612  0.0659475  10
0.997159  0.0719318  11
0.996665  0.0779133  12
0.996133  0.0838917  13
0.995561  0.0898668  14
0.99495  0.0958383  15
0.994299  0.101806  16
0.99361  0.10777  17
0.99288  0.113729  18
0.992112  0.119684  19
0.991304  0.125634  20
0.990457  0.13158  21
0.989571  0.13752  22
0.988646  0.143454  23
0.987682  0.149383  24
0.986678  0.155306  25
0.985636  0.161223  26
0.984554  0.167134  27
0.983433  0.173037  28
0.982273  0.178934  29
0.981075  0.184824  30
0.979837  0.190707  31
0.978561  0.196582  32
0.977245  0.202449  33
0.975891  0.208308  34
0.974498  0.214159  35
0.973067  0.220001  36
0.971596  0.225835  37
0.970087  0.23166  38
0.96854  0.237475  39
0.966954  0.243281  40
0.965329  0.249077  41
0.963666  0.254864  42
0.961964  0.26064  43
0.960225  0.266406  44
0.958446  0.272161  45
0.95663  0.277905  46
0.954775  0.283638  47
0.952882  0.28936  48
0.950952  0.29507  49
0.948983  0.300769  50
0.946976  0.306455  51
0.944931  0.312129  52
0.942848  0.317791  53
0.940728  0.32344  54
0.93857  0.329076  55
0.936374  0.334699  56
0.93414  0.340308  57
0.931869  0.345904  58
0.929561  0.351486  59
0.927215  0.357053  60
0.924832  0.362606  61
0.922412  0.368145  62
0.919954  0.373669  63
0.91746  0.379178  64
0.914928  0.384671  65
0.912359  0.390149  66
0.909754  0.395611  67
0.907112  0.401057  68
0.904433  0.406487  69
0.901717  0.411901  70
0.898965  0.417297  71
0.896176  0.422677  72
0.893351  0.42804  73
0.89049  0.433385  74
0.887593  0.438713  75
0.884659  0.444023  76
0.88169  0.449315  77
0.878684  0.454588  78
0.875643  0.459843  79
0.872566  0.465079  80
0.869453  0.470296  81
0.866305  0.475494  82
0.863121  0.480673  83
0.859902  0.485832  84
0.856648  0.490971  85
0.853359  0.496089  86
0.850035  0.501188  87
0.846675  0.506266  88
0.843281  0.511323  89
0.839852  0.516359  90
0.836389  0.521373  91
0.832891  0.526366  92
0.829359  0.531338  93
0.825792  0.536287  94
0.822191  0.541215  95
0.818557  0.54612  96
0.814888  0.551002  97
0.811186  0.555861  98
0.80745  0.560698  99
0.80368  0.565511  100
0.799877  0.5703  101
0.79604  0.575066  102
0.792171  0.579808  103
0.788268  0.584526  104
0.784333  0.589219  105
0.780364  0.593887  106
0.776363  0.598531  107
0.77233  0.60315  108
0.768264  0.607743  109
0.764165  0.612311  110
0.760035  0.616853  111
0.755873  0.621369  112
0.751678  0.625859  113
0.747452  0.630322  114
0.743195  0.634759  115
0.738906  0.639169  116
0.734586  0.643552  117
0.730234  0.647908  118
0.725852  0.652236  119
0.721439  0.656537  120
0.716995  0.660809  121
0.712521  0.665054  122
0.708016  0.66927  123
0.703481  0.673457  124
0.698916  0.677616  125
0.694321  0.681746  126
0.689696  0.685846  127
0.685042  0.689917  128
0.680358  0.693959  129
0.675645  0.697971  130
0.670903  0.701952  131
0.666132  0.705903  132
0.661332  0.709824  133
0.656504  0.713714  134
0.651647  0.717574  135
0.646762  0.721402  136
0.641849  0.725198  137
0.636908  0.728964  138
0.631939  0.732697  139
0.626943  0.736399  140
0.621919  0.740068  141
0.616868  0.743705  142
0.611791  0.74731  143
0.606686  0.750882  144
0.601555  0.754421  145
0.596397  0.757927  146
0.591213  0.761399  147
0.586003  0.764838  148
0.580767  0.768243  149
0.575506  0.771614  150
0.570219  0.774951  151
0.564907  0.778254  152
0.559569  0.781522  153
0.554207  0.784755  154
0.54882  0.787953  155
0.543409  0.791117  156
0.537973  0.794244  157
0.532513  0.797337  158
0.52703  0.800394  159
0.521523  0.803414  160
0.515992  0.806399  161
0.510438  0.809347  162
0.504861  0.812259  163
0.499262  0.815135  164
0.49364  0.817973  165
0.487995  0.820775  166
0.482329  0.823539  167
0.47664  0.826266  168
0.47093  0.828955  169
0.465198  0.831606  170
0.459445  0.83422  171
0.453671  0.836795  172
0.447877  0.839332  173
0.442061  0.841831  174
0.436226  0.844291  175
0.43037  0.846712  176
0.424495  0.849094  177
0.4186  0.851437  178
0.412686  0.85374  179
0.406752  0.856004  180
0.4008  0.858229  181
0.394829  0.860413  182
0.388839  0.862557  183
0.382832  0.864662  184
0.376807  0.866726  185
0.370764  0.868749  186
0.364704  0.870731  187
0.358626  0.872673  188
0.352532  0.874574  189
0.346421  0.876433  190
0.340294  0.878252  191
0.334151  0.880028  192
0.327991  0.881763  193
0.321817  0.883457  194
0.315627  0.885108  195
0.309422  0.886717  196
0.303202  0.888284  197
0.296968  0.889809  198
0.29072  0.891291  199
0.284457  0.89273  200
0.278181  0.894126  201
0.271892  0.89548  202
0.26559  0.89679  203
0.259274  0.898057  204
0.252947  0.89928  205
0.246607  0.900461  206
0.240255  0.901597  207
0.233891  0.902689  208
0.227516  0.903738  209
0.22113  0.904743  210
0.214733  0.905703  211
0.208325  0.906619  212
0.201908  0.90749  213
0.19548  0.908317  214
0.189043  0.9091  215
0.182596  0.909837  216
0.176141  0.910529  217
0.169676  0.911177  218
0.163204  0.911779  219
0.156723  0.912336  220
0.150234  0.912847  221
0.143738  0.913313  222
0.137235  0.913734  223
0.130725  0.914108  224
0.124208  0.914437  225
0.117685  0.91472  226
0.111156  0.914957  227
0.104622  0.915148  228
0.0980821  0.915292  229
0.0915374  0.91539  230
0.0849881  0.915442  231
0.0784344  0.915447  232
0.0718767  0.915406  233
0.0653154  0.915318  234
0.0587508  0.915183  235
0.0521831  0.915001  236
0.0456127  0.914773  237
0.0390401  0.914497  238
0.0324654  0.914174  239
0.025889  0.913805  240
0.0193113  0.913388  241
0.0127326  0.912923  242
0.00615319  0.912412  243
-0.000426499  0.911853  244
-0.00700617  0.911246  245
-0.0135855  0.910592  246
-0.0201641  0.90989  247
-0.0267416  0.909141  248
-0.0333177  0.908344  249
-0.0398921  0.907499  250
-0.0464644  0.906606  251
-0.0530342  0.905666  252
-0.0596012  0.904678  253
-0.0661651  0.903641  254
-0.0727255  0.902557  255
-0.0792819  0.901425  256
-0.0858342  0.900245  257
-0.0923819  0.899016  258
-0.0989246  0.89774  259
-0.105462  0.896415  260
-0.111994  0.895043  261
-0.11852  0.893622  262
-0.125039  0.892153  263
-0.131552  0.890636  264
-0.138057  0.889071  265
-0.144555  0.887457  266
-0.151045  0.885796  267
-0.157527  0.884086  268
-0.164001  0.882328  269
-0.170465  0.880522  270
-0.17692  0.878667  271
-0.183365  0.876765  272
-0.189801  0.874814  273
-0.196225  0.872815  274
-0.20264  0.870768  275
-0.209042  0.868673  276
-0.215434  0.86653  277
-0.221813  0.864338  278
-0.22818  0.862099  279
-0.234534  0.859812  280
-0.240875  0.857476  281
-0.247203  0.855093  282
-0.253517  0.852662  283
-0.259817  0.850183  284
-0.266102  0.847657  285
-0.272372  0.845083  286
-0.278627  0.842461  287
-0.284866  0.839791  288
-0.291089  0.837074  289
-0.297295  0.834309  290
-0.303484  0.831497  291
-0.309657  0.828638  292
-0.315811  0.825731  293
-0.321948  0.822777  294
-0.328066  0.819777  295
-0.334165  0.816729  296
-0.340245  0.813634  297
-0.346306  0.810492  298
-0.352346  0.807304  299
-0.358366  0.804069  300
-0.364366  0.800787  301
-0.370344  0.797459  302
-0.376301  0.794085  303
-0.382236  0.790665  304
-0.388148  0.787198  305
-0.394038  0.783686  306
-0.399905  0.780127  307
-0.405749  0.776523  308
-0.411568  0.772873  309
-0.417364  0.769178  310
-0.423135  0.765438  311
-0.42888  0.761652  312
-0.434601  0.757822  313
-0.440296  0.753946  314
-0.445964  0.750026  315
-0.451607  0.746061  316
-0.457222  0.742052  317
-0.46281  0.737999  318
-0.46837  0.733901  319
-0.473903  0.72976  320
-0.479407  0.725575  321
-0.484882  0.721346  322
-0.490328  0.717074  323
-0.495745  0.712759  324
-0.501131  0.708401  325
-0.506488  0.704  326
-0.511813  0.699556  327
-0.517108  0.69507  328
-0.522371  0.690542  329
-0.527603  0.685971  330
-0.532802  0.681359  331
-0.537969  0.676706  332
-0.543103  0.672011  333
-0.548204  0.667275  334
-0.553271  0.662498  335
-0.558304  0.65768  336
-0.563303  0.652822  337
-0.568267  0.647924  338
-0.573196  0.642986  339
-0.57809  0.638008  340
-0.582948  0.63299  341
-0.58777  0.627934  342
-0.592555  0.622838  343
-0.597304  0.617704  344
-0.602015  0.612531  345
-0.606689  0.60732  346
-0.611325  0.602071  347
-0.615923  0.596785  348
-0.620482  0.591461  349
-0.625002  0.5861  350
-0.629483  0.580703  351
-0.633925  0.575268  352
-0.638326  0.569798  353
-0.642688  0.564292  354
-0.647009  0.55875  355
-0.651289  0.553173  356
-0.655528  0.547561  357
-0.659725  0.541914  358
-0.66388  0.536233  359
-0.667994  0.530517  360
-0.672064  0.524768  361
-0.676092  0.518986  362
-0.680077  0.51317  363
-0.684019  0.507322  364
-0.687916  0.501441  365
-0.69177  0.495528  366
-0.695579  0.489584  367
-0.699344  0.483608  368
-0.703064  0.477601  369
-0.706739  0.471563  370
-0.710368  0.465495  371
-0.713951  0.459397  372
-0.717488  0.453269  373
-0.720979  0.447112  374
-0.724424  0.440926  375
-0.727821  0.434712  376
-0.731171  0.428469  377
-0.734474  0.422199  378
-0.737729  0.415901  379
-0.740937  0.409576  380
-0.744096  0.403225  381
-0.747206  0.396847  382
-0.750268  0.390443  383
-0.753281  0.384014  384
-0.756245  0.37756  385
-0.759159  0.371081  386
-0.762024  0.364578  387
-0.764838  0.358051  388
-0.767603  0.3515  389
-0.770317  0.344927  390
-0.772981  0.338331  391
-0.775593  0.331712  392
-0.778155  0.325072  393
-0.780666  0.31841  394
-0.783125  0.311728  395
-0.785533  0.305025  396
-0.787888  0.298301  397
-0.790192  0.291558  398
-0.792443  0.284796  399
-0.794643  0.278015  400
-0.796789  0.271216  401
-0.798883  0.264398  402
-0.800924  0.257563  403
-0.802911  0.250711  404
-0.804846  0.243842  405
-0.806727  0.236958  406
-0.808554  0.230057  407
-0.810328  0.223141  408
-0.812048  0.216211  409
-0.813714  0.209265  410
-0.815326  0.202306  411
-0.816883  0.195334  412
-0.818386  0.188348  413
-0.819834  0.18135  414
-0.821228  0.17434  415
-0.822567  0.167318  416
-0.823851  0.160286  417
-0.82508  0.153242  418
-0.826254  0.146188  419
-0.827373  0.139124  420
-0.828436  0.132051  421
-0.829444  0.12497  422
-0.830397  0.117879  423
-0.831294  0.110781  424
-0.832135  0.103676  425
-0.83292  0.0965636  426
-0.83365  0.0894447  427
-0.834324  0.0823199  428
-0.834942  0.0751895  429
-0.835504  0.0680542  430
-0.836011  0.0609142  431
-0.836461  0.0537702  432
-0.836855  0.0466225  433
-0.837193  0.0394717  434
-0.837474  0.0323183  435
-0.8377  0.0251627  436
-0.837869  0.0180055  437
-0.837983  0.010847  438
-0.83804  0.00368779  439
-0.838041  -0.00347166  440
-0.837985  -0.0106309  441
-0.837874  -0.0177894  442
-0.837706  -0.0249467  443
-0.837482  -0.0321023  444
-0.837202  -0.0392558  445
-0.836865  -0.0464067  446
-0.836473  -0.0535544  447
-0.836025  -0.0606986  448
-0.83552  -0.0678387  449
-0.83496  -0.0749742  450
-0.834343  -0.0821047  451
-0.833671  -0.0892297  452
-0.832943  -0.0963488  453
-0.832159  -0.103461  454
-0.831319  -0.110567  455
-0.830424  -0.117665  456
-0.829473  -0.124756  457
-0.828467  -0.131838  458
-0.827405  -0.138911  459
-0.826288  -0.145975  460
-0.825115  -0.153029  461
-0.823888  -0.160073  462
-0.822606  -0.167106  463
-0.821268  -0.174128  464
-0.819876  -0.181139  465
-0.818429  -0.188137  466
-0.816928  -0.195123  467
-0.815372  -0.202096  468
-0.813762  -0.209055  469
-0.812098  -0.216001  470
-0.81038  -0.222932  471
-0.808607  -0.229848  472
-0.806782  -0.236749  473
-0.804902  -0.243635  474
-0.802969  -0.250504  475
-0.800983  -0.257356  476
-0.798944  -0.264192  477
-0.796852  -0.27101  478
-0.794707  -0.27781  479
-0.792509  -0.284591  480
-0.790259  -0.291354  481
-0.787957  -0.298098  482
-0.785603  -0.304822  483
-0.783197  -0.311525  484
-0.780739  -0.318209  485
-0.77823  -0.324871  486
-0.77567  -0.331512  487
-0.773058  -0.338131  488
-0.770396  -0.344728  489
-0.767683  -0.351302  490
-0.76492  -0.357853  491
-0.762107  -0.364381  492
-0.759244  -0.370885  493
-0.756331  -0.377364  494
-0.753369  -0.383819  495
-0.750358  -0.390249  496
-0.747297  -0.396653  497
-0.744188  -0.403032  498
-0.74103  -0.409384  499
-0.737825  -0.41571  500
-0.734571  -0.422008  501
-0.731269  -0.42828  502
-0.72792  -0.434523  503
-0.724524  -0.440738  504
-0.721081  -0.446925  505
-0.717592  -0.453083  506
-0.714056  -0.459212  507
-0.710474  -0.465311  508
-0.706846  -0.47138  509
-0.703173  -0.477418  510
-0.699454  -0.483426  511
-0.695691  -0.489403  512
-0.691883  -0.495349  513
-0.68803  -0.501262  514
-0.684134  -0.507144  515
-0.680194  -0.512993  516
-0.67621  -0.51881  517
-0.672184  -0.524593  518
-0.668114  -0.530343  519
-0.664002  -0.536059  520
-0.659848  -0.541742  521
-0.655652  -0.54739  522
-0.651414  -0.553003  523
-0.647135  -0.558581  524
-0.642816  -0.564124  525
-0.638456  -0.569631  526
-0.634055  -0.575103  527
-0.629615  -0.580538  528
-0.625135  -0.585936  529
-0.620615  -0.591298  530
-0.616057  -0.596623  531
-0.611461  -0.601911  532
-0.606826  -0.607161  533
-0.602153  -0.612373  534
-0.597443  -0.617547  535
-0.592695  -0.622682  536
-0.587911  -0.627779  537
-0.58309  -0.632837  538
-0.578233  -0.637855  539
-0.573341  -0.642834  540
-0.568413  -0.647774  541
-0.56345  -0.652673  542
-0.558452  -0.657532  543
-0.55342  -0.662351  544
-0.548353  -0.667129  545
-0.543254  -0.671867  546
-0.538121  -0.676563  547
-0.532955  -0.681218  548
-0.527756  -0.685831  549
-0.522526  -0.690402  550
-0.517263  -0.694932  551
-0.51197  -0.699419  552
-0.506645  -0.703864  553
-0.501289  -0.708266  554
-0.495904  -0.712626  555
-0.490488  -0.716942  556
-0.485043  -0.721216  557
-0.479568  -0.725446  558
-0.474065  -0.729632  559
-0.468534  -0.733775  560
-0.462974  -0.737873  561
-0.457387  -0.741928  562
-0.451772  -0.745939  563
-0.446131  -0.749905  564
-0.440463  -0.753826  565
-0.434769  -0.757703  566
-0.429049  -0.761535  567
-0.423304  -0.765322  568
-0.417534  -0.769064  569
-0.411739  -0.77276  570
-0.40592  -0.776411  571
-0.400078  -0.780016  572
-0.394211  -0.783576  573
-0.388322  -0.78709  574
-0.38241  -0.790558  575
-0.376476  -0.79398  576
-0.37052  -0.797355  577
-0.364542  -0.800685  578
-0.358543  -0.803968  579
-0.352524  -0.807204  580
-0.346484  -0.810394  581
-0.340424  -0.813537  582
-0.334344  -0.816633  583
-0.328246  -0.819682  584
-0.322128  -0.822684  585
-0.315992  -0.82564  586
-0.309838  -0.828548  587
-0.303667  -0.831408  588
-0.297478  -0.834222  589
-0.291272  -0.836988  590
-0.285049  -0.839706  591
-0.278811  -0.842377  592
-0.272556  -0.845001  593
-0.266287  -0.847576  594
-0.260002  -0.850104  595
-0.253703  -0.852585  596
-0.247389  -0.855017  597
-0.241062  -0.857402  598
-0.234721  -0.859738  599
-0.228367  -0.862027  600
-0.222001  -0.864268  601
-0.215622  -0.86646  602
-0.209231  -0.868605  603
-0.202828  -0.870702  604
-0.196415  -0.87275  605
-0.18999  -0.87475  606
-0.183555  -0.876703  607
-0.17711  -0.878607  608
-0.170655  -0.880462  609
-0.164191  -0.88227  610
-0.157718  -0.88403  611
-0.151236  -0.885741  612
-0.144746  -0.887404  613
-0.138249  -0.889019  614
-0.131743  -0.890585  615
-0.125231  -0.892104  616
-0.118712  -0.893574  617
-0.112186  -0.894996  618
-0.105654  -0.89637  619
-0.0991172  -0.897696  620
-0.0925746  -0.898974  621
-0.0860271  -0.900204  622
-0.079475  -0.901386  623
-0.0729186  -0.902519  624
-0.0663583  -0.903605  625
-0.0597946  -0.904642  626
-0.0532276  -0.905632  627
-0.0466579  -0.906574  628
-0.0400857  -0.907468  629
-0.0335114  -0.908314  630
-0.0269353  -0.909113  631
-0.0203578  -0.909863  632
-0.0137792  -0.910567  633
-0.00719993  -0.911222  634
-0.000620267  -0.91183  635
0.00595943  -0.912391  636
0.0125388  -0.912904  637
0.0191175  -0.913369  638
0.0256953  -0.913788  639
0.0322717  -0.914159  640
0.0388465  -0.914483  641
0.0454192  -0.91476  642
0.0519896  -0.91499  643
0.0585574  -0.915173  644
0.0651221  -0.915309  645
0.0716836  -0.915399  646
0.0782413  -0.915441  647
0.0847951  -0.915437  648
0.0913446  -0.915387  649
0.0978895  -0.91529  650
0.104429  -0.915147  651
0.110964  -0.914958  652
0.117493  -0.914722  653
0.124016  -0.914441  654
0.130533  -0.914113  655
0.137043  -0.91374  656
0.143547  -0.913321  657
0.150043  -0.912856  658
0.156532  -0.912346  659
0.163013  -0.911791  660
0.169486  -0.91119  661
0.17595  -0.910544  662
0.182406  -0.909853  663
0.188853  -0.909117  664
0.195291  -0.908336  665
0.201718  -0.90751  666
0.208136  -0.90664  667
0.214544  -0.905725  668
0.220942  -0.904766  669
0.227328  -0.903763  670
0.233703  -0.902716  671
0.240067  -0.901624  672
0.24642  -0.900489  673
0.25276  -0.899311  674
0.259088  -0.898088  675
0.265404  -0.896823  676
0.271707  -0.895514  677
0.277996  -0.894161  678
0.284273  -0.892766  679
0.290535  -0.891328  680
0.296784  -0.889848  681
0.303019  -0.888324  682
0.309239  -0.886759  683
0.315444  -0.885151  684
0.321635  -0.883501  685
0.32781  -0.881809  686
0.333969  -0.880075  687
0.340113  -0.878299  688
0.346241  -0.876482  689
0.352352  -0.874624  690
0.358447  -0.872724  691
0.364525  -0.870784  692
0.370586  -0.868802  693
0.376629  -0.86678  694
0.382655  -0.864718  695
0.388663  -0.862615  696
0.394653  -0.860471  697
0.400624  -0.858288  698
0.406577  -0.856065  699
0.412511  -0.853802  700
0.418426  -0.8515  701
0.424322  -0.849158  702
0.430198  -0.846777  703
0.436054  -0.844357  704
0.44189  -0.841898  705
0.447706  -0.839401  706
0.453501  -0.836865  707
0.459275  -0.834291  708
0.465029  -0.831678  709
0.470761  -0.829028  710
0.476472  -0.82634  711
0.482161  -0.823614  712
0.487829  -0.820851  713
0.493474  -0.818051  714
0.499097  -0.815214  715
0.504697  -0.812339  716
0.510274  -0.809428  717
0.515829  -0.806481  718
0.52136  -0.803497  719
0.526868  -0.800478  720
0.532352  -0.797422  721
0.537813  -0.794331  722
0.543249  -0.791204  723
0.548661  -0.788042  724
0.554049  -0.784844  725
0.559412  -0.781612  726
0.56475  -0.778345  727
0.570063  -0.775043  728
0.57535  -0.771707  729
0.580613  -0.768337  730
0.585849  -0.764933  731
0.59106  -0.761495  732
0.596245  -0.758024  733
0.601403  -0.754519  734
0.606535  -0.750981  735
0.611641  -0.74741  736
0.616719  -0.743807  737
0.621771  -0.740171  738
0.626795  -0.736502  739
0.631792  -0.732801  740
0.636762  -0.729069  741
0.641704  -0.725304  742
0.646618  -0.721509  743
0.651504  -0.717681  744
0.656361  -0.713823  745
0.66119  -0.709934  746
0.665991  -0.706014  747
0.670763  -0.702064  748
0.675506  -0.698083  749
0.68022  -0.694072  750
0.684904  -0.690032  751
0.68956  -0.685961  752
0.694185  -0.681862  753
0.698781  -0.677733  754
0.703347  -0.673575  755
0.707883  -0.669388  756
0.712388  -0.665173  757
0.716864  -0.660929  758
0.721308  -0.656658  759
0.725723  -0.652358  760
0.730106  -0.648031  761
0.734458  -0.643676  762
0.738779  -0.639294  763
0.743069  -0.634884  764
0.747327  -0.630448  765
0.751554  -0.625985  766
0.755749  -0.621496  767
0.759913  -0.616981  768
0.764044  -0.61244  769
0.768143  -0.607873  770
0.77221  -0.60328  771
0.776245  -0.598662  772
0.780247  -0.594019  773
0.784216  -0.589351  774
0.788153  -0.584659  775
0.792056  -0.579942  776
0.795927  -0.575201  777
0.799764  -0.570436  778
0.803568  -0.565647  779
0.807339  -0.560835  780
0.811076  -0.555999  781
0.81478  -0.55114  782
0.818449  -0.546258  783
0.822085  -0.541354  784
0.825687  -0.536428  785
0.829254  -0.531479  786
0.832787  -0.526508  787
0.836286  -0.521515  788
0.839751  -0.516501  789
0.843181  -0.511466  790
0.846576  -0.50641  791
0.849936  -0.501332  792
0.853261  -0.496234  793
0.856552  -0.491116  794
0.859807  -0.485978  795
0.863027  -0.48082  796
0.866212  -0.475642  797
0.869361  -0.470444  798
0.872475  -0.465228  799
0.875553  -0.459992  800
0.878595  -0.454738  801
0.881602  -0.449465  802
0.884572  -0.444174  803
0.887507  -0.438864  804
0.890405  -0.433537  805
0.893268  -0.428192  806
0.896094  -0.42283  807
0.898883  -0.417451  808
0.901636  -0.412055  809
0.904353  -0.406642  810
0.907033  -0.401212  811
0.909676  -0.395766  812
0.912283  -0.390305  813
0.914853  -0.384827  814
0.917386  -0.379334  815
0.919881  -0.373826  816
0.92234  -0.368303  817
0.924761  -0.362765  818
0.927146  -0.357212  819
0.929492  -0.351644  820
0.931802  -0.346063  821
0.934074  -0.340468  822
0.936309  -0.334859  823
0.938506  -0.329237  824
0.940665  -0.323601  825
0.942786  -0.317952  826
0.94487  -0.312291  827
0.946916  -0.306617  828
0.948924  -0.300931  829
0.950894  -0.295233  830
0.952826  -0.289523  831
0.95472  -0.283802  832
0.956576  -0.278069  833
0.958393  -0.272325  834
0.960173  -0.26657  835
0.961914  -0.260804  836
0.963616  -0.255029  837
0.965281  -0.249243  838
0.966906  -0.243447  839
0.968494  -0.237641  840
0.970042  -0.231826  841
0.971553  -0.226001  842
0.973024  -0.220168  843
0.974457  -0.214326  844
0.975851  -0.208475  845
0.977206  -0.202616  846
0.978523  -0.19675  847
0.9798  -0.190875  848
0.981039  -0.184992  849
0.982239  -0.179103  850
0.9834  -0.173206  851
0.984521  -0.167302  852
0.985604  -0.161392  853
0.986648  -0.155475  854
0.987653  -0.149553  855
0.988618  -0.143624  856
0.989545  -0.137689  857
0.990432  -0.131749  858
0.99128  -0.125804  859
0.992089  -0.119854  860
0.992858  -0.113899  861
0.993589  -0.10794  862
0.99428  -0.101976  863
0.994931  -0.0960088  864
0.995544  -0.0900374  865
0.996117  -0.0840624  866
0.99665  -0.0780841  867
0.997145  -0.0721027  868
0.997599  -0.0661184  869
0.998015  -0.0601316  870
0.998391  -0.0541423  871
0.998728  -0.048151  872
0.999025  -0.0421577  873
0.999282  -0.0361628  874
0.999501  -0.0301664  875
0.99968  -0.0241688  876
0.999819  -0.0181703  877
0.999919  -0.0121711  878
0.999979  -0.00617137  879
1  -0.000171409  880
0.999981  0.00582856  881
0.999923  0.0118283  882
0.999826  0.0178276  883
0.999689  0.0238261  884
0.999512  0.0298237  885
0.999296  0.0358202  886
0.999041  0.0418152  887
0.998746  0.0478086  888
0.998412  0.0538001  889
0.998038  0.0597895  890
0.997625  0.0657765  891
0.997172  0.0717609  892
0.996681  0.0777425  893
0.996149  0.083721  894
0.995579  0.0896961  895
0.994968  0.0956678  896
0.994319  0.101636  897
0.99363  0.1076  898
0.992902  0.113559  899
0.992135  0.119514  900
0.991329  0.125465  901
0.990483  0.13141  902
0.989598  0.13735  903
0.988674  0.143285  904
0.987711  0.149214  905
0.986708  0.155137  906
0.985667  0.161054  907
0.984586  0.166965  908
0.983467  0.172869  909
0.982308  0.178766  910
0.981111  0.184656  911
0.979874  0.190539  912
0.978599  0.196414  913
0.977285  0.202282  914
0.975932  0.208141  915
0.97454  0.213992  916
0.973109  0.219835  917
0.97164  0.225669  918
0.970132  0.231494  919
0.968586  0.237309  920
0.967001  0.243115  921
0.965377  0.248912  922
0.963715  0.254699  923
0.962015  0.260475  924
0.960276  0.266241  925
0.958499  0.271997  926
0.956684  0.277741  927
0.95483  0.283475  928
0.952939  0.289197  929
0.951009  0.294908  930
0.949041  0.300606  931
0.947035  0.306293  932
0.944992  0.311968  933
0.94291  0.31763  934
0.940791  0.323279  935
0.938634  0.328916  936
0.936439  0.334539  937
0.934207  0.340148  938
0.931937  0.345745  939
0.92963  0.351327  940
0.927285  0.356895  941
0.924903  0.362448  942
0.922484  0.367988  943
0.920027  0.373512  944
0.917534  0.379021  945
0.915003  0.384515  946
0.912435  0.389993  947
0.909831  0.395456  948
0.90719  0.400902  949
0.904512  0.406333  950
0.901797  0.411747  951
0.899046  0.417144  952
0.896259  0.422524  953
0.893435  0.427888  954
0.890575  0.433233  955
0.887678  0.438562  956
0.884746  0.443872  957
0.881778  0.449164  958
0.878773  0.454438  959
0.875733  0.459694  960
0.872657  0.464931  961
0.869545  0.470148  962
0.866398  0.475347  963
0.863216  0.480526  964
0.859998  0.485685  965
0.856745  0.490825  966
0.853456  0.495944  967
0.850133  0.501043  968
0.846775  0.506122  969
0.843382  0.511179  970
0.839954  0.516216  971
0.836491  0.521231  972
0.832995  0.526225  973
0.829463  0.531197  974
0.825898  0.536147  975
0.822298  0.541075  976
0.818664  0.545981  977
0.814997  0.550864  978
0.811295  0.555724  979
0.80756  0.560561  980
0.803791  0.565375  981
0.799989  0.570165  982
0.796154  0.574931  983
0.792285  0.579674  984
0.788384  0.584392  985
0.784449  0.589086  986
0.780482  0.593756  987
0.776481  0.5984  988
0.772449  0.603019  989
0.768384  0.607613  990
0.764286  0.612182  991
0.760157  0.616725  992
0.755996  0.621242  993
0.751802  0.625732  994
0.747577  0.630197  995
0.743321  0.634634  996
0.739033  0.639045  997
0.734713  0.643429  998
0.730363  0.647785  999
