0.999995  0.002  -0.999995  -0.002
0.99998  0.00399998  -0.99998  -0.00399998
0.999956  0.00599992  -0.999956  -0.00599992
0.999921  0.0079998  -0.999921  -0.0079998
0.999877  0.00999961  -0.999877  -0.00999961
0.999822  0.0119993  -0.999822  -0.0119993
0.999758  0.0139989  -0.999758  -0.0139989
0.999684  0.0159983  -0.999684  -0.0159983
0.9996  0.0179976  -0.9996  -0.0179976
0.999506  0.0199967  -0.999506  -0.0199967
0.999403  0.0219957  -0.999403  -0.0219957
0.999289  0.0239944  -0.999289  -0.0239944
0.999166  0.0259928  -0.999166  -0.0259928
0.999033  0.027991  -0.999033  -0.027991
0.99889  0.0299889  -0.99889  -0.0299889
0.998736  0.0319866  -0.998736  -0.0319866
0.998574  0.0339839  -0.998574  -0.0339839
0.998401  0.0359809  -0.998401  -0.0359809
0.998218  0.0379775  -0.998218  -0.0379775
0.998026  0.0399737  -0.998026  -0.0399737
0.997823  0.0419696  -0.997823  -0.0419696
0.997611  0.043965  -0.997611  -0.043965
0.997389  0.04596  -0.997389  -0.04596
0.997156  0.0479545  -0.997156  -0.0479545
0.996915  0.0499486  -0.996915  -0.0499486
0.996663  0.0519422  -0.996663  -0.0519422
0.996401  0.0539352  -0.996401  -0.0539352
0.996129  0.0559278  -0.996129  -0.0559278
0.995848  0.0579197  -0.995848  -0.0579197
0.995556  0.0599111  -0.995556  -0.0599111
0.995255  0.0619019  -0.995255  -0.0619019
0.994943  0.0638921  -0.994943  -0.0638921
0.994622  0.0658816  -0.994622  -0.0658816
0.994291  0.0678705  -0.994291  -0.0678705
0.99395  0.0698587  -0.99395  -0.0698587
0.993599  0.0718462  -0.993599  -0.0718462
0.993238  0.073833  -0.993238  -0.073833
0.992868  0.075819  -0.992868  -0.075819
0.992487  0.0778043  -0.992487  -0.0778043
0.992096  0.0797889  -0.992096  -0.0797889
0.991696  0.0817726  -0.991696  -0.0817726
0.991285  0.0837555  -0.991285  -0.0837555
0.990865  0.0857375  -0.990865  -0.0857375
0.990434  0.0877187  -0.990434  -0.0877187
0.989994  0.089699  -0.989994  -0.089699
0.989544  0.0916785  -0.989544  -0.0916785
0.989083  0.093657  -0.989083  -0.093657
0.988613  0.0956345  -0.988613  -0.0956345
0.988133  0.0976111  -0.988133  -0.0976111
0.987643  0.0995867  -0.987643  -0.0995867
0.987143  0.101561  -0.987143  -0.101561
0.986633  0.103535  -0.986633  -0.103535
0.986113  0.105507  -0.986113  -0.105507
0.985583  0.107479  -0.985583  -0.107479
0.985043  0.109449  -0.985043  -0.109449
0.984493  0.111419  -0.984493  -0.111419
0.983933  0.113387  -0.983933  -0.113387
0.983363  0.115354  -0.983363  -0.115354
0.982783  0.117319  -0.982783  -0.117319
0.982193  0.119284  -0.982193  -0.119284
0.981593  0.121247  -0.981593  -0.121247
0.980983  0.12321  -0.980983  -0.12321
0.980363  0.125171  -0.980363  -0.125171
0.979733  0.12713  -0.979733  -0.12713
0.979093  0.129088  -0.979093  -0.129088
0.978443  0.131045  -0.978443  -0.131045
0.977783  0.133001  -0.977783  -0.133001
0.977113  0.134955  -0.977113  -0.134955
0.976433  0.136908  -0.976433  -0.136908
0.975743  0.13886  -0.975743  -0.13886
0.975042  0.14081  -0.975042  -0.14081
0.974332  0.142758  -0.974332  -0.142758
0.973612  0.144706  -0.973612  -0.144706
0.972881  0.146651  -0.972881  -0.146651
0.97214  0.148595  -0.97214  -0.148595
0.97139  0.150538  -0.97139  -0.150538
0.970629  0.152479  -0.970629  -0.152479
0.969858  0.154418  -0.969858  -0.154418
0.969077  0.156356  -0.969077  -0.156356
0.968286  0.158292  -0.968286  -0.158292
0.967485  0.160227  -0.967485  -0.160227
0.966673  0.16216  -0.966673  -0.16216
0.965852  0.164091  -0.965852  -0.164091
0.96502  0.16602  -0.96502  -0.16602
0.964179  0.167948  -0.964179  -0.167948
0.963327  0.169874  -0.963327  -0.169874
0.962465  0.171798  -0.962465  -0.171798
0.961592  0.17372  -0.961592  -0.17372
0.96071  0.175641  -0.96071  -0.175641
0.959817  0.177559  -0.959817  -0.177559
0.958915  0.179476  -0.958915  -0.179476
0.958002  0.181391  -0.958002  -0.181391
0.957079  0.183304  -0.957079  -0.183304
0.956145  0.185215  -0.956145  -0.185215
0.955202  0.187124  -0.955202  -0.187124
0.954248  0.189031  -0.954248  -0.189031
0.953284  0.190936  -0.953284  -0.190936
0.952309  0.192838  -0.952309  -0.192838
0.951325  0.194739  -0.951325  -0.194739
0.95033  0.196638  -0.95033  -0.196638
0.949325  0.198534  -0.949325  -0.198534
0.94831  0.200429  -0.94831  -0.200429
0.947284  0.202321  -0.947284  -0.202321
0.946248  0.204211  -0.946248  -0.204211
0.945202  0.206099  -0.945202  -0.206099
0.944146  0.207985  -0.944146  -0.207985
0.943079  0.209868  -0.943079  -0.209868
0.942002  0.211749  -0.942002  -0.211749
0.940914  0.213628  -0.940914  -0.213628
0.939817  0.215504  -0.939817  -0.215504
0.938709  0.217378  -0.938709  -0.217378
0.93759  0.21925  -0.93759  -0.21925
0.936461  0.221119  -0.936461  -0.221119
0.935322  0.222985  -0.935322  -0.222985
0.934172  0.22485  -0.934172  -0.22485
0.933012  0.226711  -0.933012  -0.226711
0.931842  0.228571  -0.931842  -0.228571
0.930661  0.230427  -0.930661  -0.230427
0.92947  0.232281  -0.92947  -0.232281
0.928268  0.234133  -0.928268  -0.234133
0.927056  0.235982  -0.927056  -0.235982
0.925834  0.237828  -0.925834  -0.237828
0.924601  0.239671  -0.924601  -0.239671
0.923357  0.241512  -0.923357  -0.241512
0.922103  0.24335  -0.922103  -0.24335
0.920839  0.245185  -0.920839  -0.245185
0.919564  0.247018  -0.919564  -0.247018
0.918278  0.248847  -0.918278  -0.248847
0.916982  0.250674  -0.916982  -0.250674
0.915676  0.252498  -0.915676  -0.252498
0.914359  0.254319  -0.914359  -0.254319
0.913031  0.256137  -0.913031  -0.256137
0.911693  0.257952  -0.911693  -0.257952
0.910344  0.259764  -0.910344  -0.259764
0.908985  0.261573  -0.908985  -0.261573
0.907615  0.263379  -0.907615  -0.263379
0.906234  0.265182  -0.906234  -0.265182
0.904843  0.266982  -0.904843  -0.266982
0.903441  0.268779  -0.903441  -0.268779
0.902029  0.270572  -0.902029  -0.270572
0.900605  0.272363  -0.900605  -0.272363
0.899172  0.27415  -0.899172  -0.27415
0.897727  0.275934  -0.897727  -0.275934
0.896272  0.277714  -0.896272  -0.277714
0.894806  0.279492  -0.894806  -0.279492
0.893329  0.281265  -0.893329  -0.281265
0.891842  0.283036  -0.891842  -0.283036
0.890344  0.284803  -0.890344  -0.284803
0.888835  0.286567  -0.888835  -0.286567
0.887315  0.288327  -0.887315  -0.288327
0.885785  0.290084  -0.885785  -0.290084
0.884244  0.291837  -0.884244  -0.291837
0.882692  0.293586  -0.882692  -0.293586
0.881129  0.295332  -0.881129  -0.295332
0.879555  0.297075  -0.879555  -0.297075
0.87797  0.298813  -0.87797  -0.298813
0.876375  0.300548  -0.876375  -0.300548
0.874769  0.30228  -0.874769  -0.30228
0.873152  0.304007  -0.873152  -0.304007
0.871524  0.305731  -0.871524  -0.305731
0.869885  0.307451  -0.869885  -0.307451
0.868235  0.309167  -0.868235  -0.309167
0.866574  0.310879  -0.866574  -0.310879
0.864902  0.312587  -0.864902  -0.312587
0.863219  0.314291  -0.863219  -0.314291
0.861525  0.315991  -0.861525  -0.315991
0.859821  0.317688  -0.859821  -0.317688
0.858105  0.31938  -0.858105  -0.31938
0.856378  0.321068  -0.856378  -0.321068
0.85464  0.322752  -0.85464  -0.322752
0.852891  0.324431  -0.852891  -0.324431
0.851131  0.326107  -0.851131  -0.326107
0.84936  0.327778  -0.84936  -0.327778
0.847578  0.329445  -0.847578  -0.329445
0.845784  0.331107  -0.845784  -0.331107
0.84398  0.332766  -0.84398  -0.332766
0.842164  0.33442  -0.842164  -0.33442
0.840337  0.336069  -0.840337  -0.336069
0.838499  0.337714  -0.838499  -0.337714
0.83665  0.339354  -0.83665  -0.339354
0.83479  0.34099  -0.83479  -0.34099
0.832918  0.342621  -0.832918  -0.342621
0.831035  0.344248  -0.831035  -0.344248
0.829141  0.34587  -0.829141  -0.34587
0.827235  0.347487  -0.827235  -0.347487
0.825318  0.3491  -0.825318  -0.3491
0.82339  0.350708  -0.82339  -0.350708
0.821451  0.352311  -0.821451  -0.352311
0.8195  0.353909  -0.8195  -0.353909
0.817538  0.355502  -0.817538  -0.355502
0.815564  0.35709  -0.815564  -0.35709
0.813579  0.358673  -0.813579  -0.358673
0.811583  0.360251  -0.811583  -0.360251
0.809575  0.361824  -0.809575  -0.361824
0.807556  0.363392  -0.807556  -0.363392
0.805525  0.364955  -0.805525  -0.364955
0.803483  0.366513  -0.803483  -0.366513
0.801429  0.368065  -0.801429  -0.368065
0.799364  0.369612  -0.799364  -0.369612
0.797287  0.371154  -0.797287  -0.371154
0.795198  0.37269  -0.795198  -0.37269
0.793098  0.374221  -0.793098  -0.374221
0.790987  0.375746  -0.790987  -0.375746
0.788864  0.377266  -0.788864  -0.377266
0.786729  0.37878  -0.786729  -0.37878
0.784582  0.380289  -0.784582  -0.380289
0.782424  0.381792  -0.782424  -0.381792
0.780254  0.383289  -0.780254  -0.383289
0.778072  0.384781  -0.778072  -0.384781
0.775879  0.386267  -0.775879  -0.386267
0.773674  0.387747  -0.773674  -0.387747
0.771457  0.389221  -0.771457  -0.389221
0.769228  0.390689  -0.769228  -0.390689
0.766987  0.392151  -0.766987  -0.392151
0.764735  0.393607  -0.764735  -0.393607
0.762471  0.395056  -0.762471  -0.395056
0.760195  0.3965  -0.760195  -0.3965
0.757907  0.397938  -0.757907  -0.397938
0.755607  0.399369  -0.755607  -0.399369
0.753295  0.400794  -0.753295  -0.400794
0.750971  0.402212  -0.750971  -0.402212
0.748635  0.403625  -0.748635  -0.403625
0.746287  0.40503  -0.746287  -0.40503
0.743927  0.406429  -0.743927  -0.406429
0.741555  0.407822  -0.741555  -0.407822
0.739171  0.409208  -0.739171  -0.409208
0.736775  0.410587  -0.736775  -0.410587
0.734367  0.411959  -0.734367  -0.411959
0.731946  0.413325  -0.731946  -0.413325
0.729514  0.414684  -0.729514  -0.414684
0.727069  0.416036  -0.727069  -0.416036
0.724612  0.417381  -0.724612  -0.417381
0.722143  0.418718  -0.722143  -0.418718
0.719661  0.420049  -0.719661  -0.420049
0.717167  0.421373  -0.717167  -0.421373
0.714661  0.422689  -0.714661  -0.422689
0.712143  0.423998  -0.712143  -0.423998
0.709612  0.4253  -0.709612  -0.4253
0.707069  0.426594  -0.707069  -0.426594
0.704514  0.427881  -0.704514  -0.427881
0.701946  0.42916  -0.701946  -0.42916
0.699366  0.430432  -0.699366  -0.430432
0.696773  0.431696  -0.696773  -0.431696
0.694168  0.432952  -0.694168  -0.432952
0.69155  0.4342  -0.69155  -0.4342
0.688919  0.435441  -0.688919  -0.435441
0.686277  0.436674  -0.686277  -0.436674
0.683621  0.437898  -0.683621  -0.437898
0.680953  0.439115  -0.680953  -0.439115
0.678272  0.440323  -0.678272  -0.440323
0.675579  0.441523  -0.675579  -0.441523
0.672873  0.442715  -0.672873  -0.442715
0.670154  0.443899  -0.670154  -0.443899
0.667423  0.445074  -0.667423  -0.445074
0.664679  0.446241  -0.664679  -0.446241
0.661921  0.447399  -0.661921  -0.447399
0.659152  0.448548  -0.659152  -0.448548
0.656369  0.449688  -0.656369  -0.449688
0.653573  0.45082  -0.653573  -0.45082
0.650765  0.451943  -0.650765  -0.451943
0.647944  0.453057  -0.647944  -0.453057
0.645109  0.454162  -0.645109  -0.454162
0.642262  0.455258  -0.642262  -0.455258
0.639402  0.456344  -0.639402  -0.456344
0.636529  0.457422  -0.636529  -0.457422
0.633642  0.45849  -0.633642  -0.45849
0.630743  0.459548  -0.630743  -0.459548
0.62783  0.460597  -0.62783  -0.460597
0.624905  0.461636  -0.624905  -0.461636
0.621966  0.462666  -0.621966  -0.462666
0.619014  0.463685  -0.619014  -0.463685
0.616049  0.464695  -0.616049  -0.464695
0.613071  0.465695  -0.613071  -0.465695
0.610079  0.466685  -0.610079  -0.466685
0.607074  0.467665  -0.607074  -0.467665
0.604056  0.468634  -0.604056  -0.468634
0.601024  0.469593  -0.601024  -0.469593
0.597979  0.470542  -0.597979  -0.470542
0.594921  0.47148  -0.594921  -0.47148
0.591849  0.472407  -0.591849  -0.472407
0.588764  0.473324  -0.588764  -0.473324
0.585666  0.474229  -0.585666  -0.474229
0.582553  0.475124  -0.582553  -0.475124
0.579428  0.476008  -0.579428  -0.476008
0.576288  0.476881  -0.576288  -0.476881
0.573135  0.477742  -0.573135  -0.477742
0.569969  0.478593  -0.569969  -0.478593
0.566789  0.479431  -0.566789  -0.479431
0.563595  0.480258  -0.563595  -0.480258
0.560387  0.481074  -0.560387  -0.481074
0.557166  0.481877  -0.557166  -0.481877
0.553931  0.482669  -0.553931  -0.482669
0.550682  0.483449  -0.550682  -0.483449
0.54742  0.484216  -0.54742  -0.484216
0.544143  0.484972  -0.544143  -0.484972
0.540853  0.485715  -0.540853  -0.485715
0.537549  0.486445  -0.537549  -0.486445
0.534231  0.487163  -0.534231  -0.487163
0.530899  0.487868  -0.530899  -0.487868
0.527553  0.488561  -0.527553  -0.488561
0.524193  0.48924  -0.524193  -0.48924
0.520819  0.489906  -0.520819  -0.489906
0.51743  0.490559  -0.51743  -0.490559
0.514028  0.491199  -0.514028  -0.491199
0.510612  0.491825  -0.510612  -0.491825
0.507181  0.492438  -0.507181  -0.492438
0.503737  0.493037  -0.503737  -0.493037
0.500278  0.493622  -0.500278  -0.493622
0.496805  0.494193  -0.496805  -0.494193
0.493317  0.494749  -0.493317  -0.494749
0.489816  0.495292  -0.489816  -0.495292
0.4863  0.49582  -0.4863  -0.49582
0.48277  0.496333  -0.48277  -0.496333
0.479225  0.496832  -0.479225  -0.496832
0.475666  0.497315  -0.475666  -0.497315
0.472093  0.497784  -0.472093  -0.497784
0.468505  0.498237  -0.468505  -0.498237
0.464902  0.498675  -0.464902  -0.498675
0.461286  0.499098  -0.461286  -0.499098
0.457654  0.499505  -0.457654  -0.499505
0.454009  0.499895  -0.454009  -0.499895
0.450348  0.50027  -0.450348  -0.50027
0.446673  0.500629  -0.446673  -0.500629
0.442984  0.500971  -0.442984  -0.500971
0.43928  0.501297  -0.43928  -0.501297
0.435561  0.501606  -0.435561  -0.501606
0.431828  0.501899  -0.431828  -0.501899
0.42808  0.502174  -0.42808  -0.502174
0.424317  0.502432  -0.424317  -0.502432
0.420539  0.502672  -0.420539  -0.502672
0.416747  0.502895  -0.416747  -0.502895
0.41294  0.5031  -0.41294  -0.5031
0.409118  0.503287  -0.409118  -0.503287
0.405281  0.503456  -0.405281  -0.503456
0.40143  0.503607  -0.40143  -0.503607
0.397564  0.503738  -0.397564  -0.503738
0.393683  0.503851  -0.393683  -0.503851
0.389787  0.503945  -0.389787  -0.503945
0.385876  0.50402  -0.385876  -0.50402
0.38195  0.504075  -0.38195  -0.504075
0.378009  0.504111  -0.378009  -0.504111
0.374054  0.504127  -0.374054  -0.504127
0.370083  0.504122  -0.370083  -0.504122
0.366098  0.504098  -0.366098  -0.504098
0.362097  0.504052  -0.362097  -0.504052
0.358082  0.503986  -0.358082  -0.503986
0.354052  0.503899  -0.354052  -0.503899
0.350007  0.503791  -0.350007  -0.503791
0.345946  0.503661  -0.345946  -0.503661
0.341871  0.503509  -0.341871  -0.503509
0.337781  0.503335  -0.337781  -0.503335
0.333676  0.503139  -0.333676  -0.503139
0.329556  0.502921  -0.329556  -0.502921
0.325421  0.502679  -0.325421  -0.502679
0.321271  0.502414  -0.321271  -0.502414
0.317106  0.502126  -0.317106  -0.502126
0.312926  0.501815  -0.312926  -0.501815
0.308731  0.501479  -0.308731  -0.501479
0.304522  0.501119  -0.304522  -0.501119
0.300297  0.500735  -0.300297  -0.500735
0.296057  0.500326  -0.296057  -0.500326
0.291803  0.499891  -0.291803  -0.499891
0.287534  0.499432  -0.287534  -0.499432
0.28325  0.498946  -0.28325  -0.498946
0.278951  0.498435  -0.278951  -0.498435
0.274637  0.497897  -0.274637  -0.497897
0.270309  0.497332  -0.270309  -0.497332
0.265966  0.49674  -0.265966  -0.49674
0.261608  0.496121  -0.261608  -0.496121
0.257236  0.495474  -0.257236  -0.495474
0.252849  0.494799  -0.252849  -0.494799
0.248447  0.494095  -0.248447  -0.494095
0.244031  0.493363  -0.244031  -0.493363
0.2396  0.492602  -0.2396  -0.492602
0.235156  0.49181  -0.235156  -0.49181
0.230696  0.490989  -0.230696  -0.490989
0.226223  0.490138  -0.226223  -0.490138
0.221735  0.489256  -0.221735  -0.489256
0.217233  0.488342  -0.217233  -0.488342
0.212718  0.487397  -0.212718  -0.487397
0.208188  0.486421  -0.208188  -0.486421
0.203644  0.485411  -0.203644  -0.485411
0.199087  0.484369  -0.199087  -0.484369
0.194516  0.483294  -0.194516  -0.483294
0.189931  0.482185  -0.189931  -0.482185
0.185333  0.481041  -0.185333  -0.481041
0.180721  0.479863  -0.180721  -0.479863
0.176097  0.47865  -0.176097  -0.47865
0.171459  0.477401  -0.171459  -0.477401
0.166808  0.476116  -0.166808  -0.476116
0.162144  0.474795  -0.162144  -0.474795
0.157468  0.473436  -0.157468  -0.473436
0.152779  0.47204  -0.152779  -0.47204
0.148078  0.470606  -0.148078  -0.470606
0.143365  0.469133  -0.143365  -0.469133
0.138639  0.467621  -0.138639  -0.467621
0.133902  0.466069  -0.133902  -0.466069
0.129154  0.464476  -0.129154  -0.464476
0.124394  0.462843  -0.124394  -0.462843
0.119622  0.461168  -0.119622  -0.461168
0.11484  0.459451  -0.11484  -0.459451
0.110047  0.457692  -0.110047  -0.457692
0.105244  0.455889  -0.105244  -0.455889
0.100431  0.454042  -0.100431  -0.454042
0.0956076  0.452151  -0.0956076  -0.452151
0.0907748  0.450215  -0.0907748  -0.450215
0.0859328  0.448232  -0.0859328  -0.448232
0.0810818  0.446203  -0.0810818  -0.446203
0.0762223  0.444127  -0.0762223  -0.444127
0.0713545  0.442003  -0.0713545  -0.442003
0.0664789  0.43983  -0.0664789  -0.43983
0.0615959  0.437608  -0.0615959  -0.437608
0.0567058  0.435336  -0.0567058  -0.435336
0.0518091  0.433013  -0.0518091  -0.433013
0.0469062  0.430639  -0.0469062  -0.430639
0.0419976  0.428213  -0.0419976  -0.428213
0.0370838  0.425733  -0.0370838  -0.425733
0.0321654  0.423199  -0.0321654  -0.423199
0.0272427  0.420611  -0.0272427  -0.420611
0.0223165  0.417968  -0.0223165  -0.417968
0.0173873  0.415268  -0.0173873  -0.415268
0.0124557  0.412511  -0.0124557  -0.412511
0.00752237  0.409696  -0.00752237  -0.409696
0.00258794  0.406822  -0.00258794  -0.406822
-0.00234687  0.403889  0.00234687  -0.403889
-0.00728133  0.400895  0.00728133  -0.400895
-0.0122147  0.39784  0.0122147  -0.39784
-0.0171461  0.394723  0.0171461  -0.394723
-0.0220748  0.391542  0.0220748  -0.391542
-0.0269999  0.388298  0.0269999  -0.388298
-0.0319204  0.384988  0.0319204  -0.384988
-0.0368355  0.381612  0.0368355  -0.381612
-0.0417442  0.37817  0.0417442  -0.37817
-0.0466453  0.37466  0.0466453  -0.37466
-0.0515379  0.371081  0.0515379  -0.371081
-0.0564209  0.367433  0.0564209  -0.367433
-0.0612929  0.363714  0.0612929  -0.363714
-0.066153  0.359923  0.066153  -0.359923
-0.0709997  0.35606  0.0709997  -0.35606
-0.0758318  0.352123  0.0758318  -0.352123
-0.0806478  0.348112  0.0806478  -0.348112
-0.0854464  0.344026  0.0854464  -0.344026
-0.0902261  0.339864  0.0902261  -0.339864
-0.0949853  0.335624  0.0949853  -0.335624
-0.0997224  0.331307  0.0997224  -0.331307
-0.104436  0.32691  0.104436  -0.32691
-0.109124  0.322434  0.109124  -0.322434
-0.113784  0.317876  0.113784  -0.317876
-0.118416  0.313238  0.118416  -0.313238
-0.123016  0.308517  0.123016  -0.308517
-0.127583  0.303713  0.127583  -0.303713
-0.132115  0.298825  0.132115  -0.298825
-0.136609  0.293853  0.136609  -0.293853
-0.141064  0.288795  0.141064  -0.288795
-0.145477  0.283651  0.145477  -0.283651
-0.149846  0.278421  0.149846  -0.278421
-0.154167  0.273105  0.154167  -0.273105
-0.15844  0.2677  0.15844  -0.2677
-0.162661  0.262208  0.162661  -0.262208
-0.166826  0.256628  0.166826  -0.256628
-0.170935  0.25096  0.170935  -0.25096
-0.174983  0.245203  0.174983  -0.245203
-0.178968  0.239357  0.178968  -0.239357
-0.182887  0.233423  0.182887  -0.233423
-0.186737  0.227401  0.186737  -0.227401
-0.190514  0.221291  0.190514  -0.221291
-0.194216  0.215093  0.194216  -0.215093
-0.197839  0.208807  0.197839  -0.208807
-0.20138  0.202435  0.20138  -0.202435
-0.204836  0.195978  0.204836  -0.195978
-0.208202  0.189435  0.208202  -0.189435
-0.211477  0.182809  0.211477  -0.182809
-0.214656  0.1761  0.214656  -0.1761
-0.217737  0.169309  0.217737  -0.169309
-0.220714  0.162439  0.220714  -0.162439
-0.223586  0.155492  0.223586  -0.155492
-0.226349  0.148468  0.226349  -0.148468
-0.228999  0.14137  0.228999  -0.14137
-0.231533  0.134201  0.231533  -0.134201
-0.233948  0.126963  0.233948  -0.126963
-0.236241  0.119658  0.236241  -0.119658
-0.238408  0.112289  0.238408  -0.112289
-0.240446  0.104861  0.240446  -0.104861
-0.242353  0.0973743  0.242353  -0.0973743
-0.244126  0.0898341  0.244126  -0.0898341
-0.245761  0.0822435  0.245761  -0.0822435
-0.247258  0.0746063  0.247258  -0.0746063
-0.248612  0.0669263  0.248612  -0.0669263
-0.249823  0.0592077  0.249823  -0.0592077
-0.250889  0.0514545  0.250889  -0.0514545
-0.251807  0.0436711  0.251807  -0.0436711
-0.252576  0.0358618  0.252576  -0.0358618
-0.253194  0.0280313  0.253194  -0.0280313
-0.253662  0.020184  0.253662  -0.020184
-0.253978  0.0123246  0.253978  -0.0123246
-0.254141  0.00445782  0.254141  -0.00445782
-0.254152  -0.00341164  0.254152  0.00341164
-0.254009  -0.011279  0.254009  0.011279
-0.253715  -0.0191397  0.253715  0.0191397
-0.253268  -0.0269889  0.253268  0.0269889
-0.25267  -0.0348219  0.25267  0.0348219
-0.251922  -0.0426342  0.251922  0.0426342
-0.251024  -0.0504213  0.251024  0.0504213
-0.249979  -0.0581788  0.249979  0.0581788
-0.248788  -0.0659023  0.248788  0.0659023
-0.247453  -0.0735876  0.247453  0.0735876
-0.245976  -0.0812308  0.245976  0.0812308
-0.24436  -0.0888278  0.24436  0.0888278
-0.242606  -0.0963749  0.242606  0.0963749
-0.240718  -0.103869  0.240718  0.103869
-0.238697  -0.111305  0.238697  0.111305
-0.236548  -0.118682  0.236548  0.118682
-0.234273  -0.125995  0.234273  0.125995
-0.231875  -0.133243  0.231875  0.133243
-0.229357  -0.140421  0.229357  0.140421
-0.226723  -0.147529  0.226723  0.147529
-0.223976  -0.154563  0.223976  0.154563
-0.22112  -0.161521  0.22112  0.161521
-0.218157  -0.168401  0.218157  0.168401
-0.215091  -0.175202  0.215091  0.175202
-0.211925  -0.181922  0.211925  0.181922
-0.208664  -0.18856  0.208664  0.18856
-0.20531  -0.195114  0.20531  0.195114
-0.201867  -0.201583  0.201867  0.201583
-0.198338  -0.207967  0.198338  0.207967
-0.194727  -0.214264  0.194727  0.214264
-0.191036  -0.220474  0.191036  0.220474
-0.187269  -0.226596  0.187269  0.226596
-0.18343  -0.23263  0.18343  0.23263
-0.179521  -0.238576  0.179521  0.238576
-0.175546  -0.244434  0.175546  0.244434
-0.171507  -0.250203  0.171507  0.250203
-0.167407  -0.255883  0.167407  0.255883
-0.16325  -0.261476  0.16325  0.261476
-0.159037  -0.26698  0.159037  0.26698
-0.154772  -0.272396  0.154772  0.272396
-0.150458  -0.277725  0.150458  0.277725
-0.146096  -0.282967  0.146096  0.282967
-0.14169  -0.288122  0.14169  0.288122
-0.137242  -0.293191  0.137242  0.293191
-0.132753  -0.298176  0.132753  0.298176
-0.128227  -0.303075  0.128227  0.303075
-0.123665  -0.307891  0.123665  0.307891
-0.11907  -0.312623  0.11907  0.312623
-0.114444  -0.317273  0.114444  0.317273
-0.109788  -0.321842  0.109788  0.321842
-0.105105  -0.326329  0.105105  0.326329
-0.100396  -0.330737  0.100396  0.330737
-0.0956625  -0.335066  0.0956625  0.335066
-0.090907  -0.339316  0.090907  0.339316
-0.0861309  -0.343489  0.0861309  0.343489
-0.0813356  -0.347586  0.0813356  0.347586
-0.0765227  -0.351608  0.0765227  0.351608
-0.0716935  -0.355555  0.0716935  0.355555
-0.0668495  -0.359428  0.0668495  0.359428
-0.061992  -0.363229  0.061992  0.363229
-0.0571223  -0.366958  0.0571223  0.366958
-0.0522416  -0.370617  0.0522416  0.370617
-0.0473511  -0.374205  0.0473511  0.374205
-0.0424518  -0.377725  0.0424518  0.377725
-0.0375449  -0.381177  0.0375449  0.381177
-0.0326314  -0.384562  0.0326314  0.384562
-0.0277123  -0.387881  0.0277123  0.387881
-0.0227886  -0.391135  0.0227886  0.391135
-0.0178611  -0.394325  0.0178611  0.394325
-0.0129308  -0.397451  0.0129308  0.397451
-0.00799841  -0.400516  0.00799841  0.400516
-0.0030648  -0.403518  0.0030648  0.403518
0.00186926  -0.40646  -0.00186926  0.40646
0.00680304  -0.409342  -0.00680304  0.409342
0.0117359  -0.412166  -0.0117359  0.412166
0.016667  -0.414931  -0.016667  0.414931
0.0215959  -0.417639  -0.0215959  0.417639
0.0265218  -0.420291  -0.0265218  0.420291
0.0314443  -0.422887  -0.0314443  0.422887
0.0363626  -0.425429  -0.0363626  0.425429
0.0412764  -0.427917  -0.0412764  0.427917
0.046185  -0.430351  -0.046185  0.430351
0.051088  -0.432733  -0.051088  0.432733
0.0559849  -0.435063  -0.0559849  0.435063
0.0608753  -0.437343  -0.0608753  0.437343
0.0657587  -0.439572  -0.0657587  0.439572
0.0706347  -0.441752  -0.0706347  0.441752
0.0755029  -0.443884  -0.0755029  0.443884
0.080363  -0.445967  -0.080363  0.445967
0.0852145  -0.448003  -0.0852145  0.448003
0.0900571  -0.449993  -0.0900571  0.449993
0.0948906  -0.451936  -0.0948906  0.451936
0.0997146  -0.453834  -0.0997146  0.453834
0.104529  -0.455688  -0.104529  0.455688
0.109333  -0.457497  -0.109333  0.457497
0.114126  -0.459263  -0.114126  0.459263
0.118909  -0.460987  -0.118909  0.460987
0.123682  -0.462668  -0.123682  0.462668
0.128443  -0.464307  -0.128443  0.464307
0.133192  -0.465906  -0.133192  0.465906
0.137931  -0.467464  -0.137931  0.467464
0.142657  -0.468983  -0.142657  0.468983
0.147371  -0.470462  -0.147371  0.470462
0.152074  -0.471902  -0.152074  0.471902
0.156764  -0.473304  -0.156764  0.473304
0.161441  -0.474668  -0.161441  0.474668
0.166106  -0.475996  -0.166106  0.475996
0.170758  -0.477286  -0.170758  0.477286
0.175397  -0.478541  -0.175397  0.478541
0.180023  -0.479759  -0.180023  0.479759
0.184636  -0.480943  -0.184636  0.480943
0.189236  -0.482092  -0.189236  0.482092
0.193822  -0.483206  -0.193822  0.483206
0.198395  -0.484287  -0.198395  0.484287
0.202953  -0.485335  -0.202953  0.485335
0.207499  -0.486349  -0.207499  0.486349
0.21203  -0.487331  -0.21203  0.487331
0.216547  -0.488281  -0.216547  0.488281
0.22105  -0.4892  -0.22105  0.4892
0.22554  -0.490087  -0.22554  0.490087
0.230015  -0.490943  -0.230015  0.490943
0.234475  -0.491769  -0.234475  0.491769
0.238922  -0.492565  -0.238922  0.492565
0.243354  -0.493331  -0.243354  0.493331
0.247772  -0.494068  -0.247772  0.494068
0.252175  -0.494777  -0.252175  0.494777
0.256563  -0.495456  -0.256563  0.495456
0.260938  -0.496108  -0.260938  0.496108
0.265297  -0.496732  -0.265297  0.496732
0.269642  -0.497328  -0.269642  0.497328
0.273972  -0.497897  -0.273972  0.497897
0.278287  -0.498439  -0.278287  0.498439
0.282588  -0.498955  -0.282588  0.498955
0.286874  -0.499445  -0.286874  0.499445
0.291145  -0.499909  -0.291145  0.499909
0.295401  -0.500348  -0.295401  0.500348
0.299642  -0.500761  -0.299642  0.500761
0.303868  -0.50115  -0.303868  0.50115
0.30808  -0.501514  -0.30808  0.501514
0.312276  -0.501853  -0.312276  0.501853
0.316458  -0.502169  -0.316458  0.502169
0.320625  -0.502461  -0.320625  0.502461
0.324777  -0.50273  -0.324777  0.50273
0.328913  -0.502975  -0.328913  0.502975
0.333035  -0.503198  -0.333035  0.503198
0.337142  -0.503398  -0.337142  0.503398
0.341234  -0.503575  -0.341234  0.503575
0.345311  -0.503731  -0.345311  0.503731
0.349373  -0.503864  -0.349373  0.503864
0.35342  -0.503976  -0.35342  0.503976
0.357452  -0.504067  -0.357452  0.504067
0.36147  -0.504137  -0.36147  0.504137
0.365472  -0.504186  -0.365472  0.504186
0.369459  -0.504214  -0.369459  0.504214
0.373431  -0.504222  -0.373431  0.504222
0.377389  -0.50421  -0.377389  0.50421
0.381331  -0.504178  -0.381331  0.504178
0.385259  -0.504126  -0.385259  0.504126
0.389172  -0.504054  -0.389172  0.504054
0.39307  -0.503964  -0.39307  0.503964
0.396953  -0.503854  -0.396953  0.503854
0.400821  -0.503726  -0.400821  0.503726
0.404674  -0.503578  -0.404674  0.503578
0.408513  -0.503413  -0.408513  0.503413
0.412336  -0.503229  -0.412336  0.503229
0.416145  -0.503027  -0.416145  0.503027
0.419939  -0.502807  -0.419939  0.502807
0.423719  -0.50257  -0.423719  0.50257
0.427484  -0.502315  -0.427484  0.502315
0.431234  -0.502043  -0.431234  0.502043
0.434969  -0.501754  -0.434969  0.501754
0.43869  -0.501448  -0.43869  0.501448
0.442396  -0.501125  -0.442396  0.501125
0.446087  -0.500786  -0.446087  0.500786
0.449764  -0.50043  -0.449764  0.50043
0.453426  -0.500058  -0.453426  0.500058
0.457074  -0.49967  -0.457074  0.49967
0.460707  -0.499266  -0.460707  0.499266
0.464326  -0.498846  -0.464326  0.498846
0.46793  -0.498411  -0.46793  0.498411
0.47152  -0.497961  -0.47152  0.497961
0.475095  -0.497495  -0.475095  0.497495
0.478656  -0.497014  -0.478656  0.497014
0.482202  -0.496518  -0.482202  0.496518
0.485734  -0.496008  -0.485734  0.496008
0.489252  -0.495482  -0.489252  0.495482
0.492756  -0.494943  -0.492756  0.494943
0.496245  -0.494389  -0.496245  0.494389
0.49972  -0.49382  -0.49972  0.49382
0.503181  -0.493238  -0.503181  0.493238
0.506627  -0.492642  -0.506627  0.492642
0.51006  -0.492032  -0.51006  0.492032
0.513478  -0.491408  -0.513478  0.491408
0.516882  -0.490771  -0.516882  0.490771
0.520272  -0.49012  -0.520272  0.49012
0.523648  -0.489457  -0.523648  0.489457
0.52701  -0.48878  -0.52701  0.48878
0.530358  -0.48809  -0.530358  0.48809
0.533692  -0.487387  -0.533692  0.487387
0.537012  -0.486672  -0.537012  0.486672
0.540319  -0.485944  -0.540319  0.485944
0.543611  -0.485203  -0.543611  0.485203
0.546889  -0.48445  -0.546889  0.48445
0.550154  -0.483685  -0.550154  0.483685
0.553404  -0.482907  -0.553404  0.482907
0.556641  -0.482118  -0.556641  0.482118
0.559864  -0.481317  -0.559864  0.481317
0.563074  -0.480503  -0.563074  0.480503
0.56627  -0.479679  -0.56627  0.479679
0.569452  -0.478842  -0.569452  0.478842
0.57262  -0.477994  -0.57262  0.477994
0.575775  -0.477135  -0.575775  0.477135
0.578916  -0.476264  -0.578916  0.476264
0.582044  -0.475383  -0.582044  0.475383
0.585158  -0.47449  -0.585158  0.47449
0.588258  -0.473586  -0.588258  0.473586
0.591345  -0.472672  -0.591345  0.472672
0.594419  -0.471747  -0.594419  0.471747
0.597479  -0.470811  -0.597479  0.470811
0.600526  -0.469864  -0.600526  0.469864
0.60356  -0.468907  -0.60356  0.468907
0.60658  -0.46794  -0.60658  0.46794
0.609587  -0.466962  -0.609587  0.466962
0.61258  -0.465974  -0.61258  0.465974
0.61556  -0.464977  -0.61556  0.464977
0.618527  -0.463969  -0.618527  0.463969
0.621481  -0.462951  -0.621481  0.462951
0.624422  -0.461923  -0.624422  0.461923
0.627349  -0.460886  -0.627349  0.460886
0.630264  -0.459839  -0.630264  0.459839
0.633165  -0.458783  -0.633165  0.458783
0.636053  -0.457717  -0.636053  0.457717
0.638928  -0.456641  -0.638928  0.456641
0.641791  -0.455557  -0.641791  0.455557
0.64464  -0.454463  -0.64464  0.454463
0.647476  -0.45336  -0.647476  0.45336
0.650299  -0.452247  -0.650299  0.452247
0.653109  -0.451126  -0.653109  0.451126
0.655907  -0.449996  -0.655907  0.449996
0.658691  -0.448858  -0.658691  0.448858
0.661463  -0.44771  -0.661463  0.44771
0.664222  -0.446554  -0.664222  0.446554
0.666968  -0.445389  -0.666968  0.445389
0.669702  -0.444216  -0.669702  0.444216
0.672422  -0.443034  -0.672422  0.443034
0.67513  -0.441844  -0.67513  0.441844
0.677825  -0.440645  -0.677825  0.440645
0.680508  -0.439439  -0.680508  0.439439
0.683178  -0.438224  -0.683178  0.438224
0.685835  -0.437001  -0.685835  0.437001
0.68848  -0.43577  -0.68848  0.43577
0.691112  -0.434531  -0.691112  0.434531
0.693732  -0.433284  -0.693732  0.433284
0.696339  -0.432029  -0.696339  0.432029
0.698934  -0.430767  -0.698934  0.430767
0.701516  -0.429497  -0.701516  0.429497
0.704086  -0.428219  -0.704086  0.428219
0.706643  -0.426934  -0.706643  0.426934
0.709188  -0.425641  -0.709188  0.425641
0.71172  -0.424341  -0.71172  0.424341
0.714241  -0.423034  -0.714241  0.423034
0.716749  -0.421719  -0.716749  0.421719
0.719244  -0.420397  -0.719244  0.420397
0.721727  -0.419068  -0.721727  0.419068
0.724199  -0.417731  -0.724199  0.417731
0.726657  -0.416388  -0.726657  0.416388
0.729104  -0.415038  -0.729104  0.415038
0.731538  -0.41368  -0.731538  0.41368
0.733961  -0.412316  -0.733961  0.412316
0.736371  -0.410945  -0.736371  0.410945
0.738769  -0.409567  -0.738769  0.409567
0.741155  -0.408183  -0.741155  0.408183
0.743529  -0.406792  -0.743529  0.406792
0.74589  -0.405394  -0.74589  0.405394
0.74824  -0.40399  -0.74824  0.40399
0.750578  -0.402579  -0.750578  0.402579
0.752904  -0.401162  -0.752904  0.401162
0.755217  -0.399738  -0.755217  0.399738
0.757519  -0.398309  -0.757519  0.398309
0.759809  -0.396872  -0.759809  0.396872
0.762087  -0.39543  -0.762087  0.39543
0.764353  -0.393982  -0.764353  0.393982
0.766608  -0.392527  -0.766608  0.392527
0.76885  -0.391066  -0.76885  0.391066
0.771081  -0.389599  -0.771081  0.389599
0.773299  -0.388127  -0.773299  0.388127
0.775506  -0.386648  -0.775506  0.386648
0.777702  -0.385164  -0.777702  0.385164
0.779885  -0.383673  -0.779885  0.383673
0.782057  -0.382177  -0.782057  0.382177
0.784217  -0.380676  -0.784217  0.380676
0.786365  -0.379168  -0.786365  0.379168
0.788502  -0.377655  -0.788502  0.377655
0.790627  -0.376136  -0.790627  0.376136
0.792741  -0.374612  -0.792741  0.374612
0.794843  -0.373083  -0.794843  0.373083
0.796933  -0.371548  -0.796933  0.371548
0.799012  -0.370007  -0.799012  0.370007
0.801079  -0.368461  -0.801079  0.368461
0.803134  -0.36691  -0.803134  0.36691
0.805178  -0.365354  -0.805178  0.365354
0.807211  -0.363792  -0.807211  0.363792
0.809232  -0.362225  -0.809232  0.362225
0.811242  -0.360653  -0.811242  0.360653
0.81324  -0.359076  -0.81324  0.359076
0.815227  -0.357494  -0.815227  0.357494
0.817202  -0.355907  -0.817202  0.355907
0.819166  -0.354315  -0.819166  0.354315
0.821119  -0.352718  -0.821119  0.352718
0.82306  -0.351116  -0.82306  0.351116
0.82499  -0.34951  -0.82499  0.34951
0.826909  -0.347898  -0.826909  0.347898
0.828816  -0.346282  -0.828816  0.346282
0.830712  -0.344661  -0.830712  0.344661
0.832597  -0.343036  -0.832597  0.343036
0.83447  -0.341405  -0.83447  0.341405
0.836332  -0.339771  -0.836332  0.339771
0.838183  -0.338131  -0.838183  0.338131
0.840023  -0.336487  -0.840023  0.336487
0.841852  -0.334839  -0.841852  0.334839
0.843669  -0.333186  -0.843669  0.333186
0.845476  -0.331529  -0.845476  0.331529
0.847271  -0.329867  -0.847271  0.329867
0.849055  -0.328201  -0.849055  0.328201
0.850828  -0.326531  -0.850828  0.326531
0.85259  -0.324857  -0.85259  0.324857
0.85434  -0.323178  -0.85434  0.323178
0.85608  -0.321495  -0.85608  0.321495
0.857809  -0.319808  -0.857809  0.319808
0.859526  -0.318117  -0.859526  0.318117
0.861233  -0.316422  -0.861233  0.316422
0.862929  -0.314722  -0.862929  0.314722
0.864613  -0.313019  -0.864613  0.313019
0.866287  -0.311312  -0.866287  0.311312
0.86795  -0.3096  -0.86795  0.3096
0.869601  -0.307885  -0.869601  0.307885
0.871242  -0.306166  -0.871242  0.306166
0.872872  -0.304444  -0.872872  0.304444
0.874491  -0.302717  -0.874491  0.302717
0.876099  -0.300987  -0.876099  0.300987
0.877696  -0.299252  -0.877696  0.299252
0.879283  -0.297515  -0.879283  0.297515
0.880858  -0.295773  -0.880858  0.295773
0.882423  -0.294028  -0.882423  0.294028
0.883976  -0.292279  -0.883976  0.292279
0.88552  -0.290527  -0.88552  0.290527
0.887052  -0.288771  -0.887052  0.288771
0.888573  -0.287012  -0.888573  0.287012
0.890084  -0.285249  -0.890084  0.285249
0.891584  -0.283483  -0.891584  0.283483
0.893073  -0.281713  -0.893073  0.281713
0.894551  -0.27994  -0.894551  0.27994
0.896019  -0.278163  -0.896019  0.278163
0.897476  -0.276383  -0.897476  0.276383
0.898922  -0.2746  -0.898922  0.2746
0.900358  -0.272814  -0.900358  0.272814
0.901783  -0.271024  -0.901783  0.271024
0.903197  -0.269232  -0.903197  0.269232
0.904601  -0.267436  -0.904601  0.267436
0.905994  -0.265637  -0.905994  0.265637
0.907376  -0.263834  -0.907376  0.263834
0.908748  -0.262029  -0.908748  0.262029
0.910109  -0.260221  -0.910109  0.260221
0.91146  -0.258409  -0.91146  0.258409
0.9128  -0.256595  -0.9128  0.256595
0.914129  -0.254778  -0.914129  0.254778
0.915448  -0.252957  -0.915448  0.252957
0.916756  -0.251134  -0.916756  0.251134
0.918054  -0.249308  -0.918054  0.249308
0.919341  -0.247479  -0.919341  0.247479
0.920618  -0.245647  -0.920618  0.245647
0.921884  -0.243813  -0.921884  0.243813
0.92314  -0.241975  -0.92314  0.241975
0.924385  -0.240135  -0.924385  0.240135
0.92562  -0.238293  -0.92562  0.238293
0.926844  -0.236447  -0.926844  0.236447
0.928058  -0.234599  -0.928058  0.234599
0.929262  -0.232748  -0.929262  0.232748
0.930455  -0.230895  -0.930455  0.230895
0.931637  -0.229038  -0.931637  0.229038
0.932809  -0.22718  -0.932809  0.22718
0.933971  -0.225319  -0.933971  0.225319
0.935123  -0.223455  -0.935123  0.223455
0.936264  -0.221589  -0.936264  0.221589
0.937394  -0.21972  -0.937394  0.21972
0.938514  -0.217849  -0.938514  0.217849
0.939624  -0.215976  -0.939624  0.215976
0.940724  -0.2141  -0.940724  0.2141
0.941813  -0.212222  -0.941813  0.212222
0.942892  -0.210342  -0.942892  0.210342
0.94396  -0.208459  -0.94396  0.208459
0.945019  -0.206574  -0.945019  0.206574
0.946067  -0.204687  -0.946067  0.204687
0.947104  -0.202797  -0.947104  0.202797
0.948132  -0.200905  -0.948132  0.200905
0.949149  -0.199011  -0.949149  0.199011
0.950155  -0.197115  -0.950155  0.197115
0.951152  -0.195217  -0.951152  0.195217
0.952138  -0.193317  -0.952138  0.193317
0.953114  -0.191415  -0.953114  0.191415
0.95408  -0.18951  -0.95408  0.18951
0.955036  -0.187604  -0.955036  0.187604
0.955981  -0.185695  -0.955981  0.185695
0.956916  -0.183785  -0.956916  0.183785
0.957841  -0.181872  -0.957841  0.181872
0.958756  -0.179958  -0.958756  0.179958
0.95966  -0.178042  -0.95966  0.178042
0.960555  -0.176124  -0.960555  0.176124
0.961439  -0.174204  -0.961439  0.174204
0.962313  -0.172282  -0.962313  0.172282
0.963177  -0.170358  -0.963177  0.170358
0.96403  -0.168433  -0.96403  0.168433
0.964874  -0.166505  -0.964874  0.166505
0.965707  -0.164576  -0.965707  0.164576
0.96653  -0.162646  -0.96653  0.162646
0.967343  -0.160713  -0.967343  0.160713
0.968146  -0.158779  -0.968146  0.158779
0.968939  -0.156843  -0.968939  0.156843
0.969722  -0.154906  -0.969722  0.154906
0.970495  -0.152967  -0.970495  0.152967
0.971257  -0.151026  -0.971257  0.151026
0.97201  -0.149084  -0.97201  0.149084
0.972752  -0.14714  -0.972752  0.14714
0.973484  -0.145195  -0.973484  0.145195
0.974206  -0.143248  -0.974206  0.143248
0.974918  -0.1413  -0.974918  0.1413
0.975621  -0.13935  -0.975621  0.13935
0.976313  -0.137399  -0.976313  0.137399
0.976994  -0.135447  -0.976994  0.135447
0.977666  -0.133493  -0.977666  0.133493
0.978328  -0.131537  -0.978328  0.131537
0.97898  -0.129581  -0.97898  0.129581
0.979622  -0.127623  -0.979622  0.127623
0.980254  -0.125663  -0.980254  0.125663
0.980875  -0.123703  -0.980875  0.123703
0.981487  -0.121741  -0.981487  0.121741
0.982089  -0.119778  -0.982089  0.119778
0.98268  -0.117814  -0.98268  0.117814
0.983262  -0.115848  -0.983262  0.115848
0.983834  -0.113881  -0.983834  0.113881
0.984395  -0.111914  -0.984395  0.111914
0.984947  -0.109945  -0.984947  0.109945
0.985489  -0.107975  -0.985489  0.107975
0.986021  -0.106003  -0.986021  0.106003
0.986542  -0.104031  -0.986542  0.104031
0.987054  -0.102058  -0.987054  0.102058
0.987556  -0.100083  -0.987556  0.100083
0.988048  -0.098108  -0.988048  0.098108
0.98853  -0.0961317  -0.98853  0.0961317
0.989002  -0.0941544  -0.989002  0.0941544
0.989463  -0.0921761  -0.989463  0.0921761
0.989915  -0.0901969  -0.989915  0.0901969
0.990358  -0.0882168  -0.990358  0.0882168
0.99079  -0.0862359  -0.99079  0.0862359
0.991212  -0.084254  -0.991212  0.084254
0.991624  -0.0822713  -0.991624  0.0822713
0.992026  -0.0802878  -0.992026  0.0802878
0.992419  -0.0783035  -0.992419  0.0783035
0.992801  -0.0763184  -0.992801  0.0763184
0.993174  -0.0743325  -0.993174  0.0743325
0.993536  -0.0723459  -0.993536  0.0723459
0.993889  -0.0703586  -0.993889  0.0703586
0.994232  -0.0683705  -0.994232  0.0683705
0.994565  -0.0663818  -0.994565  0.0663818
0.994888  -0.0643925  -0.994888  0.0643925
0.995201  -0.0624024  -0.995201  0.0624024
0.995504  -0.0604118  -0.995504  0.0604118
0.995797  -0.0584206  -0.995797  0.0584206
0.99608  -0.0564287  -0.99608  0.0564287
0.996354  -0.0544364  -0.996354  0.0544364
0.996617  -0.0524434  -0.996617  0.0524434
0.996871  -0.05045  -0.996871  0.05045
0.997115  -0.0484561  -0.997115  0.0484561
0.997348  -0.0464616  -0.997348  0.0464616
0.997572  -0.0444667  -0.997572  0.0444667
0.997786  -0.0424714  -0.997786  0.0424714
0.997991  -0.0404757  -0.997991  0.0404757
0.998185  -0.0384795  -0.998185  0.0384795
0.998369  -0.036483  -0.998369  0.036483
0.998544  -0.0344861  -0.998544  0.0344861
0.998708  -0.0324889  -0.998708  0.0324889
0.998863  -0.0304913  -0.998863  0.0304913
0.999008  -0.0284935  -0.999008  0.0284935
0.999143  -0.0264953  -0.999143  0.0264953
0.999268  -0.0244969  -0.999268  0.0244969
0.999384  -0.0224983  -0.999384  0.0224983
0.999489  -0.0204994  -0.999489  0.0204994
0.999584  -0.0185004  -0.999584  0.0185004
0.99967  -0.0165011  -0.99967  0.0165011
0.999746  -0.0145017  -0.999746  0.0145017
0.999812  -0.0125022  -0.999812  0.0125022
0.999868  -0.0105025  -0.999868  0.0105025
0.999914  -0.00850271  -0.999914  0.00850271
0.99995  -0.00650285  -0.99995  0.00650285
0.999977  -0.00450292  -0.999977  0.00450292
0.999993  -0.00250295  -0.999993  0.00250295
1  -0.000502952  -1  0.000502952
0.999997  0.00149705  -0.999997  -0.00149705
0.999984  0.00349704  -0.999984  -0.00349704
0.999961  0.00549699  -0.999961  -0.00549699
0.999928  0.00749689  -0.999928  -0.00749689
0.999885  0.00949671  -0.999885  -0.00949671
0.999833  0.0114964  -0.999833  -0.0114964
0.99977  0.0134961  -0.99977  -0.0134961
