totalE         totalK          totalV            k0            p0            k1            p1            k2            p2            k3            p3            k4            p4
            -2.23104            1.62236e-008            -2.23104            3.01694e-009            -0.278044            3.31551e-009            -0.338631            2.84468e-009            -0.27129            2.85351e-009            -0.291918            4.19293e-009            -0.307479
            -2.23104            1.09779e-006            -2.23104            2.04146e-007            -0.278044            2.2435e-007            -0.338631            1.9249e-007            -0.27129            1.93087e-007            -0.291918            2.83722e-007            -0.307479
            -2.23104            2.17937e-006            -2.23104            4.05275e-007            -0.278044            4.45384e-007            -0.338631            3.82135e-007            -0.27129            3.83321e-007            -0.291918            5.63251e-007            -0.307479
            -2.23104            3.26094e-006            -2.23104            6.06405e-007            -0.278044            6.66418e-007            -0.338631            5.7178e-007            -0.27129            5.73555e-007            -0.291918            8.4278e-007            -0.307479
            -2.23104            4.34251e-006            -2.23104            8.07534e-007            -0.278044            8.87452e-007            -0.338631            7.61425e-007            -0.27129            7.63789e-007            -0.291918            1.12231e-006            -0.307479
            -2.23104            5.42408e-006            -2.23104            1.00866e-006            -0.278044            1.10849e-006            -0.338631            9.5107e-007            -0.27129            9.54023e-007            -0.291918            1.40184e-006            -0.307479
            -2.23104            6.50565e-006            -2.23104            1.20979e-006            -0.278044            1.32952e-006            -0.338631            1.14072e-006            -0.27129            1.14426e-006            -0.291918            1.68137e-006            -0.307479
            -2.23103            7.58722e-006            -2.23104            1.41092e-006            -0.278044            1.55055e-006            -0.338631            1.33036e-006            -0.27129            1.33449e-006            -0.291918            1.9609e-006            -0.307479
            -2.23103            8.66879e-006            -2.23104            1.61205e-006            -0.278044            1.77159e-006            -0.338631            1.52001e-006            -0.27129            1.52472e-006            -0.291918            2.24042e-006            -0.307479
            -2.23103            9.75037e-006            -2.23104            1.81318e-006            -0.278044            1.99262e-006            -0.338631            1.70965e-006            -0.27129            1.71496e-006            -0.291918            2.51995e-006            -0.307479
