-21598.8  1266.15  0
-21598.8  1266.15  1
-21598.8  1266.15  2
-21598.8  1266.15  3
-21598.8  1266.15  4
-21598.8  1266.15  5
-21598.8  1266.15  6
-21598.8  1266.15  7
-21598.8  1266.15  8
-21598.8  1266.15  9
-21598.8  1266.15  10
-21598.8  1266.15  11
-21598.8  1266.15  12
-21598.8  1266.15  13
-21598.8  1266.15  14
-21598.8  1266.15  15
-21598.8  1266.15  16
-21598.8  1266.15  17
-21598.8  1266.15  18
-21598.8  1266.15  19
-21598.8  1266.15  20
-21598.8  1266.15  21
-21598.8  1266.15  22
-21598.8  1266.15  23
-21598.8  1266.15  24
-21598.8  1266.15  25
-21598.8  1266.15  26
-21598.8  1266.15  27
-21598.8  1266.15  28
-21598.8  1266.15  29
-21598.8  1266.15  30
-21598.8  1266.15  31
-21598.8  1266.15  32
-21598.8  1266.15  33
-21598.8  1266.15  34
-21598.8  1266.15  35
-21598.8  1266.15  36
-21598.8  1266.15  37
-21598.8  1266.15  38
-21598.8  1266.15  39
-21598.8  1266.15  40
-21598.8  1266.15  41
-21598.8  1266.15  42
-21598.8  1266.15  43
-21598.8  1266.15  44
-21598.8  1266.15  45
-21598.8  1266.15  46
-21598.8  1266.15  47
-21598.8  1266.15  48
-21598.8  1266.15  49
-21598.8  1266.15  50
-21598.8  1266.15  51
-21598.8  1266.15  52
-21598.8  1266.15  53
-21598.8  1266.15  54
-21598.8  1266.15  55
-21598.8  1266.15  56
-21598.8  1266.15  57
-21598.8  1266.15  58
-21598.8  1266.15  59
-21598.8  1266.15  60
-21598.8  1266.15  61
-21598.8  1266.15  62
-21598.8  1266.15  63
-21598.8  1266.15  64
-21598.8  1266.15  65
-21598.8  1266.15  66
-21598.8  1266.15  67
-21598.8  1266.15  68
-21598.8  1266.15  69
-21598.8  1266.15  70
-21598.8  1266.15  71
-21598.8  1266.15  72
-21598.8  1266.15  73
-21598.8  1266.15  74
-21598.8  1266.15  75
-21598.8  1266.15  76
-21598.8  1266.15  77
-21598.8  1266.15  78
-21598.8  1266.15  79
-21598.8  1266.15  80
-21598.8  1266.15  81
-21598.8  1266.15  82
-21598.8  1266.15  83
-21598.8  1266.15  84
-21598.8  1266.15  85
-21598.8  1266.15  86
-21598.8  1266.15  87
-21598.8  1266.15  88
-21598.8  1266.15  89
-21598.8  1266.15  90
-21598.8  1266.15  91
-21598.8  1266.15  92
-21598.8  1266.15  93
-21598.8  1266.15  94
-21598.8  1266.15  95
-21598.8  1266.15  96
-21598.8  1266.15  97
-21598.8  1266.15  98
-21598.8  1266.15  99
-21598.8  1266.15  100
-21598.8  1266.15  101
-21598.8  1266.15  102
-21598.8  1266.15  103
-21598.8  1266.15  104
-21598.8  1266.15  105
-21598.8  1266.15  106
-21598.8  1266.15  107
-21598.8  1266.15  108
-21598.8  1266.15  109
-21598.8  1266.15  110
-21598.8  1266.15  111
-21598.8  1266.15  112
-21598.8  1266.15  113
-21598.8  1266.15  114
-21598.8  1266.15  115
-21598.8  1266.15  116
-21598.8  1266.15  117
-21598.8  1266.15  118
-21598.8  1266.15  119
-21598.8  1266.15  120
-21598.8  1266.15  121
-21598.8  1266.15  122
-21598.8  1266.15  123
-21598.8  1266.15  124
-21598.8  1266.15  125
-21598.8  1266.15  126
-21598.8  1266.15  127
-21598.8  1266.15  128
-21598.8  1266.15  129
-21598.8  1266.15  130
-21598.8  1266.15  131
-21598.8  1266.15  132
-21598.8  1266.15  133
-21598.8  1266.15  134
-21598.8  1266.15  135
-21598.8  1266.15  136
-21598.8  1266.15  137
-21598.8  1266.15  138
-21598.8  1266.15  139
-21598.8  1266.15  140
-21598.8  1266.15  141
-21598.8  1266.15  142
-21598.8  1266.15  143
-21598.8  1266.15  144
-21598.8  1266.15  145
-21598.8  1266.15  146
-21598.8  1266.15  147
-21598.8  1266.15  148
-21598.8  1266.15  149
-21598.8  1266.15  150
-21598.8  1266.15  151
-21598.8  1266.15  152
-21598.8  1266.15  153
-21598.8  1266.15  154
-21598.8  1266.15  155
-21598.8  1266.15  156
-21598.8  1266.15  157
-21598.8  1266.15  158
-21598.8  1266.15  159
-21598.8  1266.15  160
-21598.8  1266.15  161
-21598.8  1266.15  162
-21598.8  1266.15  163
-21598.8  1266.15  164
-21598.8  1266.15  165
-21598.8  1266.15  166
-21598.8  1266.15  167
-21598.8  1266.15  168
-21598.8  1266.15  169
-21598.8  1266.15  170
-21598.8  1266.15  171
-21598.8  1266.15  172
-21598.8  1266.15  173
-21598.8  1266.15  174
-21598.8  1266.15  175
-21598.8  1266.15  176
-21598.8  1266.15  177
-21598.8  1266.15  178
-21598.8  1266.15  179
-21598.8  1266.15  180
-21598.8  1266.15  181
-21598.8  1266.15  182
-21598.8  1266.15  183
-21598.8  1266.15  184
-21598.8  1266.15  185
-21598.8  1266.15  186
-21598.8  1266.15  187
-21598.8  1266.15  188
-21598.8  1266.15  189
-21598.8  1266.15  190
-21598.8  1266.15  191
-21598.8  1266.15  192
-21598.8  1266.15  193
-21598.8  1266.15  194
-21598.8  1266.15  195
-21598.8  1266.15  196
-21598.8  1266.15  197
-21598.8  1266.15  198
-21598.8  1266.15  199
-21598.8  1266.15  200
-21598.8  1266.15  201
-21598.8  1266.15  202
-21598.8  1266.15  203
-21598.8  1266.15  204
-21598.8  1266.15  205
-21598.8  1266.15  206
-21598.8  1266.15  207
-21598.8  1266.15  208
-21598.8  1266.15  209
-21598.8  1266.15  210
-21598.8  1266.15  211
-21598.8  1266.15  212
-21598.8  1266.15  213
-21598.8  1266.15  214
-21598.8  1266.15  215
-21598.8  1266.15  216
-21598.8  1266.15  217
-21598.8  1266.15  218
-21598.8  1266.15  219
-21598.8  1266.15  220
-21598.8  1266.15  221
-21598.8  1266.15  222
-21598.8  1266.15  223
-21598.8  1266.15  224
-21598.8  1266.15  225
-21598.8  1266.15  226
-21598.8  1266.15  227
-21598.8  1266.15  228
-21598.8  1266.15  229
-21598.8  1266.15  230
-21598.8  1266.15  231
-21598.8  1266.15  232
-21598.8  1266.15  233
-21598.8  1266.15  234
-21598.8  1266.15  235
-21598.8  1266.15  236
-21598.8  1266.15  237
-21598.8  1266.15  238
-21598.8  1266.15  239
-21598.8  1266.15  240
-21598.8  1266.15  241
-21598.8  1266.15  242
-21598.8  1266.15  243
-21598.8  1266.15  244
-21598.8  1266.15  245
-21598.8  1266.15  246
-21598.8  1266.15  247
-21598.8  1266.15  248
-21598.8  1266.15  249
-21598.8  1266.15  250
-21598.8  1266.15  251
-21598.8  1266.15  252
-21598.8  1266.15  253
-21598.8  1266.15  254
-21598.8  1266.15  255
-21598.8  1266.15  256
-21598.8  1266.15  257
-21598.8  1266.15  258
-21598.8  1266.15  259
-21598.8  1266.15  260
-21598.8  1266.15  261
-21598.8  1266.15  262
-21598.8  1266.15  263
-21598.8  1266.15  264
-21598.8  1266.15  265
-21598.8  1266.15  266
-21598.8  1266.15  267
-21598.8  1266.15  268
-21598.8  1266.15  269
-21598.8  1266.15  270
-21598.8  1266.15  271
-21598.8  1266.15  272
-21598.8  1266.15  273
-21598.8  1266.15  274
-21598.8  1266.15  275
-21598.8  1266.15  276
-21598.8  1266.15  277
-21598.8  1266.15  278
-21598.8  1266.15  279
-21598.8  1266.15  280
-21598.8  1266.15  281
-21598.8  1266.15  282
-21598.8  1266.15  283
-21598.8  1266.15  284
-21598.8  1266.15  285
-21598.8  1266.15  286
-21598.8  1266.15  287
-21598.8  1266.15  288
-21598.8  1266.15  289
-21598.8  1266.15  290
-21598.8  1266.15  291
-21598.8  1266.15  292
-21598.8  1266.15  293
-21598.8  1266.15  294
-21598.8  1266.15  295
-21598.8  1266.15  296
-21598.8  1266.15  297
-21598.8  1266.15  298
-21598.8  1266.15  299
-21598.8  1266.15  300
-21598.8  1266.15  301
-21598.8  1266.15  302
-21598.8  1266.15  303
-21598.8  1266.15  304
-21598.8  1266.15  305
-21598.8  1266.15  306
-21598.8  1266.15  307
-21598.8  1266.15  308
-21598.8  1266.15  309
-21598.8  1266.15  310
-21598.8  1266.15  311
-21598.8  1266.15  312
-21598.8  1266.15  313
-21598.8  1266.15  314
-21598.8  1266.15  315
-21598.8  1266.15  316
-21598.8  1266.15  317
-21598.8  1266.15  318
-21598.8  1266.15  319
-21598.8  1266.15  320
-21598.8  1266.15  321
-21598.8  1266.15  322
-21598.8  1266.15  323
-21598.8  1266.15  324
-21598.8  1266.15  325
-21598.8  1266.15  326
-21598.8  1266.15  327
-21598.8  1266.15  328
-21598.8  1266.15  329
-21598.8  1266.15  330
-21598.8  1266.15  331
-21598.8  1266.15  332
-21598.8  1266.15  333
-21598.8  1266.15  334
-21598.8  1266.15  335
-21598.8  1266.15  336
-21598.8  1266.15  337
-21598.8  1266.15  338
-21598.8  1266.15  339
-21598.8  1266.15  340
-21598.8  1266.15  341
-21598.8  1266.15  342
-21598.8  1266.15  343
-21598.8  1266.15  344
-21598.8  1266.15  345
-21598.8  1266.15  346
-21598.8  1266.15  347
-21598.8  1266.15  348
-21598.8  1266.15  349
-21598.8  1266.15  350
-21598.8  1266.15  351
-21598.8  1266.15  352
-21598.8  1266.15  353
-21598.8  1266.15  354
-21598.8  1266.15  355
-21598.8  1266.15  356
-21598.8  1266.15  357
-21598.8  1266.15  358
-21598.8  1266.15  359
-21598.8  1266.15  360
-21598.8  1266.15  361
-21598.8  1266.15  362
-21598.8  1266.15  363
-21598.8  1266.15  364
-21598.8  1266.15  365
-21598.8  1266.15  366
-21598.8  1266.15  367
-21598.8  1266.15  368
-21598.8  1266.15  369
-21598.8  1266.15  370
-21598.8  1266.15  371
-21598.8  1266.15  372
-21598.8  1266.15  373
-21598.8  1266.15  374
-21598.8  1266.15  375
-21598.8  1266.15  376
-21598.8  1266.15  377
-21598.8  1266.15  378
-21598.8  1266.15  379
-21598.8  1266.15  380
-21598.8  1266.15  381
-21598.8  1266.15  382
-21598.8  1266.15  383
-21598.8  1266.15  384
-21598.8  1266.15  385
-21598.8  1266.15  386
-21598.8  1266.15  387
-21598.8  1266.15  388
-21598.8  1266.15  389
-21598.8  1266.15  390
-21598.8  1266.15  391
-21598.8  1266.15  392
-21598.8  1266.15  393
-21598.8  1266.15  394
-21598.8  1266.15  395
-21598.8  1266.15  396
-21598.8  1266.15  397
-21598.8  1266.15  398
-21598.8  1266.15  399
-21598.8  1266.15  400
-21598.8  1266.15  401
-21598.8  1266.15  402
-21598.8  1266.15  403
-21598.8  1266.15  404
-21598.8  1266.15  405
-21598.8  1266.15  406
-21598.8  1266.15  407
-21598.8  1266.15  408
-21598.8  1266.15  409
-21598.8  1266.15  410
-21598.8  1266.15  411
-21598.8  1266.15  412
-21598.8  1266.15  413
-21598.8  1266.15  414
-21598.8  1266.15  415
-21598.8  1266.15  416
-21598.8  1266.15  417
-21598.8  1266.15  418
-21598.8  1266.15  419
-21598.8  1266.15  420
-21598.8  1266.15  421
-21598.8  1266.15  422
-21598.8  1266.15  423
-21598.8  1266.15  424
-21598.8  1266.15  425
-21598.8  1266.15  426
-21598.8  1266.15  427
-21598.8  1266.15  428
-21598.8  1266.15  429
-21598.8  1266.15  430
-21598.8  1266.15  431
-21598.8  1266.15  432
-21598.8  1266.15  433
-21598.8  1266.15  434
-21598.8  1266.15  435
-21598.8  1266.15  436
-21598.8  1266.15  437
-21598.8  1266.15  438
-21598.8  1266.15  439
-21598.8  1266.15  440
-21598.8  1266.15  441
-21598.8  1266.15  442
-21598.8  1266.15  443
-21598.8  1266.15  444
-21598.8  1266.15  445
-21598.8  1266.15  446
-21598.8  1266.15  447
-21598.8  1266.15  448
-21598.8  1266.15  449
-21598.8  1266.15  450
-21598.8  1266.15  451
-21598.8  1266.15  452
-21598.8  1266.15  453
-21598.8  1266.15  454
-21598.8  1266.15  455
-21598.8  1266.15  456
-21598.8  1266.15  457
-21598.8  1266.15  458
-21598.8  1266.15  459
-21598.8  1266.15  460
-21598.8  1266.15  461
-21598.8  1266.15  462
-21598.8  1266.15  463
-21598.8  1266.15  464
-21598.8  1266.15  465
-21598.8  1266.15  466
-21598.8  1266.15  467
-21598.8  1266.15  468
-21598.8  1266.15  469
-21598.8  1266.15  470
-21598.8  1266.15  471
-21598.8  1266.15  472
-21598.8  1266.15  473
-21598.8  1266.15  474
-21598.8  1266.15  475
-21598.8  1266.15  476
-21598.8  1266.15  477
-21598.8  1266.15  478
-21598.8  1266.15  479
-21598.8  1266.15  480
-21598.8  1266.15  481
-21598.8  1266.15  482
-21598.8  1266.15  483
-21598.8  1266.15  484
-21598.8  1266.15  485
-21598.8  1266.15  486
-21598.8  1266.15  487
-21598.8  1266.15  488
-21598.8  1266.15  489
-21598.8  1266.15  490
-21598.8  1266.15  491
-21598.8  1266.15  492
-21598.8  1266.15  493
-21598.8  1266.15  494
-21598.8  1266.15  495
-21598.8  1266.15  496
-21598.8  1266.15  497
-21598.8  1266.15  498
-21598.8  1266.15  499
-21598.8  1266.15  500
-21598.8  1266.15  501
-21598.8  1266.15  502
-21598.8  1266.15  503
-21598.8  1266.15  504
-21598.8  1266.15  505
-21598.8  1266.15  506
-21598.8  1266.15  507
-21598.8  1266.15  508
-21598.8  1266.15  509
-21598.8  1266.15  510
-21598.8  1266.15  511
-21598.8  1266.15  512
-21598.8  1266.15  513
-21598.8  1266.15  514
-21598.8  1266.15  515
-21598.8  1266.15  516
-21598.8  1266.15  517
-21598.8  1266.15  518
-21598.8  1266.15  519
-21598.8  1266.15  520
-21598.8  1266.15  521
-21598.8  1266.15  522
-21598.8  1266.15  523
-21598.8  1266.15  524
-21598.8  1266.15  525
-21598.8  1266.15  526
-21598.8  1266.15  527
-21598.8  1266.15  528
-21598.8  1266.15  529
-21598.8  1266.15  530
-21598.8  1266.15  531
-21598.8  1266.15  532
-21598.8  1266.15  533
-21598.8  1266.15  534
-21598.8  1266.15  535
-21598.8  1266.15  536
-21598.8  1266.15  537
-21598.8  1266.15  538
-21598.8  1266.15  539
-21598.8  1266.15  540
-21598.8  1266.15  541
-21598.8  1266.15  542
-21598.8  1266.15  543
-21598.8  1266.15  544
-21598.8  1266.15  545
-21598.8  1266.15  546
-21598.8  1266.15  547
-21598.8  1266.15  548
-21598.8  1266.15  549
-21598.8  1266.15  550
-21598.8  1266.15  551
-21598.8  1266.15  552
-21598.8  1266.15  553
-21598.8  1266.15  554
-21598.8  1266.15  555
-21598.8  1266.15  556
-21598.8  1266.15  557
-21598.8  1266.15  558
-21598.8  1266.15  559
-21598.8  1266.15  560
-21598.8  1266.15  561
-21598.8  1266.15  562
-21598.8  1266.15  563
-21598.8  1266.15  564
-21598.8  1266.15  565
-21598.8  1266.15  566
-21598.8  1266.15  567
-21598.8  1266.15  568
-21598.8  1266.15  569
-21598.8  1266.15  570
-21598.8  1266.15  571
-21598.8  1266.15  572
-21598.8  1266.15  573
-21598.8  1266.15  574
-21598.8  1266.15  575
-21598.8  1266.15  576
-21598.8  1266.15  577
-21598.8  1266.15  578
-21598.8  1266.15  579
-21598.8  1266.15  580
-21598.8  1266.15  581
-21598.8  1266.15  582
-21598.8  1266.15  583
-21598.8  1266.15  584
-21598.8  1266.15  585
-21598.8  1266.15  586
-21598.8  1266.15  587
-21598.8  1266.15  588
-21598.8  1266.15  589
-21598.8  1266.15  590
-21598.8  1266.15  591
-21598.8  1266.15  592
-21598.8  1266.15  593
-21598.8  1266.15  594
-21598.8  1266.15  595
-21598.8  1266.15  596
-21598.8  1266.15  597
-21598.8  1266.15  598
-21598.8  1266.15  599
-21598.8  1266.15  600
-21598.8  1266.15  601
-21598.8  1266.15  602
-21598.8  1266.15  603
-21598.8  1266.15  604
-21598.8  1266.15  605
-21598.8  1266.15  606
-21598.8  1266.15  607
-21598.8  1266.15  608
-21598.8  1266.15  609
-21598.8  1266.15  610
-21598.8  1266.15  611
-21598.8  1266.15  612
-21598.8  1266.15  613
-21598.8  1266.15  614
-21598.8  1266.15  615
-21598.8  1266.15  616
-21598.8  1266.15  617
-21598.8  1266.15  618
-21598.8  1266.15  619
-21598.8  1266.15  620
-21598.8  1266.15  621
-21598.8  1266.15  622
-21598.8  1266.15  623
-21598.8  1266.15  624
-21598.8  1266.15  625
-21598.8  1266.15  626
-21598.8  1266.15  627
-21598.8  1266.15  628
-21598.8  1266.15  629
-21598.8  1266.15  630
-21598.8  1266.15  631
-21598.8  1266.15  632
-21598.8  1266.15  633
-21598.8  1266.15  634
-21598.8  1266.15  635
-21598.8  1266.15  636
-21598.8  1266.15  637
-21598.8  1266.15  638
-21598.8  1266.15  639
-21598.8  1266.15  640
-21598.8  1266.15  641
-21598.8  1266.15  642
-21598.8  1266.15  643
-21598.8  1266.15  644
-21598.8  1266.15  645
-21598.8  1266.15  646
-21598.8  1266.15  647
-21598.8  1266.15  648
-21598.8  1266.15  649
-21598.8  1266.15  650
-21598.8  1266.15  651
-21598.8  1266.15  652
-21598.8  1266.15  653
-21598.8  1266.15  654
-21598.8  1266.15  655
-21598.8  1266.15  656
-21598.8  1266.15  657
-21598.8  1266.15  658
-21598.8  1266.15  659
-21598.8  1266.15  660
-21598.8  1266.15  661
-21598.8  1266.15  662
-21598.8  1266.15  663
-21598.8  1266.15  664
-21598.8  1266.15  665
-21598.8  1266.15  666
-21598.8  1266.15  667
-21598.8  1266.15  668
-21598.8  1266.15  669
-21598.8  1266.15  670
-21598.8  1266.15  671
-21598.8  1266.15  672
-21598.8  1266.15  673
-21598.8  1266.15  674
-21598.8  1266.15  675
-21598.8  1266.15  676
-21598.8  1266.15  677
-21598.8  1266.15  678
-21598.8  1266.15  679
-21598.8  1266.15  680
-21598.8  1266.15  681
-21598.8  1266.15  682
-21598.8  1266.15  683
-21598.8  1266.15  684
-21598.8  1266.15  685
-21598.8  1266.15  686
-21598.8  1266.15  687
-21598.8  1266.15  688
-21598.8  1266.15  689
-21598.8  1266.15  690
-21598.8  1266.15  691
-21598.8  1266.15  692
-21598.8  1266.15  693
-21598.8  1266.15  694
-21598.8  1266.15  695
-21598.8  1266.15  696
-21598.8  1266.15  697
-21598.8  1266.15  698
-21598.8  1266.15  699
-21598.8  1266.15  700
-21598.8  1266.15  701
-21598.8  1266.15  702
-21598.8  1266.15  703
-21598.8  1266.15  704
-21598.8  1266.15  705
-21598.8  1266.15  706
-21598.8  1266.15  707
-21598.8  1266.15  708
-21598.8  1266.15  709
-21598.8  1266.15  710
-21598.8  1266.15  711
-21598.8  1266.15  712
-21598.8  1266.15  713
-21598.8  1266.15  714
-21598.8  1266.15  715
-21598.8  1266.15  716
-21598.8  1266.15  717
-21598.8  1266.15  718
-21598.8  1266.15  719
-21598.8  1266.15  720
-21598.8  1266.15  721
-21598.8  1266.15  722
-21598.8  1266.15  723
-21598.8  1266.15  724
-21598.8  1266.15  725
-21598.8  1266.15  726
-21598.8  1266.15  727
-21598.8  1266.15  728
-21598.8  1266.15  729
-21598.8  1266.15  730
-21598.8  1266.15  731
-21598.8  1266.15  732
-21598.8  1266.15  733
-21598.8  1266.15  734
-21598.8  1266.15  735
-21598.8  1266.15  736
-21598.8  1266.15  737
-21598.8  1266.15  738
-21598.8  1266.15  739
-21598.8  1266.15  740
-21598.8  1266.15  741
-21598.8  1266.15  742
-21598.8  1266.15  743
-21598.8  1266.15  744
-21598.8  1266.15  745
-21598.8  1266.15  746
-21598.8  1266.15  747
-21598.8  1266.15  748
-21598.8  1266.15  749
-21598.8  1266.15  750
-21598.8  1266.15  751
-21598.8  1266.15  752
-21598.8  1266.15  753
-21598.8  1266.15  754
-21598.8  1266.15  755
-21598.8  1266.15  756
-21598.8  1266.15  757
-21598.8  1266.15  758
-21598.8  1266.15  759
-21598.8  1266.15  760
-21598.8  1266.15  761
-21598.8  1266.15  762
-21598.8  1266.15  763
-21598.8  1266.15  764
-21598.8  1266.15  765
-21598.8  1266.15  766
-21598.8  1266.15  767
-21598.8  1266.15  768
-21598.8  1266.15  769
-21598.8  1266.15  770
-21598.8  1266.15  771
-21598.8  1266.15  772
-21598.8  1266.15  773
-21598.8  1266.15  774
-21598.8  1266.15  775
-21598.8  1266.15  776
-21598.8  1266.15  777
-21598.8  1266.15  778
-21598.8  1266.15  779
-21598.8  1266.15  780
-21598.8  1266.15  781
-21598.8  1266.15  782
-21598.8  1266.15  783
-21598.8  1266.15  784
-21598.8  1266.15  785
-21598.8  1266.15  786
-21598.8  1266.15  787
-21598.8  1266.15  788
-21598.8  1266.15  789
-21598.8  1266.15  790
-21598.8  1266.15  791
-21598.8  1266.15  792
-21598.8  1266.15  793
-21598.8  1266.15  794
-21598.8  1266.15  795
-21598.8  1266.15  796
-21598.8  1266.15  797
-21598.8  1266.15  798
-21598.8  1266.15  799
-21598.8  1266.15  800
-21598.8  1266.15  801
-21598.8  1266.15  802
-21598.8  1266.15  803
-21598.8  1266.15  804
-21598.8  1266.15  805
-21598.8  1266.15  806
-21598.8  1266.15  807
-21598.8  1266.15  808
-21598.8  1266.15  809
-21598.8  1266.15  810
-21598.8  1266.15  811
-21598.8  1266.15  812
-21598.8  1266.15  813
-21598.8  1266.15  814
-21598.8  1266.15  815
-21598.8  1266.15  816
-21598.8  1266.15  817
-21598.8  1266.15  818
-21598.8  1266.15  819
-21598.8  1266.15  820
-21598.8  1266.15  821
-21598.8  1266.15  822
-21598.8  1266.15  823
-21598.8  1266.15  824
-21598.8  1266.15  825
-21598.8  1266.15  826
-21598.8  1266.15  827
-21598.8  1266.15  828
-21598.8  1266.15  829
-21598.8  1266.15  830
-21598.8  1266.15  831
-21598.8  1266.15  832
-21598.8  1266.15  833
-21598.8  1266.15  834
-21598.8  1266.15  835
-21598.8  1266.15  836
-21598.8  1266.15  837
-21598.8  1266.15  838
-21598.8  1266.15  839
-21598.8  1266.15  840
-21598.8  1266.15  841
-21598.8  1266.15  842
-21598.8  1266.15  843
-21598.8  1266.15  844
-21598.8  1266.15  845
-21598.8  1266.15  846
-21598.8  1266.15  847
-21598.8  1266.15  848
-21598.8  1266.15  849
-21598.8  1266.15  850
-21598.8  1266.15  851
-21598.8  1266.15  852
-21598.8  1266.15  853
-21598.8  1266.15  854
-21598.8  1266.15  855
-21598.8  1266.15  856
-21598.8  1266.15  857
-21598.8  1266.15  858
-21598.8  1266.15  859
-21598.8  1266.15  860
-21598.8  1266.15  861
-21598.8  1266.15  862
-21598.8  1266.15  863
-21598.8  1266.15  864
-21598.8  1266.15  865
-21598.8  1266.15  866
-21598.8  1266.15  867
-21598.8  1266.15  868
-21598.8  1266.15  869
-21598.8  1266.15  870
-21598.8  1266.15  871
-21598.8  1266.15  872
-21598.8  1266.15  873
-21598.8  1266.15  874
-21598.8  1266.15  875
-21598.8  1266.15  876
-21598.8  1266.15  877
-21598.8  1266.15  878
-21598.8  1266.15  879
-21598.8  1266.15  880
-21598.8  1266.15  881
-21598.8  1266.15  882
-21598.8  1266.15  883
-21598.8  1266.15  884
-21598.8  1266.15  885
-21598.8  1266.15  886
-21598.8  1266.15  887
-21598.8  1266.15  888
-21598.8  1266.15  889
-21598.8  1266.15  890
-21598.8  1266.15  891
-21598.8  1266.15  892
-21598.8  1266.15  893
-21598.8  1266.15  894
-21598.8  1266.15  895
-21598.8  1266.15  896
-21598.8  1266.15  897
-21598.8  1266.15  898
-21598.8  1266.15  899
-21598.8  1266.15  900
-21598.8  1266.15  901
-21598.8  1266.15  902
-21598.8  1266.15  903
-21598.8  1266.15  904
-21598.8  1266.15  905
-21598.8  1266.15  906
-21598.8  1266.15  907
-21598.8  1266.15  908
-21598.8  1266.15  909
-21598.8  1266.15  910
-21598.8  1266.15  911
-21598.8  1266.15  912
-21598.8  1266.15  913
-21598.8  1266.15  914
-21598.8  1266.15  915
-21598.8  1266.15  916
-21598.8  1266.15  917
-21598.8  1266.15  918
-21598.8  1266.15  919
-21598.8  1266.15  920
-21598.8  1266.15  921
-21598.8  1266.15  922
-21598.8  1266.15  923
-21598.8  1266.15  924
-21598.8  1266.15  925
-21598.8  1266.15  926
-21598.8  1266.15  927
-21598.8  1266.15  928
-21598.8  1266.15  929
-21598.8  1266.15  930
-21598.8  1266.15  931
-21598.8  1266.15  932
-21598.8  1266.15  933
-21598.8  1266.15  934
-21598.8  1266.15  935
-21598.8  1266.15  936
-21598.8  1266.15  937
-21598.8  1266.15  938
-21598.8  1266.15  939
-21598.8  1266.15  940
-21598.8  1266.15  941
-21598.8  1266.15  942
-21598.8  1266.15  943
-21598.8  1266.15  944
-21598.8  1266.15  945
-21598.8  1266.15  946
-21598.8  1266.15  947
-21598.8  1266.15  948
-21598.8  1266.15  949
-21598.8  1266.15  950
-21598.8  1266.15  951
-21598.8  1266.15  952
-21598.8  1266.15  953
-21598.8  1266.15  954
-21598.8  1266.15  955
-21598.8  1266.15  956
-21598.8  1266.15  957
-21598.8  1266.15  958
-21598.8  1266.15  959
-21598.8  1266.15  960
-21598.8  1266.15  961
-21598.8  1266.15  962
-21598.8  1266.15  963
-21598.8  1266.15  964
-21598.8  1266.15  965
-21598.8  1266.15  966
-21598.8  1266.15  967
-21598.8  1266.15  968
-21598.8  1266.15  969
-21598.8  1266.15  970
-21598.8  1266.15  971
-21598.8  1266.15  972
-21598.8  1266.15  973
-21598.8  1266.15  974
-21598.8  1266.15  975
-21598.8  1266.15  976
-21598.8  1266.15  977
-21598.8  1266.15  978
-21598.8  1266.15  979
-21598.8  1266.15  980
-21598.8  1266.15  981
-21598.8  1266.15  982
-21598.8  1266.15  983
-21598.8  1266.15  984
-21598.8  1266.15  985
-21598.8  1266.15  986
-21598.8  1266.15  987
-21598.8  1266.15  988
-21598.8  1266.15  989
-21598.8  1266.15  990
-21598.8  1266.15  991
-21598.8  1266.15  992
-21598.8  1266.15  993
-21598.8  1266.15  994
-21598.8  1266.15  995
-21598.8  1266.15  996
-21598.8  1266.15  997
-21598.8  1266.15  998
-21598.8  1266.15  999
