0.808871  0.586598  5.73387e-07  1.2516e-07
0.308739  0.948231  2.07378e-06  9.25219e-07
-0.309344  0.944807  3.92803e-06  2.82045e-06
-0.806414  0.575015  5.41924e-06  5.81478e-06
-0.986523  -0.0194632  5.95957e-06  9.48317e-06
-0.775516  -0.605163  5.32655e-06  1.31252e-05
-0.254922  -0.948059  3.76477e-06  1.60389e-05
0.367418  -0.909359  1.89775e-06  1.78077e-05
0.840849  -0.504049  4.77453e-07  1.84767e-05
0.974188  0.104313  7.7436e-08  1.85366e-05
0.713245  0.669681  8.60264e-07  1.87255e-05
0.162983  0.962142  2.51105e-06  1.9733e-05
-0.452951  0.860391  4.35885e-06  2.19233e-05
-0.880377  0.403221  5.64113e-06  2.51797e-05
-0.938708  -0.221566  5.81612e-06  2.8939e-05
-0.59993  -0.75132  4.79979e-06  3.24132e-05
-0.00577898  -0.959404  3.01734e-06  3.49225e-05
0.589826  -0.755122  1.23052e-06  3.61946e-05
0.930179  -0.225606  2.09462e-07  3.6491e-05
0.867622  0.400626  3.97135e-07  3.64972e-05
0.428173  0.851613  1.71548e-06  3.70292e-05
-0.197739  0.928857  3.59322e-06  3.86825e-05
-0.734634  0.595088  5.2039e-06  4.15687e-05
-0.941043  -0.00431441  5.82313e-06  4.52519e-05
-0.719874  -0.600118  5.15962e-06  4.89242e-05
-0.168805  -0.918869  3.50642e-06  5.17655e-05
0.459144  -0.811144  1.62257e-06  5.33272e-05
0.871487  -0.32528  3.8554e-07  5.37546e-05
0.873932  0.312107  3.78205e-07  5.37274e-05
0.46342  0.800407  1.60974e-06  5.41474e-05
-0.166966  0.905474  3.5009e-06  5.57172e-05
-0.714619  0.572793  5.14386e-06  5.86002e-05
-0.909932  -0.0395349  5.7298e-06  6.23221e-05
-0.651424  -0.62992  4.95427e-06  6.59783e-05
-0.0647891  -0.899977  3.19437e-06  6.86734e-05
0.552943  -0.708888  1.34117e-06  6.99851e-05
0.882829  -0.152129  3.51512e-07  7.01997e-05
0.75061  0.482063  7.4817e-07  7.01821e-05
0.222307  0.85902  2.33308e-06  7.09362e-05
-0.42284  0.773543  4.26852e-06  7.30776e-05
-0.833812  0.266071  5.50144e-06  7.6485e-05
-0.778034  -0.386866  5.3341e-06  8.03287e-05
-0.280313  -0.816225  3.84094e-06  8.35018e-05
0.376981  -0.770258  1.86906e-06  8.52488e-05
0.808107  -0.270245  5.7568e-07  8.56337e-05
0.751254  0.388966  7.46238e-07  8.55411e-05
0.234466  0.805275  2.2966e-06  8.61771e-05
-0.425343  0.713007  4.27603e-06  8.83388e-05
-0.804817  0.161638  5.41445e-06  9.18779e-05
-0.645124  -0.491693  4.93537e-06  9.57229e-05
-0.0439468  -0.799992  3.13184e-06  9.85327e-05
0.581183  -0.536197  1.25645e-06  9.96263e-05
0.76993  0.11873  6.90211e-07  9.95465e-05
0.365727  0.67215  1.90282e-06  9.97712e-05
-0.324245  0.674842  3.97274e-06  0.000101648
-0.721704  0.104125  5.16511e-06  0.000105245
-0.451161  -0.543099  4.35348e-06  0.000109072
0.25141  -0.629157  2.24577e-06  0.000111215
0.638894  -0.0288818  1.08332e-06  0.000111299
0.205474  0.54634  2.38358e-06  0.000111458
-0.434272  0.228062  4.30282e-06  0.000114298
-0.115837  -0.328972  3.34751e-06  0.000117854
0.497442  0.474662  1.50767e-06  0.000117328
0.599802  1.10706  1.20059e-06  0.000117316
0.563043  1.50168  1.31087e-06  0.000118017
0.469455  1.74911  1.59163e-06  0.00011916
0.343825  1.87891  1.96852e-06  0.000120655
0.198443  1.9014  2.40467e-06  0.000122473
0.0418568  1.81554  2.87443e-06  0.000124615
-0.117091  1.60849  3.35127e-06  0.000127121
-0.263272  1.24606  3.78982e-06  0.000130094
-0.346304  0.626273  4.03891e-06  0.000133838
1.18741  -0.696065  -5.62222e-07  0.00013969
4.09989  -2.31538  -9.29968e-06  0.000146433
6.99204  -3.92315  -1.79761e-05  0.000153141
9.87834  -5.52765  -2.6635e-05  0.00015984
12.7618  -7.13057  -3.52855e-05  0.000166533
15.6437  -8.73257  -4.3931e-05  0.000173224
18.5244  -10.334  -5.25733e-05  0.000179913
21.4044  -11.9349  -6.12132e-05  0.000186601
24.2838  -13.5355  -6.98514e-05  0.000193288
27.1627  -15.1359  -7.84882e-05  0.000199974
30.0413  -16.7361  -8.7124e-05  0.00020666
32.9196  -18.3361  -9.57589e-05  0.000213345
35.7977  -19.936  -0.000104393  0.000220029
38.6755  -21.5358  -0.000113027  0.000226713
41.5532  -23.1354  -0.00012166  0.000233397
44.4307  -24.735  -0.000130292  0.000240081
47.3081  -26.3345  -0.000138924  0.000246765
50.1853  -27.934  -0.000147556  0.000253448
53.0625  -29.5334  -0.000156187  0.000260131
55.9396  -31.1327  -0.000164819  0.000266814
58.8165  -32.732  -0.00017345  0.000273497
61.6934  -34.3312  -0.00018208  0.000280179
64.5703  -35.9304  -0.000190711  0.000286862
67.447  -37.5296  -0.000199341  0.000293545
70.3238  -39.1287  -0.000207971  0.000300227
73.2004  -40.7278  -0.000216601  0.000306909
76.077  -42.3269  -0.000225231  0.000313591
78.9536  -43.926  -0.000233861  0.000320273
81.8301  -45.525  -0.00024249  0.000326956
84.7066  -47.124  -0.00025112  0.000333638
87.583  -48.723  -0.000259749  0.000340319
90.4595  -50.322  -0.000268378  0.000347001
93.3358  -51.9209  -0.000277008  0.000353683
96.2122  -53.5199  -0.000285637  0.000360365
99.0885  -55.1188  -0.000294266  0.000367047
101.965  -56.7177  -0.000302894  0.000373728
104.841  -58.3166  -0.000311523  0.00038041
107.717  -59.9155  -0.000320152  0.000387092
110.594  -61.5143  -0.000328781  0.000393773
113.47  -63.1132  -0.000337409  0.000400455
116.346  -64.712  -0.000346038  0.000407136
119.222  -66.3109  -0.000354666  0.000413818
122.098  -67.9097  -0.000363295  0.000420499
124.974  -69.5085  -0.000371923  0.00042718
127.85  -71.1073  -0.000380551  0.000433862
130.727  -72.7061  -0.00038918  0.000440543
133.603  -74.3049  -0.000397808  0.000447224
136.479  -75.9036  -0.000406436  0.000453906
139.355  -77.5024  -0.000415064  0.000460587
142.231  -79.1012  -0.000423692  0.000467268
145.107  -80.6999  -0.00043232  0.000473949
147.983  -82.2987  -0.000440948  0.00048063
150.859  -83.8974  -0.000449576  0.000487312
153.735  -85.4961  -0.000458204  0.000493993
156.611  -87.0949  -0.000466832  0.000500674
159.487  -88.6936  -0.00047546  0.000507355
162.363  -90.2923  -0.000484088  0.000514036
165.239  -91.891  -0.000492716  0.000520717
168.115  -93.4897  -0.000501344  0.000527398
170.99  -95.0884  -0.000509971  0.000534079
173.866  -96.6871  -0.000518599  0.00054076
176.742  -98.2858  -0.000527227  0.000547441
179.618  -99.8845  -0.000535855  0.000554122
182.494  -101.483  -0.000544482  0.000560803
185.37  -103.082  -0.00055311  0.000567484
188.246  -104.681  -0.000561737  0.000574165
191.122  -106.279  -0.000570365  0.000580846
193.998  -107.878  -0.000578993  0.000587527
196.873  -109.476  -0.00058762  0.000594208
199.749  -111.075  -0.000596248  0.000600889
202.625  -112.674  -0.000604875  0.00060757
205.501  -114.272  -0.000613503  0.000614251
208.377  -115.871  -0.00062213  0.000620932
211.253  -117.47  -0.000630758  0.000627613
214.128  -119.068  -0.000639385  0.000634294
217.004  -120.667  -0.000648013  0.000640974
219.88  -122.266  -0.00065664  0.000647655
222.756  -123.864  -0.000665267  0.000654336
225.632  -125.463  -0.000673895  0.000661017
228.507  -127.062  -0.000682522  0.000667698
231.383  -128.66  -0.000691149  0.000674379
234.259  -130.259  -0.000699777  0.000681059
237.135  -131.857  -0.000708404  0.00068774
240.01  -133.456  -0.000717031  0.000694421
242.886  -135.055  -0.000725659  0.000701102
245.762  -136.653  -0.000734286  0.000707783
248.638  -138.252  -0.000742913  0.000714463
251.513  -139.85  -0.00075154  0.000721144
254.389  -141.449  -0.000760168  0.000727825
257.265  -143.048  -0.000768795  0.000734506
260.141  -144.646  -0.000777422  0.000741186
263.016  -146.245  -0.000786049  0.000747867
265.892  -147.843  -0.000794676  0.000754548
268.768  -149.442  -0.000803304  0.000761229
271.644  -151.041  -0.000811931  0.000767909
274.519  -152.639  -0.000820558  0.00077459
277.395  -154.238  -0.000829185  0.000781271
280.271  -155.836  -0.000837812  0.000787951
283.146  -157.435  -0.000846439  0.000794632
286.022  -159.033  -0.000855067  0.000801313
288.898  -160.632  -0.000863694  0.000807993
291.774  -162.231  -0.000872321  0.000814674
294.649  -163.829  -0.000880948  0.000821355
297.525  -165.428  -0.000889575  0.000828035
300.401  -167.026  -0.000898202  0.000834716
303.276  -168.625  -0.000906829  0.000841397
306.152  -170.223  -0.000915456  0.000848077
309.028  -171.822  -0.000924083  0.000854758
311.903  -173.421  -0.00093271  0.000861439
314.779  -175.019  -0.000941337  0.000868119
317.655  -176.618  -0.000949964  0.0008748
320.53  -178.216  -0.000958591  0.000881481
323.406  -179.815  -0.000967218  0.000888161
326.282  -181.413  -0.000975845  0.000894842
329.157  -183.012  -0.000984472  0.000901522
332.033  -184.61  -0.000993099  0.000908203
334.909  -186.209  -0.00100173  0.000914884
337.784  -187.808  -0.00101035  0.000921564
340.66  -189.406  -0.00101898  0.000928245
343.536  -191.005  -0.00102761  0.000934925
346.411  -192.603  -0.00103623  0.000941606
349.287  -194.202  -0.00104486  0.000948287
352.163  -195.8  -0.00105349  0.000954967
355.038  -197.399  -0.00106211  0.000961648
357.914  -198.997  -0.00107074  0.000968328
360.79  -200.596  -0.00107937  0.000975009
363.665  -202.194  -0.001088  0.00098169
366.541  -203.793  -0.00109662  0.00098837
369.416  -205.392  -0.00110525  0.000995051
372.292  -206.99  -0.00111388  0.00100173
375.168  -208.589  -0.0011225  0.00100841
378.043  -210.187  -0.00113113  0.00101509
380.919  -211.786  -0.00113976  0.00102177
383.795  -213.384  -0.00114838  0.00102845
386.67  -214.983  -0.00115701  0.00103513
389.546  -216.581  -0.00116564  0.00104181
392.421  -218.18  -0.00117426  0.0010485
395.297  -219.778  -0.00118289  0.00105518
398.173  -221.377  -0.00119152  0.00106186
401.048  -222.975  -0.00120014  0.00106854
403.924  -224.574  -0.00120877  0.00107522
406.799  -226.172  -0.0012174  0.0010819
409.675  -227.771  -0.00122603  0.00108858
412.551  -229.369  -0.00123465  0.00109526
415.426  -230.968  -0.00124328  0.00110194
418.302  -232.567  -0.00125191  0.00110862
421.177  -234.165  -0.00126053  0.0011153
424.053  -235.764  -0.00126916  0.00112198
426.929  -237.362  -0.00127779  0.00112866
429.804  -238.961  -0.00128641  0.00113534
432.68  -240.559  -0.00129504  0.00114202
435.555  -242.158  -0.00130367  0.0011487
438.431  -243.756  -0.00131229  0.00115538
441.307  -245.355  -0.00132092  0.00116206
444.182  -246.953  -0.00132955  0.00116874
447.058  -248.552  -0.00133817  0.00117542
449.933  -250.15  -0.0013468  0.00118211
452.809  -251.749  -0.00135543  0.00118879
455.685  -253.347  -0.00136405  0.00119547
458.56  -254.946  -0.00137268  0.00120215
461.436  -256.544  -0.00138131  0.00120883
464.311  -258.143  -0.00138993  0.00121551
467.187  -259.741  -0.00139856  0.00122219
470.062  -261.34  -0.00140719  0.00122887
472.938  -262.938  -0.00141581  0.00123555
475.814  -264.537  -0.00142444  0.00124223
478.689  -266.135  -0.00143307  0.00124891
481.565  -267.734  -0.00144169  0.00125559
484.44  -269.332  -0.00145032  0.00126227
487.316  -270.931  -0.00145895  0.00126895
490.192  -272.529  -0.00146757  0.00127563
493.067  -274.128  -0.0014762  0.00128231
495.943  -275.726  -0.00148483  0.00128899
498.818  -277.325  -0.00149345  0.00129567
501.694  -278.923  -0.00150208  0.00130235
504.569  -280.522  -0.00151071  0.00130903
507.445  -282.12  -0.00151933  0.00131571
510.32  -283.719  -0.00152796  0.0013224
513.196  -285.317  -0.00153659  0.00132908
516.072  -286.916  -0.00154521  0.00133576
518.947  -288.514  -0.00155384  0.00134244
521.823  -290.113  -0.00156247  0.00134912
524.698  -291.711  -0.00157109  0.0013558
527.574  -293.31  -0.00157972  0.00136248
530.449  -294.908  -0.00158835  0.00136916
533.325  -296.507  -0.00159697  0.00137584
536.2  -298.105  -0.0016056  0.00138252
539.076  -299.704  -0.00161423  0.0013892
541.952  -301.302  -0.00162285  0.00139588
544.827  -302.901  -0.00163148  0.00140256
547.703  -304.499  -0.00164011  0.00140924
550.578  -306.098  -0.00164873  0.00141592
553.454  -307.696  -0.00165736  0.0014226
556.329  -309.295  -0.00166599  0.00142928
559.205  -310.893  -0.00167461  0.00143596
562.08  -312.492  -0.00168324  0.00144264
564.956  -314.09  -0.00169187  0.00144932
567.832  -315.689  -0.00170049  0.001456
570.707  -317.287  -0.00170912  0.00146268
573.583  -318.886  -0.00171775  0.00146936
576.458  -320.484  -0.00172637  0.00147605
579.334  -322.083  -0.001735  0.00148273
582.209  -323.681  -0.00174363  0.00148941
585.085  -325.28  -0.00175225  0.00149609
587.96  -326.878  -0.00176088  0.00150277
590.836  -328.477  -0.00176951  0.00150945
593.711  -330.075  -0.00177813  0.00151613
596.587  -331.673  -0.00178676  0.00152281
599.462  -333.272  -0.00179539  0.00152949
602.338  -334.87  -0.00180401  0.00153617
605.214  -336.469  -0.00181264  0.00154285
608.089  -338.067  -0.00182127  0.00154953
610.965  -339.666  -0.00182989  0.00155621
613.84  -341.264  -0.00183852  0.00156289
616.716  -342.863  -0.00184715  0.00156957
619.591  -344.461  -0.00185577  0.00157625
622.467  -346.06  -0.0018644  0.00158293
625.342  -347.658  -0.00187303  0.00158961
628.218  -349.257  -0.00188165  0.00159629
631.093  -350.855  -0.00189028  0.00160297
633.969  -352.454  -0.00189891  0.00160965
636.844  -354.052  -0.00190753  0.00161633
639.72  -355.651  -0.00191616  0.00162301
642.595  -357.249  -0.00192479  0.00162969
645.471  -358.848  -0.00193341  0.00163637
648.346  -360.446  -0.00194204  0.00164306
651.222  -362.045  -0.00195067  0.00164974
654.098  -363.643  -0.00195929  0.00165642
656.973  -365.242  -0.00196792  0.0016631
659.849  -366.84  -0.00197655  0.00166978
662.724  -368.438  -0.00198517  0.00167646
665.6  -370.037  -0.0019938  0.00168314
668.475  -371.635  -0.00200243  0.00168982
671.351  -373.234  -0.00201105  0.0016965
674.226  -374.832  -0.00201968  0.00170318
677.102  -376.431  -0.00202831  0.00170986
679.977  -378.029  -0.00203693  0.00171654
682.853  -379.628  -0.00204556  0.00172322
685.728  -381.226  -0.00205418  0.0017299
688.604  -382.825  -0.00206281  0.00173658
691.479  -384.423  -0.00207144  0.00174326
694.355  -386.022  -0.00208006  0.00174994
697.23  -387.62  -0.00208869  0.00175662
700.106  -389.219  -0.00209732  0.0017633
702.981  -390.817  -0.00210594  0.00176998
705.857  -392.416  -0.00211457  0.00177666
708.732  -394.014  -0.0021232  0.00178334
711.608  -395.613  -0.00213182  0.00179002
714.483  -397.211  -0.00214045  0.0017967
717.359  -398.809  -0.00214908  0.00180338
720.234  -400.408  -0.0021577  0.00181006
723.11  -402.006  -0.00216633  0.00181674
725.985  -403.605  -0.00217496  0.00182343
728.861  -405.203  -0.00218358  0.00183011
731.736  -406.802  -0.00219221  0.00183679
734.612  -408.4  -0.00220084  0.00184347
737.487  -409.999  -0.00220946  0.00185015
740.363  -411.597  -0.00221809  0.00185683
743.238  -413.196  -0.00222672  0.00186351
746.114  -414.794  -0.00223534  0.00187019
748.989  -416.393  -0.00224397  0.00187687
751.865  -417.991  -0.00225259  0.00188355
754.74  -419.59  -0.00226122  0.00189023
757.616  -421.188  -0.00226985  0.00189691
760.491  -422.786  -0.00227847  0.00190359
763.367  -424.385  -0.0022871  0.00191027
766.242  -425.983  -0.00229573  0.00191695
769.118  -427.582  -0.00230435  0.00192363
771.993  -429.18  -0.00231298  0.00193031
774.869  -430.779  -0.00232161  0.00193699
777.744  -432.377  -0.00233023  0.00194367
780.62  -433.976  -0.00233886  0.00195035
783.495  -435.574  -0.00234749  0.00195703
786.371  -437.173  -0.00235611  0.00196371
789.246  -438.771  -0.00236474  0.00197039
792.122  -440.37  -0.00237337  0.00197707
794.997  -441.968  -0.00238199  0.00198375
797.873  -443.566  -0.00239062  0.00199043
800.748  -445.165  -0.00239925  0.00199711
803.624  -446.763  -0.00240787  0.00200379
806.499  -448.362  -0.0024165  0.00201047
809.375  -449.96  -0.00242512  0.00201716
812.25  -451.559  -0.00243375  0.00202384
815.126  -453.157  -0.00244238  0.00203052
818.001  -454.756  -0.002451  0.0020372
820.877  -456.354  -0.00245963  0.00204388
823.752  -457.953  -0.00246826  0.00205056
826.628  -459.551  -0.00247688  0.00205724
829.503  -461.15  -0.00248551  0.00206392
832.379  -462.748  -0.00249414  0.0020706
835.254  -464.346  -0.00250276  0.00207728
838.13  -465.945  -0.00251139  0.00208396
841.005  -467.543  -0.00252002  0.00209064
843.881  -469.142  -0.00252864  0.00209732
846.756  -470.74  -0.00253727  0.002104
849.632  -472.339  -0.0025459  0.00211068
852.507  -473.937  -0.00255452  0.00211736
855.383  -475.536  -0.00256315  0.00212404
858.258  -477.134  -0.00257178  0.00213072
861.134  -478.733  -0.0025804  0.0021374
864.009  -480.331  -0.00258903  0.00214408
866.885  -481.93  -0.00259765  0.00215076
869.76  -483.528  -0.00260628  0.00215744
872.636  -485.126  -0.00261491  0.00216412
875.511  -486.725  -0.00262353  0.0021708
878.387  -488.323  -0.00263216  0.00217748
881.262  -489.922  -0.00264079  0.00218416
884.138  -491.52  -0.00264941  0.00219084
887.013  -493.119  -0.00265804  0.00219752
889.889  -494.717  -0.00266667  0.0022042
892.764  -496.316  -0.00267529  0.00221088
895.64  -497.914  -0.00268392  0.00221757
898.515  -499.513  -0.00269255  0.00222425
901.391  -501.111  -0.00270117  0.00223093
904.266  -502.709  -0.0027098  0.00223761
907.142  -504.308  -0.00271842  0.00224429
910.017  -505.906  -0.00272705  0.00225097
912.893  -507.505  -0.00273568  0.00225765
915.768  -509.103  -0.0027443  0.00226433
918.644  -510.702  -0.00275293  0.00227101
921.519  -512.3  -0.00276156  0.00227769
924.395  -513.899  -0.00277018  0.00228437
927.27  -515.497  -0.00277881  0.00229105
930.145  -517.096  -0.00278744  0.00229773
933.021  -518.694  -0.00279606  0.00230441
935.896  -520.292  -0.00280469  0.00231109
938.772  -521.891  -0.00281332  0.00231777
941.647  -523.489  -0.00282194  0.00232445
944.523  -525.088  -0.00283057  0.00233113
947.398  -526.686  -0.0028392  0.00233781
950.274  -528.285  -0.00284782  0.00234449
953.149  -529.883  -0.00285645  0.00235117
956.025  -531.482  -0.00286507  0.00235785
958.9  -533.08  -0.0028737  0.00236453
961.776  -534.678  -0.00288233  0.00237121
964.651  -536.277  -0.00289095  0.00237789
967.527  -537.875  -0.00289958  0.00238457
970.402  -539.474  -0.00290821  0.00239125
973.278  -541.072  -0.00291683  0.00239793
976.153  -542.671  -0.00292546  0.00240461
979.029  -544.269  -0.00293409  0.00241129
981.904  -545.868  -0.00294271  0.00241797
984.78  -547.466  -0.00295134  0.00242465
987.655  -549.065  -0.00295997  0.00243134
990.531  -550.663  -0.00296859  0.00243802
993.406  -552.261  -0.00297722  0.0024447
996.281  -553.86  -0.00298584  0.00245138
999.157  -555.458  -0.00299447  0.00245806
1002.03  -557.057  -0.0030031  0.00246474
1004.91  -558.655  -0.00301172  0.00247142
1007.78  -560.254  -0.00302035  0.0024781
1010.66  -561.852  -0.00302898  0.00248478
1013.53  -563.451  -0.0030376  0.00249146
1016.41  -565.049  -0.00304623  0.00249814
1019.29  -566.647  -0.00305486  0.00250482
1022.16  -568.246  -0.00306348  0.0025115
1025.04  -569.844  -0.00307211  0.00251818
1027.91  -571.443  -0.00308074  0.00252486
1030.79  -573.041  -0.00308936  0.00253154
1033.66  -574.64  -0.00309799  0.00253822
1036.54  -576.238  -0.00310661  0.0025449
1039.41  -577.837  -0.00311524  0.00255158
1042.29  -579.435  -0.00312387  0.00255826
1045.16  -581.034  -0.00313249  0.00256494
1048.04  -582.632  -0.00314112  0.00257162
1050.92  -584.23  -0.00314975  0.0025783
1053.79  -585.829  -0.00315837  0.00258498
1056.67  -587.427  -0.003167  0.00259166
1059.54  -589.026  -0.00317563  0.00259834
1062.42  -590.624  -0.00318425  0.00260502
1065.29  -592.223  -0.00319288  0.0026117
1068.17  -593.821  -0.0032015  0.00261838
1071.04  -595.42  -0.00321013  0.00262506
1073.92  -597.018  -0.00321876  0.00263174
1076.79  -598.616  -0.00322738  0.00263842
1079.67  -600.215  -0.00323601  0.0026451
1082.55  -601.813  -0.00324464  0.00265179
1085.42  -603.412  -0.00325326  0.00265847
1088.3  -605.01  -0.00326189  0.00266515
1091.17  -606.609  -0.00327052  0.00267183
1094.05  -608.207  -0.00327914  0.00267851
1096.92  -609.806  -0.00328777  0.00268519
1099.8  -611.404  -0.0032964  0.00269187
1102.67  -613.002  -0.00330502  0.00269855
1105.55  -614.601  -0.00331365  0.00270523
1108.42  -616.199  -0.00332227  0.00271191
1111.3  -617.798  -0.0033309  0.00271859
1114.18  -619.396  -0.00333953  0.00272527
1117.05  -620.995  -0.00334815  0.00273195
1119.93  -622.593  -0.00335678  0.00273863
1122.8  -624.192  -0.00336541  0.00274531
1125.68  -625.79  -0.00337403  0.00275199
1128.55  -627.388  -0.00338266  0.00275867
1131.43  -628.987  -0.00339129  0.00276535
1134.3  -630.585  -0.00339991  0.00277203
1137.18  -632.184  -0.00340854  0.00277871
1140.05  -633.782  -0.00341716  0.00278539
1142.93  -635.381  -0.00342579  0.00279207
1145.81  -636.979  -0.00343442  0.00279875
1148.68  -638.578  -0.00344304  0.00280543
1151.56  -640.176  -0.00345167  0.00281211
1154.43  -641.774  -0.0034603  0.00281879
1157.31  -643.373  -0.00346892  0.00282547
1160.18  -644.971  -0.00347755  0.00283215
1163.06  -646.57  -0.00348618  0.00283883
1165.93  -648.168  -0.0034948  0.00284551
1168.81  -649.767  -0.00350343  0.00285219
1171.68  -651.365  -0.00351205  0.00285887
1174.56  -652.964  -0.00352068  0.00286555
1177.44  -654.562  -0.00352931  0.00287223
1180.31  -656.16  -0.00353793  0.00287891
1183.19  -657.759  -0.00354656  0.00288559
1186.06  -659.357  -0.00355519  0.00289228
1188.94  -660.956  -0.00356381  0.00289896
1191.81  -662.554  -0.00357244  0.00290564
1194.69  -664.153  -0.00358107  0.00291232
1197.56  -665.751  -0.00358969  0.002919
1200.44  -667.349  -0.00359832  0.00292568
1203.32  -668.948  -0.00360695  0.00293236
1206.19  -670.546  -0.00361557  0.00293904
1209.07  -672.145  -0.0036242  0.00294572
1211.94  -673.743  -0.00363282  0.0029524
1214.82  -675.342  -0.00364145  0.00295908
1217.69  -676.94  -0.00365008  0.00296576
1220.57  -678.539  -0.0036587  0.00297244
1223.44  -680.137  -0.00366733  0.00297912
1226.32  -681.735  -0.00367596  0.0029858
1229.19  -683.334  -0.00368458  0.00299248
1232.07  -684.932  -0.00369321  0.00299916
1234.95  -686.531  -0.00370184  0.00300584
1237.82  -688.129  -0.00371046  0.00301252
1240.7  -689.728  -0.00371909  0.0030192
1243.57  -691.326  -0.00372771  0.00302588
1246.45  -692.925  -0.00373634  0.00303256
1249.32  -694.523  -0.00374497  0.00303924
1252.2  -696.121  -0.00375359  0.00304592
1255.07  -697.72  -0.00376222  0.0030526
1257.95  -699.318  -0.00377085  0.00305928
1260.82  -700.917  -0.00377947  0.00306596
1263.7  -702.515  -0.0037881  0.00307264
1266.58  -704.114  -0.00379673  0.00307932
1269.45  -705.712  -0.00380535  0.003086
1272.33  -707.31  -0.00381398  0.00309268
1275.2  -708.909  -0.0038226  0.00309936
1278.08  -710.507  -0.00383123  0.00310604
1280.95  -712.106  -0.00383986  0.00311272
1283.83  -713.704  -0.00384848  0.0031194
1286.7  -715.303  -0.00385711  0.00312608
1289.58  -716.901  -0.00386574  0.00313277
1292.45  -718.5  -0.00387436  0.00313945
1295.33  -720.098  -0.00388299  0.00314613
1298.21  -721.696  -0.00389162  0.00315281
1301.08  -723.295  -0.00390024  0.00315949
1303.96  -724.893  -0.00390887  0.00316617
1306.83  -726.492  -0.00391749  0.00317285
1309.71  -728.09  -0.00392612  0.00317953
1312.58  -729.689  -0.00393475  0.00318621
1315.46  -731.287  -0.00394337  0.00319289
1318.33  -732.885  -0.003952  0.00319957
1321.21  -734.484  -0.00396063  0.00320625
1324.08  -736.082  -0.00396925  0.00321293
1326.96  -737.681  -0.00397788  0.00321961
1329.84  -739.279  -0.00398651  0.00322629
1332.71  -740.878  -0.00399513  0.00323297
1335.59  -742.476  -0.00400376  0.00323965
1338.46  -744.075  -0.00401238  0.00324633
1341.34  -745.673  -0.00402101  0.00325301
1344.21  -747.271  -0.00402964  0.00325969
1347.09  -748.87  -0.00403826  0.00326637
1349.96  -750.468  -0.00404689  0.00327305
1352.84  -752.067  -0.00405552  0.00327973
1355.71  -753.665  -0.00406414  0.00328641
1358.59  -755.264  -0.00407277  0.00329309
1361.47  -756.862  -0.0040814  0.00329977
1364.34  -758.46  -0.00409002  0.00330645
1367.22  -760.059  -0.00409865  0.00331313
1370.09  -761.657  -0.00410727  0.00331981
1372.97  -763.256  -0.0041159  0.00332649
1375.84  -764.854  -0.00412453  0.00333317
1378.72  -766.453  -0.00413315  0.00333985
1381.59  -768.051  -0.00414178  0.00334653
1384.47  -769.649  -0.00415041  0.00335321
1387.34  -771.248  -0.00415903  0.00335989
1390.22  -772.846  -0.00416766  0.00336657
1393.09  -774.445  -0.00417628  0.00337325
1395.97  -776.043  -0.00418491  0.00337993
1398.85  -777.642  -0.00419354  0.00338662
1401.72  -779.24  -0.00420216  0.0033933
1404.6  -780.839  -0.00421079  0.00339998
1407.47  -782.437  -0.00421942  0.00340666
1410.35  -784.035  -0.00422804  0.00341334
1413.22  -785.634  -0.00423667  0.00342002
1416.1  -787.232  -0.0042453  0.0034267
1418.97  -788.831  -0.00425392  0.00343338
1421.85  -790.429  -0.00426255  0.00344006
1424.72  -792.028  -0.00427117  0.00344674
1427.6  -793.626  -0.0042798  0.00345342
1430.48  -795.224  -0.00428843  0.0034601
1433.35  -796.823  -0.00429705  0.00346678
1436.23  -798.421  -0.00430568  0.00347346
1439.1  -800.02  -0.00431431  0.00348014
1441.98  -801.618  -0.00432293  0.00348682
1444.85  -803.217  -0.00433156  0.0034935
1447.73  -804.815  -0.00434019  0.00350018
1450.6  -806.413  -0.00434881  0.00350686
1453.48  -808.012  -0.00435744  0.00351354
1456.35  -809.61  -0.00436606  0.00352022
1459.23  -811.209  -0.00437469  0.0035269
1462.11  -812.807  -0.00438332  0.00353358
1464.98  -814.406  -0.00439194  0.00354026
1467.86  -816.004  -0.00440057  0.00354694
1470.73  -817.602  -0.0044092  0.00355362
1473.61  -819.201  -0.00441782  0.0035603
1476.48  -820.799  -0.00442645  0.00356698
1479.36  -822.398  -0.00443508  0.00357366
1482.23  -823.996  -0.0044437  0.00358034
1485.11  -825.595  -0.00445233  0.00358702
1487.98  -827.193  -0.00446095  0.0035937
1490.86  -828.792  -0.00446958  0.00360038
1493.74  -830.39  -0.00447821  0.00360706
1496.61  -831.988  -0.00448683  0.00361374
1499.49  -833.587  -0.00449546  0.00362042
1502.36  -835.185  -0.00450409  0.0036271
1505.24  -836.784  -0.00451271  0.00363378
1508.11  -838.382  -0.00452134  0.00364046
1510.99  -839.981  -0.00452996  0.00364715
1513.86  -841.579  -0.00453859  0.00365383
1516.74  -843.177  -0.00454722  0.00366051
1519.61  -844.776  -0.00455584  0.00366719
1522.49  -846.374  -0.00456447  0.00367387
1525.37  -847.973  -0.0045731  0.00368055
1528.24  -849.571  -0.00458172  0.00368723
1531.12  -851.17  -0.00459035  0.00369391
1533.99  -852.768  -0.00459898  0.00370059
1536.87  -854.366  -0.0046076  0.00370727
1539.74  -855.965  -0.00461623  0.00371395
1542.62  -857.563  -0.00462485  0.00372063
1545.49  -859.162  -0.00463348  0.00372731
1548.37  -860.76  -0.00464211  0.00373399
1551.24  -862.359  -0.00465073  0.00374067
1554.12  -863.957  -0.00465936  0.00374735
1557  -865.555  -0.00466799  0.00375403
1559.87  -867.154  -0.00467661  0.00376071
1562.75  -868.752  -0.00468524  0.00376739
1565.62  -870.351  -0.00469386  0.00377407
1568.5  -871.949  -0.00470249  0.00378075
1571.37  -873.548  -0.00471112  0.00378743
1574.25  -875.146  -0.00471974  0.00379411
1577.12  -876.744  -0.00472837  0.00380079
1580  -878.343  -0.004737  0.00380747
1582.87  -879.941  -0.00474562  0.00381415
1585.75  -881.54  -0.00475425  0.00382083
1588.63  -883.138  -0.00476288  0.00382751
1591.5  -884.737  -0.0047715  0.00383419
1594.38  -886.335  -0.00478013  0.00384087
1597.25  -887.933  -0.00478875  0.00384755
1600.13  -889.532  -0.00479738  0.00385423
1603  -891.13  -0.00480601  0.00386091
1605.88  -892.729  -0.00481463  0.00386759
1608.75  -894.327  -0.00482326  0.00387427
1611.63  -895.926  -0.00483189  0.00388095
1614.5  -897.524  -0.00484051  0.00388763
1617.38  -899.122  -0.00484914  0.00389431
1620.26  -900.721  -0.00485777  0.00390099
1623.13  -902.319  -0.00486639  0.00390767
1626.01  -903.918  -0.00487502  0.00391435
1628.88  -905.516  -0.00488364  0.00392104
1631.76  -907.115  -0.00489227  0.00392772
1634.63  -908.713  -0.0049009  0.0039344
1637.51  -910.311  -0.00490952  0.00394108
1640.38  -911.91  -0.00491815  0.00394776
1643.26  -913.508  -0.00492678  0.00395444
1646.13  -915.107  -0.0049354  0.00396112
1649.01  -916.705  -0.00494403  0.0039678
1651.88  -918.304  -0.00495265  0.00397448
1654.76  -919.902  -0.00496128  0.00398116
1657.64  -921.5  -0.00496991  0.00398784
1660.51  -923.099  -0.00497853  0.00399452
1663.39  -924.697  -0.00498716  0.0040012
1666.26  -926.296  -0.00499579  0.00400788
1669.14  -927.894  -0.00500441  0.00401456
1672.01  -929.493  -0.00501304  0.00402124
1674.89  -931.091  -0.00502167  0.00402792
1677.76  -932.689  -0.00503029  0.0040346
1680.64  -934.288  -0.00503892  0.00404128
1683.51  -935.886  -0.00504754  0.00404796
1686.39  -937.485  -0.00505617  0.00405464
1689.27  -939.083  -0.0050648  0.00406132
1692.14  -940.682  -0.00507342  0.004068
1695.02  -942.28  -0.00508205  0.00407468
1697.89  -943.878  -0.00509068  0.00408136
1700.77  -945.477  -0.0050993  0.00408804
1703.64  -947.075  -0.00510793  0.00409472
1706.52  -948.674  -0.00511655  0.0041014
1709.39  -950.272  -0.00512518  0.00410808
1712.27  -951.871  -0.00513381  0.00411476
1715.14  -953.469  -0.00514243  0.00412144
1718.02  -955.067  -0.00515106  0.00412812
1720.9  -956.666  -0.00515969  0.0041348
1723.77  -958.264  -0.00516831  0.00414148
1726.65  -959.863  -0.00517694  0.00414816
1729.52  -961.461  -0.00518556  0.00415484
1732.4  -963.06  -0.00519419  0.00416152
1735.27  -964.658  -0.00520282  0.0041682
1738.15  -966.256  -0.00521144  0.00417488
1741.02  -967.855  -0.00522007  0.00418156
1743.9  -969.453  -0.0052287  0.00418824
1746.77  -971.052  -0.00523732  0.00419493
1749.65  -972.65  -0.00524595  0.00420161
1752.53  -974.249  -0.00525458  0.00420829
1755.4  -975.847  -0.0052632  0.00421497
1758.28  -977.445  -0.00527183  0.00422165
1761.15  -979.044  -0.00528045  0.00422833
1764.03  -980.642  -0.00528908  0.00423501
1766.9  -982.241  -0.00529771  0.00424169
1769.78  -983.839  -0.00530633  0.00424837
1772.65  -985.438  -0.00531496  0.00425505
1775.53  -987.036  -0.00532359  0.00426173
1778.4  -988.634  -0.00533221  0.00426841
1781.28  -990.233  -0.00534084  0.00427509
1784.15  -991.831  -0.00534946  0.00428177
1787.03  -993.43  -0.00535809  0.00428845
1789.91  -995.028  -0.00536672  0.00429513
1792.78  -996.627  -0.00537534  0.00430181
1795.66  -998.225  -0.00538397  0.00430849
1798.53  -999.823  -0.0053926  0.00431517
1801.41  -1001.42  -0.00540122  0.00432185
1804.28  -1003.02  -0.00540985  0.00432853
1807.16  -1004.62  -0.00541848  0.00433521
1810.03  -1006.22  -0.0054271  0.00434189
1812.91  -1007.82  -0.00543573  0.00434857
1815.78  -1009.41  -0.00544435  0.00435525
1818.66  -1011.01  -0.00545298  0.00436193
1821.54  -1012.61  -0.00546161  0.00436861
1824.41  -1014.21  -0.00547023  0.00437529
1827.29  -1015.81  -0.00547886  0.00438197
1830.16  -1017.41  -0.00548749  0.00438865
1833.04  -1019  -0.00549611  0.00439533
1835.91  -1020.6  -0.00550474  0.00440201
1838.79  -1022.2  -0.00551336  0.00440869
1841.66  -1023.8  -0.00552199  0.00441537
1844.54  -1025.4  -0.00553062  0.00442205
1847.41  -1027  -0.00553924  0.00442873
1850.29  -1028.6  -0.00554787  0.00443541
1853.17  -1030.19  -0.0055565  0.00444209
1856.04  -1031.79  -0.00556512  0.00444877
1858.92  -1033.39  -0.00557375  0.00445545
1861.79  -1034.99  -0.00558237  0.00446213
1864.67  -1036.59  -0.005591  0.00446881
1867.54  -1038.19  -0.00559963  0.00447549
1870.42  -1039.78  -0.00560825  0.00448218
1873.29  -1041.38  -0.00561688  0.00448886
1876.17  -1042.98  -0.00562551  0.00449554
1879.04  -1044.58  -0.00563413  0.00450222
1881.92  -1046.18  -0.00564276  0.0045089
1884.8  -1047.78  -0.00565139  0.00451558
1887.67  -1049.37  -0.00566001  0.00452226
1890.55  -1050.97  -0.00566864  0.00452894
1893.42  -1052.57  -0.00567726  0.00453562
1896.3  -1054.17  -0.00568589  0.0045423
1899.17  -1055.77  -0.00569452  0.00454898
1902.05  -1057.37  -0.00570314  0.00455566
1904.92  -1058.97  -0.00571177  0.00456234
1907.8  -1060.56  -0.0057204  0.00456902
1910.67  -1062.16  -0.00572902  0.0045757
1913.55  -1063.76  -0.00573765  0.00458238
1916.42  -1065.36  -0.00574627  0.00458906
1919.3  -1066.96  -0.0057549  0.00459574
1922.18  -1068.56  -0.00576353  0.00460242
1925.05  -1070.15  -0.00577215  0.0046091
1927.93  -1071.75  -0.00578078  0.00461578
1930.8  -1073.35  -0.00578941  0.00462246
1933.68  -1074.95  -0.00579803  0.00462914
1936.55  -1076.55  -0.00580666  0.00463582
1939.43  -1078.15  -0.00581528  0.0046425
1942.3  -1079.74  -0.00582391  0.00464918
1945.18  -1081.34  -0.00583254  0.00465586
1948.05  -1082.94  -0.00584116  0.00466254
1950.93  -1084.54  -0.00584979  0.00466922
1953.81  -1086.14  -0.00585842  0.0046759
1956.68  -1087.74  -0.00586704  0.00468258
1959.56  -1089.34  -0.00587567  0.00468926
1962.43  -1090.93  -0.0058843  0.00469594
1965.31  -1092.53  -0.00589292  0.00470262
1968.18  -1094.13  -0.00590155  0.0047093
1971.06  -1095.73  -0.00591017  0.00471598
1973.93  -1097.33  -0.0059188  0.00472266
1976.81  -1098.93  -0.00592743  0.00472934
1979.68  -1100.52  -0.00593605  0.00473602
1982.56  -1102.12  -0.00594468  0.0047427
1985.44  -1103.72  -0.00595331  0.00474938
1988.31  -1105.32  -0.00596193  0.00475606
1991.19  -1106.92  -0.00597056  0.00476274
1994.06  -1108.52  -0.00597918  0.00476943
1996.94  -1110.11  -0.00598781  0.00477611
1999.81  -1111.71  -0.00599644  0.00478279
2002.69  -1113.31  -0.00600506  0.00478947
2005.56  -1114.91  -0.00601369  0.00479615
2008.44  -1116.51  -0.00602232  0.00480283
2011.31  -1118.11  -0.00603094  0.00480951
2014.19  -1119.71  -0.00603957  0.00481619
2017.06  -1121.3  -0.00604819  0.00482287
2019.94  -1122.9  -0.00605682  0.00482955
2022.82  -1124.5  -0.00606545  0.00483623
2025.69  -1126.1  -0.00607407  0.00484291
2028.57  -1127.7  -0.0060827  0.00484959
2031.44  -1129.3  -0.00609133  0.00485627
2034.32  -1130.89  -0.00609995  0.00486295
2037.19  -1132.49  -0.00610858  0.00486963
2040.07  -1134.09  -0.0061172  0.00487631
2042.94  -1135.69  -0.00612583  0.00488299
2045.82  -1137.29  -0.00613446  0.00488967
2048.69  -1138.89  -0.00614308  0.00489635
2051.57  -1140.48  -0.00615171  0.00490303
2054.45  -1142.08  -0.00616034  0.00490971
2057.32  -1143.68  -0.00616896  0.00491639
2060.2  -1145.28  -0.00617759  0.00492307
2063.07  -1146.88  -0.00618621  0.00492975
2065.95  -1148.48  -0.00619484  0.00493643
2068.82  -1150.08  -0.00620347  0.00494311
2071.7  -1151.67  -0.00621209  0.00494979
2074.57  -1153.27  -0.00622072  0.00495647
2077.45  -1154.87  -0.00622935  0.00496315
2080.32  -1156.47  -0.00623797  0.00496983
2083.2  -1158.07  -0.0062466  0.00497651
2086.08  -1159.67  -0.00625523  0.00498319
2088.95  -1161.26  -0.00626385  0.00498987
2091.83  -1162.86  -0.00627248  0.00499655
2094.7  -1164.46  -0.0062811  0.00500323
2097.58  -1166.06  -0.00628973  0.00500991
2100.45  -1167.66  -0.00629836  0.00501659
2103.33  -1169.26  -0.00630698  0.00502327
2106.2  -1170.85  -0.00631561  0.00502995
2109.08  -1172.45  -0.00632424  0.00503663
2111.95  -1174.05  -0.00633286  0.00504331
2114.83  -1175.65  -0.00634149  0.00504999
2117.7  -1177.25  -0.00635011  0.00505667
2120.58  -1178.85  -0.00635874  0.00506335
2123.46  -1180.45  -0.00636737  0.00507004
2126.33  -1182.04  -0.00637599  0.00507672
2129.21  -1183.64  -0.00638462  0.0050834
2132.08  -1185.24  -0.00639325  0.00509008
2134.96  -1186.84  -0.00640187  0.00509676
2137.83  -1188.44  -0.0064105  0.00510344
2140.71  -1190.04  -0.00641912  0.00511012
2143.58  -1191.63  -0.00642775  0.0051168
2146.46  -1193.23  -0.00643638  0.00512348
2149.33  -1194.83  -0.006445  0.00513016
2152.21  -1196.43  -0.00645363  0.00513684
2155.09  -1198.03  -0.00646226  0.00514352
2157.96  -1199.63  -0.00647088  0.0051502
2160.84  -1201.22  -0.00647951  0.00515688
2163.71  -1202.82  -0.00648813  0.00516356
2166.59  -1204.42  -0.00649676  0.00517024
2169.46  -1206.02  -0.00650539  0.00517692
2172.34  -1207.62  -0.00651401  0.0051836
2175.21  -1209.22  -0.00652264  0.00519028
2178.09  -1210.82  -0.00653127  0.00519696
2180.96  -1212.41  -0.00653989  0.00520364
2183.84  -1214.01  -0.00654852  0.00521032
2186.71  -1215.61  -0.00655714  0.005217
2189.59  -1217.21  -0.00656577  0.00522368
2192.47  -1218.81  -0.0065744  0.00523036
2195.34  -1220.41  -0.00658302  0.00523704
2198.22  -1222  -0.00659165  0.00524372
2201.09  -1223.6  -0.00660028  0.0052504
2203.97  -1225.2  -0.0066089  0.00525708
2206.84  -1226.8  -0.00661753  0.00526376
2209.72  -1228.4  -0.00662616  0.00527044
2212.59  -1230  -0.00663478  0.00527712
2215.47  -1231.59  -0.00664341  0.0052838
2218.34  -1233.19  -0.00665203  0.00529048
2221.22  -1234.79  -0.00666066  0.00529716
2224.1  -1236.39  -0.00666929  0.00530384
2226.97  -1237.99  -0.00667791  0.00531052
2229.85  -1239.59  -0.00668654  0.0053172
2232.72  -1241.19  -0.00669517  0.00532388
2235.6  -1242.78  -0.00670379  0.00533056
2238.47  -1244.38  -0.00671242  0.00533724
2241.35  -1245.98  -0.00672104  0.00534392
2244.22  -1247.58  -0.00672967  0.0053506
2247.1  -1249.18  -0.0067383  0.00535728
2249.97  -1250.78  -0.00674692  0.00536396
2252.85  -1252.37  -0.00675555  0.00537065
2255.73  -1253.97  -0.00676418  0.00537733
2258.6  -1255.57  -0.0067728  0.00538401
2261.48  -1257.17  -0.00678143  0.00539069
2264.35  -1258.77  -0.00679005  0.00539737
2267.23  -1260.37  -0.00679868  0.00540405
2270.1  -1261.96  -0.00680731  0.00541073
2272.98  -1263.56  -0.00681593  0.00541741
2275.85  -1265.16  -0.00682456  0.00542409
2278.73  -1266.76  -0.00683319  0.00543077
2281.6  -1268.36  -0.00684181  0.00543745
2284.48  -1269.96  -0.00685044  0.00544413
2287.35  -1271.56  -0.00685906  0.00545081
2290.23  -1273.15  -0.00686769  0.00545749
2293.11  -1274.75  -0.00687632  0.00546417
2295.98  -1276.35  -0.00688494  0.00547085
2298.86  -1277.95  -0.00689357  0.00547753
2301.73  -1279.55  -0.0069022  0.00548421
2304.61  -1281.15  -0.00691082  0.00549089
2307.48  -1282.74  -0.00691945  0.00549757
2310.36  -1284.34  -0.00692807  0.00550425
2313.23  -1285.94  -0.0069367  0.00551093
2316.11  -1287.54  -0.00694533  0.00551761
2318.98  -1289.14  -0.00695395  0.00552429
2321.86  -1290.74  -0.00696258  0.00553097
2324.74  -1292.33  -0.00697121  0.00553765
2327.61  -1293.93  -0.00697983  0.00554433
2330.49  -1295.53  -0.00698846  0.00555101
2333.36  -1297.13  -0.00699708  0.00555769
2336.24  -1298.73  -0.00700571  0.00556437
2339.11  -1300.33  -0.00701434  0.00557105
2341.99  -1301.93  -0.00702296  0.00557773
2344.86  -1303.52  -0.00703159  0.00558441
2347.74  -1305.12  -0.00704022  0.00559109
2350.61  -1306.72  -0.00704884  0.00559777
2353.49  -1308.32  -0.00705747  0.00560445
2356.36  -1309.92  -0.00706609  0.00561113
2359.24  -1311.52  -0.00707472  0.00561781
2362.12  -1313.11  -0.00708335  0.00562449
2364.99  -1314.71  -0.00709197  0.00563117
2367.87  -1316.31  -0.0071006  0.00563785
2370.74  -1317.91  -0.00710923  0.00564453
2373.62  -1319.51  -0.00711785  0.00565121
2376.49  -1321.11  -0.00712648  0.00565789
2379.37  -1322.7  -0.0071351  0.00566457
2382.24  -1324.3  -0.00714373  0.00567125
2385.12  -1325.9  -0.00715236  0.00567793
2387.99  -1327.5  -0.00716098  0.00568462
2390.87  -1329.1  -0.00716961  0.0056913
2393.75  -1330.7  -0.00717824  0.00569798
2396.62  -1332.3  -0.00718686  0.00570466
2399.5  -1333.89  -0.00719549  0.00571134
2402.37  -1335.49  -0.00720412  0.00571802
2405.25  -1337.09  -0.00721274  0.0057247
2408.12  -1338.69  -0.00722137  0.00573138
2411  -1340.29  -0.00722999  0.00573806
2413.87  -1341.89  -0.00723862  0.00574474
2416.75  -1343.48  -0.00724725  0.00575142
2419.62  -1345.08  -0.00725587  0.0057581
2422.5  -1346.68  -0.0072645  0.00576478
2425.38  -1348.28  -0.00727313  0.00577146
2428.25  -1349.88  -0.00728175  0.00577814
2431.13  -1351.48  -0.00729038  0.00578482
2434  -1353.07  -0.007299  0.0057915
2436.88  -1354.67  -0.00730763  0.00579818
2439.75  -1356.27  -0.00731626  0.00580486
2442.63  -1357.87  -0.00732488  0.00581154
2445.5  -1359.47  -0.00733351  0.00581822
2448.38  -1361.07  -0.00734214  0.0058249
2451.25  -1362.67  -0.00735076  0.00583158
2454.13  -1364.26  -0.00735939  0.00583826
2457  -1365.86  -0.00736801  0.00584494
2459.88  -1367.46  -0.00737664  0.00585162
2462.76  -1369.06  -0.00738527  0.0058583
2465.63  -1370.66  -0.00739389  0.00586498
2468.51  -1372.26  -0.00740252  0.00587166
2471.38  -1373.85  -0.00741115  0.00587834
2474.26  -1375.45  -0.00741977  0.00588502
2477.13  -1377.05  -0.0074284  0.0058917
2480.01  -1378.65  -0.00743702  0.00589838
2482.88  -1380.25  -0.00744565  0.00590506
2485.76  -1381.85  -0.00745428  0.00591174
2488.63  -1383.44  -0.0074629  0.00591842
2491.51  -1385.04  -0.00747153  0.0059251
2494.39  -1386.64  -0.00748016  0.00593178
2497.26  -1388.24  -0.00748878  0.00593846
2500.14  -1389.84  -0.00749741  0.00594514
2503.01  -1391.44  -0.00750603  0.00595182
2505.89  -1393.04  -0.00751466  0.0059585
2508.76  -1394.63  -0.00752329  0.00596518
2511.64  -1396.23  -0.00753191  0.00597186
2514.51  -1397.83  -0.00754054  0.00597854
2517.39  -1399.43  -0.00754917  0.00598522
2520.26  -1401.03  -0.00755779  0.0059919
2523.14  -1402.63  -0.00756642  0.00599859
2526.01  -1404.22  -0.00757504  0.00600527
2528.89  -1405.82  -0.00758367  0.00601195
2531.77  -1407.42  -0.0075923  0.00601863
2534.64  -1409.02  -0.00760092  0.00602531
2537.52  -1410.62  -0.00760955  0.00603199
2540.39  -1412.22  -0.00761818  0.00603867
2543.27  -1413.81  -0.0076268  0.00604535
2546.14  -1415.41  -0.00763543  0.00605203
2549.02  -1417.01  -0.00764405  0.00605871
2551.89  -1418.61  -0.00765268  0.00606539
2554.77  -1420.21  -0.00766131  0.00607207
2557.64  -1421.81  -0.00766993  0.00607875
2560.52  -1423.41  -0.00767856  0.00608543
2563.4  -1425  -0.00768719  0.00609211
2566.27  -1426.6  -0.00769581  0.00609879
2569.15  -1428.2  -0.00770444  0.00610547
2572.02  -1429.8  -0.00771306  0.00611215
2574.9  -1431.4  -0.00772169  0.00611883
2577.77  -1433  -0.00773032  0.00612551
2580.65  -1434.59  -0.00773894  0.00613219
2583.52  -1436.19  -0.00774757  0.00613887
2586.4  -1437.79  -0.0077562  0.00614555
2589.27  -1439.39  -0.00776482  0.00615223
2592.15  -1440.99  -0.00777345  0.00615891
2595.02  -1442.59  -0.00778207  0.00616559
2597.9  -1444.18  -0.0077907  0.00617227
2600.78  -1445.78  -0.00779933  0.00617895
2603.65  -1447.38  -0.00780795  0.00618563
2606.53  -1448.98  -0.00781658  0.00619231
2609.4  -1450.58  -0.00782521  0.00619899
2612.28  -1452.18  -0.00783383  0.00620567
2615.15  -1453.78  -0.00784246  0.00621235
2618.03  -1455.37  -0.00785108  0.00621903
2620.9  -1456.97  -0.00785971  0.00622571
2623.78  -1458.57  -0.00786834  0.00623239
2626.65  -1460.17  -0.00787696  0.00623907
2629.53  -1461.77  -0.00788559  0.00624575
2632.41  -1463.37  -0.00789422  0.00625243
2635.28  -1464.96  -0.00790284  0.00625911
2638.16  -1466.56  -0.00791147  0.00626579
2641.03  -1468.16  -0.00792009  0.00627247
2643.91  -1469.76  -0.00792872  0.00627915
2646.78  -1471.36  -0.00793735  0.00628583
2649.66  -1472.96  -0.00794597  0.00629251
2652.53  -1474.55  -0.0079546  0.00629919
2655.41  -1476.15  -0.00796323  0.00630587
2658.28  -1477.75  -0.00797185  0.00631255
2661.16  -1479.35  -0.00798048  0.00631924
2664.03  -1480.95  -0.0079891  0.00632592
2666.91  -1482.55  -0.00799773  0.0063326
