0.802608  0.628319  5.92176e-07  0
0.306015  1.02241  2.08196e-06  7.02685e-07
-0.289966  1.08444  3.8699e-06  2.40156e-06
-0.805017  0.843795  5.41505e-06  5.00844e-06
-1.11969  0.393133  6.35908e-06  8.24538e-06
-1.16987  -0.150397  6.5096e-06  1.17609e-05
-0.938593  -0.65774  5.81578e-06  1.51679e-05
-0.461202  -0.99261  4.38361e-06  1.80575e-05
0.155043  -1.02863  2.53487e-06  2.00505e-05
0.716918  -0.703918  8.49247e-07  2.09613e-05
0.99975  -0.105214  7.49709e-10  2.10502e-05
0.894076  0.534385  3.17772e-07  2.10163e-05
0.476053  0.987302  1.57184e-06  2.15425e-05
-0.0846985  1.14421  3.2541e-06  2.29567e-05
-0.623309  1.00204  4.86993e-06  2.52682e-05
-1.01218  0.619139  6.03653e-06  2.83019e-05
-1.16182  0.0899164  6.48546e-06  3.17745e-05
-1.0216  -0.461731  6.0648e-06  3.53144e-05
-0.59517  -0.884011  4.78551e-06  3.84662e-05
0.0253783  -1.01796  2.92387e-06  4.0753e-05
0.63644  -0.771305  1.09068e-06  4.1898e-05
0.996256  -0.220153  1.12317e-08  4.21295e-05
0.985778  0.412843  4.26652e-08  4.21154e-05
0.65648  0.91233  1.03056e-06  4.25019e-05
0.144642  1.15815  2.56607e-06  4.36494e-05
-0.403114  1.11637  4.20934e-06  4.56597e-05
-0.855685  0.811009  5.56705e-06  4.84608e-05
-1.10209  0.310256  6.30627e-06  5.1848e-05
-1.05859  -0.272097  6.17577e-06  5.548e-05
-0.695051  -0.77217  5.08515e-06  5.88652e-05
-0.0868417  -1.00041  3.26053e-06  6.14348e-05
0.555221  -0.838648  1.33434e-06  6.28345e-05
0.981885  -0.351508  5.43437e-08  6.32581e-05
1.06684  0.257984  -2.00522e-07  6.33145e-05
0.833262  0.790466  5.00215e-07  6.3602e-05
0.38254  1.11697  1.85238e-06  6.45075e-05
-0.159955  1.17553  3.47987e-06  6.62168e-05
-0.664625  0.956112  4.99388e-06  6.876e-05
-1.00308  0.497606  6.00924e-06  7.20205e-05
-1.05944  -0.100821  6.17832e-06  7.57007e-05
-0.768807  -0.666202  5.30642e-06  7.92818e-05
-0.189925  -0.981776  3.56978e-06  8.21135e-05
0.463924  -0.909797  1.60823e-06  8.37825e-05
0.945859  -0.500646  1.62423e-07  8.444e-05
1.12317  0.0697701  -3.69514e-07  8.46137e-05
0.989337  0.620881  3.19877e-08  8.48453e-05
0.610373  1.01818  1.16888e-06  8.55384e-05
0.0873425  1.17517  2.73797e-06  8.69524e-05
-0.456763  1.04862  4.37029e-06  8.9217e-05
-0.880331  0.645363  5.64099e-06  9.23117e-05
-1.03664  0.046211  6.10991e-06  9.59941e-05
-0.82666  -0.569235  5.47998e-06  9.97254e-05
-0.293976  -0.962429  3.88193e-06  0.00010279
0.352558  -0.982861  1.94233e-06  0.000104736
0.876873  -0.662532  3.69381e-07  0.00010566
1.14045  -0.145171  -4.2136e-07  0.000105993
1.10774  0.409934  -3.23228e-07  0.000106213
0.809625  0.866846  5.71125e-07  0.000106727
0.319937  1.11867  2.04019e-06  0.000107856
-0.249957  1.09008  3.74987e-06  0.000109827
-0.749285  0.753782  5.24786e-06  0.000112721
-1.00218  0.169604  6.00653e-06  0.000116358
-0.878279  -0.478296  5.63484e-06  0.000120187
-0.407788  -0.937401  4.22336e-06  0.000123449
0.213353  -1.05016  2.35994e-06  0.000125673
0.766073  -0.826084  7.01781e-07  0.000126885
1.10735  -0.373974  -3.2206e-07  0.000127414
1.17487  0.170624  -5.24599e-07  0.000127665
0.965171  0.674993  1.04487e-07  0.000128037
0.52221  1.01626  1.43337e-06  0.000128898
-0.0590044  1.08851  3.17701e-06  0.000130566
-0.62223  0.828942  4.86669e-06  0.00013323
-0.964783  0.275446  5.89435e-06  0.000136775
-0.9302  -0.385668  5.7906e-06  0.000140644
-0.536036  -0.897644  4.60811e-06  0.000144065
0.0432304  -1.0996  2.87031e-06  0.000146555
0.609696  -0.975896  1.17091e-06  0.000148069
1.01824  -0.599374  -5.47127e-08  0.000148825
1.18313  -0.0793935  -5.4938e-07  0.00014915
1.06789  0.45942  -2.03658e-07  0.000149418
0.684264  0.88281  9.47207e-07  0.000150033
0.106722  1.05605  2.67983e-06  0.000151398
-0.506066  0.880567  4.5182e-06  0.00015381
-0.928073  0.373177  5.78422e-06  0.000157217
-0.98395  -0.281371  5.95185e-06  0.000161065
-0.67746  -0.832237  5.03238e-06  0.000164603
-0.154623  -1.11728  3.46387e-06  0.000167343
0.410736  -1.09502  1.76779e-06  0.000169161
0.874769  -0.802594  3.75693e-07  0.000170169
1.13246  -0.320808  -3.97384e-07  0.000170608
1.11601  0.23868  -3.48037e-07  0.000170815
0.80313  0.734816  5.9061e-07  0.000171211
0.244368  1.00604  2.2669e-06  0.000172283
-0.401374  0.919228  4.20412e-06  0.000174428
-0.890019  0.472705  5.67006e-06  0.000177653
-1.03527  -0.15613  6.10582e-06  0.000181424
-0.824436  -0.7312  5.47331e-06  0.000185034
-0.37046  -1.09058  4.11138e-06  0.000187997
0.17919  -1.16825  2.46243e-06  0.000190115
0.686015  -0.96668  9.41954e-07  0.000191396
1.0303  -0.536017  -9.08938e-08  0.000191989
1.11499  0.0297474  -3.44971e-07  0.000192176
0.882463  0.587103  3.5261e-07  0.000192389
0.357273  0.949814  1.92818e-06  0.000193186
-0.302958  0.953586  3.90887e-06  0.00019506
-0.843718  0.581393  5.53115e-06  0.000198061
-1.07474  -0.00415922  6.22423e-06  0.000201703
-0.963999  -0.588325  5.892e-06  0.00020534
-0.589117  -1.01123  4.76735e-06  0.000208494
-0.0692092  -1.18515  3.20763e-06  0.000210901
0.467021  -1.07953  1.59894e-06  0.000212469
0.890008  -0.712093  3.29976e-07  0.000213251
1.07581  -0.154826  -2.27421e-07  0.000213464
0.930856  0.450108  2.07431e-07  0.000213535
0.45337  0.894323  1.63989e-06  0.000214087
-0.201772  0.988175  3.60531e-06  0.00021569
-0.779219  0.701609  5.33766e-06  0.000218435
-1.08971  0.17475  6.26913e-06  0.000221901
-1.08014  -0.403369  6.24041e-06  0.00022552
-0.792424  -0.877562  5.37727e-06  0.000228827
-0.315545  -1.14221  3.94663e-06  0.000231506
0.236156  -1.13597  2.29153e-06  0.000233372
0.728202  -0.842713  8.15393e-07  0.000234378
1.01226  -0.308696  -3.67825e-08  0.000234661
0.959217  0.328201  1.22348e-07  0.000234635
0.542675  0.840813  1.37197e-06  0.000234982
-0.0877636  1.02211  3.26329e-06  0.000236323
-0.686087  0.829485  5.05826e-06  0.000238786
-1.06716  0.374275  6.20147e-06  0.000242036
-1.15687  -0.183052  6.47061e-06  0.000245593
-0.962381  -0.695348  5.88714e-06  0.000249015
-0.540977  -1.04364  4.62293e-06  0.000251945
0.0118305  -1.13836  2.96451e-06  0.000254114
0.561476  -0.92863  1.31557e-06  0.00025537
0.93777  -0.432109  1.86691e-07  0.000255765
0.977858  0.219421  6.64263e-08  0.000255696
0.634345  0.784976  1.09696e-06  0.000255884
0.0470804  1.049  2.85876e-06  0.000256977
-0.556249  0.955154  4.66875e-06  0.000259143
-0.996862  0.581986  5.99059e-06  0.000262148
-1.18152  0.0594534  6.54455e-06  0.0002656
-1.08444  -0.477193  6.25331e-06  0.000269095
-0.73001  -0.900533  5.19003e-06  0.00027225
-0.190692  -1.09573  3.57207e-06  0.000274721
0.403307  -0.976648  1.79008e-06  0.000276249
0.862443  -0.530891  4.1267e-07  0.000276796
0.993935  0.116658  1.81955e-08  0.000276738
0.733889  0.718362  7.98333e-07  0.000276818
0.206185  1.05817  2.38145e-06  0.000277684
-0.386533  1.06441  4.1596e-06  0.00027955
-0.874095  0.781152  5.62228e-06  0.000282285
-1.14735  0.30645  6.44206e-06  0.000285594
-1.15012  -0.24043  6.45035e-06  0.000289119
-0.873024  -0.728736  5.61907e-06  0.000292469
-0.361693  -1.02144  4.08508e-06  0.000295232
0.261782  -0.997357  2.21465e-06  0.000297045
0.791073  -0.614331  6.26782e-07  0.000297781
1.00972  0.0100492  -2.91672e-08  0.000297793
0.841208  0.63069  4.76376e-07  0.000297816
0.3868  1.03709  1.8396e-06  0.000298482
-0.180298  1.14142  3.54089e-06  0.000300054
-0.701233  0.953593  5.1037e-06  0.000302502
-1.05513  0.538693  6.1654e-06  0.000305632
-1.15843  -0.0040815  6.47528e-06  0.000309145
-0.967541  -0.545741  5.90262e-06  0.000312655
-0.498115  -0.930201  4.49435e-06  0.000315693
0.138564  -1.00222  2.58431e-06  0.000317794
0.722475  -0.692447  8.32574e-07  0.00031875
1.02197  -0.109955  -6.59216e-08  0.000318887
0.949989  0.512621  1.50033e-07  0.000318905
0.579722  0.974342  1.26083e-06  0.000319404
0.0523004  1.17202  2.8431e-06  0.000320696
-0.487918  1.08299  4.46375e-06  0.000322848
-0.913117  0.738745  5.73935e-06  0.000325766
-1.11572  0.214491  6.34716e-06  0.000329224
-1.01794  -0.367421  6.05383e-06  0.000332854
-0.603213  -0.834828  4.80964e-06  0.000336142
0.029304  -1.0007  2.91209e-06  0.000338524
0.650305  -0.773125  1.04909e-06  0.000339726
1.02251  -0.249629  -6.75229e-08  0.000340041
1.0486  0.35848  -1.45805e-07  0.000340102
0.770423  0.862667  6.88731e-07  0.000340474
0.29554  1.14669  2.11338e-06  0.000341507
-0.249668  1.15792  3.749e-06  0.000343358
-0.735522  0.893971  5.20656e-06  0.000346035
-1.03409  0.402473  6.10226e-06  0.000349394
-1.03376  -0.205253  6.10129e-06  0.000353102
-0.684914  -0.743659  5.05474e-06  0.000356603
-0.0746101  -0.998054  3.22383e-06  0.000359251
0.565044  -0.859704  1.30487e-06  0.000360721
1  -0.409783  -1.01836e-11  0.000361256
1.1223  0.168373  -3.6691e-07  0.000361406
0.941423  0.701142  1.7573e-07  0.000361693
0.530628  1.06277  1.40812e-06  0.000362493
-0.00525066  1.17395  3.01575e-06  0.000364044
-0.539846  0.998514  4.61954e-06  0.000366456
-0.928596  0.553417  5.78579e-06  0.000369676
-1.02699  -0.0646085  6.08096e-06  0.000373415
-0.753312  -0.659092  5.25994e-06  0.000377083
-0.1833  -0.994157  3.5499e-06  0.000379974
0.456681  -0.949595  1.62996e-06  0.000381725
0.942707  -0.58478  1.71879e-07  0.000382515
1.15628  -0.0508468  -4.68844e-07  0.000382799
1.07544  0.496131  -2.26333e-07  0.000383043
0.738946  0.925256  7.83163e-07  0.00038364
0.226608  1.1343  2.32017e-06  0.000384898
-0.343589  1.05382  4.03077e-06  0.000387024
-0.814079  0.667635  5.44224e-06  0.000390068
-1.00899  0.0555818  6.02696e-06  0.000393789
-0.817852  -0.577587  5.45356e-06  0.000397573
-0.305266  -0.983585  3.9158e-06  0.000400676
0.317528  -1.03434  2.04742e-06  0.000402714
0.841464  -0.762949  4.75607e-07  0.000403784
1.13887  -0.286052  -4.16617e-07  0.000404239
1.15866  0.260672  -4.75988e-07  0.000404483
0.905318  0.746043  2.84045e-07  0.000404912
0.430443  1.04896  1.70867e-06  0.000405888
-0.161127  1.0676  3.48338e-06  0.000407718
-0.7021  0.75114  5.1063e-06  0.000410552
-0.987845  0.161772  5.96353e-06  0.000414205
-0.884702  -0.491118  5.65411e-06  0.000418049
-0.444654  -0.956825  4.33396e-06  0.000421331
0.144686  -1.10114  2.56594e-06  0.000423649
0.692377  -0.928363  9.22869e-07  0.000425015
1.06425  -0.519734  -1.92756e-07  0.000425674
1.18336  0.0124377  -5.50072e-07  0.000425963
1.02058  0.541748  -6.17542e-08  0.00042626
0.596493  0.932454  1.21052e-06  0.000426973
-0.0013935  1.0516  3.00418e-06  0.0004285
-0.598806  0.81347  4.79642e-06  0.000431099
-0.966603  0.263576  5.89981e-06  0.000434634
-0.954836  -0.389647  5.86451e-06  0.000438479
-0.599553  -0.902532  4.79866e-06  0.000441902
-0.0583932  -1.13547  3.17518e-06  0.000444486
0.498434  -1.06366  1.5047e-06  0.000446156
0.933982  -0.732931  1.98055e-07  0.000447048
1.14934  -0.229305  -4.48025e-07  0.000447422
1.0829  0.330653  -2.48715e-07  0.000447627
0.721849  0.800774  8.34453e-07  0.000448102
0.133163  1.01852  2.60051e-06  0.000449334
-0.504091  0.864935  4.51227e-06  0.000451679
-0.942766  0.370806  5.8283e-06  0.000455047
-1.0233  -0.264014  6.06989e-06  0.000458836
-0.761667  -0.810403  5.285e-06  0.00046236
-0.281647  -1.1243  3.84494e-06  0.000465187
0.269702  -1.15334  2.19089e-06  0.000467159
0.75705  -0.908575  7.28849e-07  0.00046831
1.06388  -0.447046  -1.91627e-07  0.00046881
1.09752  0.129394  -2.9257e-07  0.000468966
0.810098  0.668118  5.69706e-07  0.000469235
0.246222  0.979003  2.26133e-06  0.000470187
-0.412269  0.913863  4.23681e-06  0.000472267
-0.909035  0.490419  5.7271e-06  0.000475423
-1.07992  -0.108666  6.23975e-06  0.000479105
-0.917406  -0.674056  5.75222e-06  0.000482686
-0.509599  -1.05909  4.5288e-06  0.000485726
0.0219859  -1.18676  2.93404e-06  0.000487994
0.548388  -1.0345  1.35484e-06  0.000489422
0.940064  -0.627966  1.79808e-07  0.000490087
1.07507  -0.0498428  -2.25211e-07  0.000490238
0.869622  0.54422  3.91135e-07  0.000490341
0.345945  0.939311  1.96217e-06  0.00049104
-0.314088  0.964359  3.94226e-06  0.00049285
-0.8551  0.624165  5.5653e-06  0.000495756
-1.11137  0.0762925  6.33411e-06  0.000499284
-1.05023  -0.493226  6.15069e-06  0.000502878
-0.723809  -0.938032  5.17143e-06  0.000506097
-0.225762  -1.1603  3.67729e-06  0.000508649
0.326181  -1.10545  2.02146e-06  0.000510369
0.794127  -0.765804  6.17619e-07  0.000511235
1.02881  -0.201062  -8.64326e-08  0.000511426
0.911003  0.432743  2.66991e-07  0.00051141
0.442396  0.900109  1.67281e-06  0.000511893
-0.199563  1.01497  3.59869e-06  0.000513433
-0.770234  0.767453  5.3107e-06  0.00051606
-1.10412  0.284167  6.31236e-06  0.000519395
-1.14377  -0.274707  6.43132e-06  0.000522957
-0.90609  -0.766845  5.71827e-06  0.000526318
-0.454727  -1.07802  4.36418e-06  0.000529137
0.108584  -1.12367  2.67425e-06  0.000531159
0.642141  -0.861269  1.07358e-06  0.000532256
0.971482  -0.324794  8.55544e-08  0.000532532
0.944166  0.331116  1.67501e-07  0.000532449
0.54452  0.856661  1.36644e-06  0.000532757
-0.0609343  1.05862  3.1828e-06  0.000534036
-0.64618  0.909703  4.93854e-06  0.000536368
-1.0476  0.502141  6.14279e-06  0.000539476
-1.18508  -0.0317963  6.55523e-06  0.000542963
-1.04177  -0.558071  6.12531e-06  0.000546426
-0.649476  -0.950836  4.94843e-06  0.00054949
-0.0894404  -1.09789  3.26832e-06  0.000551816
0.496975  -0.920967  1.50908e-06  0.00055317
0.91244  -0.427062  2.62679e-07  0.000553573
0.975853  0.231833  7.24398e-08  0.000553481
0.657331  0.800208  1.02801e-06  0.000553661
0.104852  1.08397  2.68545e-06  0.000554695
-0.479725  1.03607  4.43918e-06  0.000556724
-0.936885  0.713134  5.81065e-06  0.000559577
-1.16725  0.217707  6.50176e-06  0.000562949
-1.12229  -0.32894  6.36686e-06  0.000566473
-0.800445  -0.794296  5.40134e-06  0.000569755
-0.258469  -1.04105  3.77541e-06  0.00057238
0.366057  -0.955141  1.90183e-06  0.000574007
0.855766  -0.517243  4.32701e-07  0.000574578
1.00787  0.124938  -2.36108e-08  0.000574537
0.780042  0.720238  6.59875e-07  0.000574636
0.29461  1.07787  2.11617e-06  0.000575448
-0.274307  1.13023  3.82292e-06  0.000577176
-0.774288  0.898688  5.32286e-06  0.000579755
-1.09094  0.454508  6.27282e-06  0.000582973
-1.14654  -0.0982945  6.43961e-06  0.000586516
-0.905137  -0.625483  5.71541e-06  0.000589983
-0.395681  -0.967261  4.18704e-06  0.000592893
0.250421  -0.974801  2.24874e-06  0.0005948
0.799717  -0.605278  6.00848e-07  0.000595577
1.03641  0.00107579  -1.09236e-07  0.000595643
0.905575  0.607259  2.83276e-07  0.000595709
0.498679  1.02851  1.50396e-06  0.00059633
-0.040233  1.17763  3.1207e-06  0.000597768
-0.569421  1.0423  4.70826e-06  0.000600059
-0.964252  0.661173  5.89276e-06  0.000603087
-1.12068  0.116733  6.36205e-06  0.000606606
-0.967778  -0.459761  5.90333e-06  0.00061022
-0.504478  -0.888601  4.51343e-06  0.000613391
0.145204  -0.98892  2.56439e-06  0.000615577
0.737586  -0.69874  7.87243e-07  0.000616592
1.05267  -0.145638  -1.58022e-07  0.000616817
1.02157  0.455561  -6.47122e-08  0.000616899
0.702091  0.928336  8.93728e-07  0.000617365
0.206608  1.16855  2.38018e-06  0.00061853
-0.337761  1.13241  4.01328e-06  0.000620523
-0.801202  0.825097  5.4036e-06  0.00062333
-1.05648  0.303574  6.16943e-06  0.000626779
-0.997585  -0.308037  5.99275e-06  0.000630499
-0.592837  -0.812635  4.77851e-06  0.000633898
0.0415088  -1.00227  2.87547e-06  0.000636352
0.659653  -0.800402  1.02104e-06  0.000637631
1.04474  -0.315523  -1.34207e-07  0.000638062
1.11267  0.265332  -3.38011e-07  0.000638204
0.886998  0.776341  3.39005e-07  0.000638556
0.447297  1.10018  1.65811e-06  0.000639469
-0.0979792  1.16449  3.29394e-06  0.000641161
-0.618977  0.940416  4.85693e-06  0.000643719
-0.96849  0.455987  5.90547e-06  0.000647057
-1.00606  -0.1751  6.01819e-06  0.000650835
-0.670801  -0.741057  5.0124e-06  0.000654418
-0.0707606  -1.01425  3.21228e-06  0.000657122
0.55581  -0.906944  1.33257e-06  0.000658685
1.00036  -0.502403  -1.06527e-09  0.000659357
1.16359  0.0436026  -4.90779e-07  0.000659604
1.03585  0.578869  -1.07538e-07  0.000659883
0.663151  0.977406  1.01055e-06  0.000660572
0.131357  1.14161  2.60593e-06  0.000661965
-0.43467  1.00847  4.30401e-06  0.000664249
-0.870903  0.574398  5.61271e-06  0.000667436
-1.00403  -0.0593522  6.01208e-06  0.000671222
-0.74762  -0.669815  5.24286e-06  0.000674939
-0.199786  -1.01892  3.59936e-06  0.000677871
0.418371  -1.00913  1.74489e-06  0.000679726
0.910055  -0.694082  2.69835e-07  0.000680666
1.16237  -0.196285  -4.87096e-07  0.000681058
1.13463  0.348967  -4.03885e-07  0.000681307
0.838979  0.81198  4.83063e-07  0.000681803
0.334976  1.07351  1.99507e-06  0.000682903
-0.262176  1.03672  3.78653e-06  0.000684899
-0.774527  0.664821  5.32358e-06  0.000687899
-0.998979  0.0460611  5.99694e-06  0.000691641
-0.829064  -0.590609  5.48719e-06  0.000695435
-0.349205  -1.00622  4.04761e-06  0.000698567
0.244541  -1.09345  2.26638e-06  0.000700714
0.769782  -0.874166  6.90654e-07  0.000701941
1.10298  -0.436622  -3.0894e-07  0.000702513
1.1755  0.104281  -5.26494e-07  0.000702776
0.965608  0.620299  1.03176e-07  0.000703112
0.503295  0.974347  1.49012e-06  0.000703935
-0.109926  1.03646  3.32978e-06  0.000705634
-0.68474  0.736696  5.05422e-06  0.000708418
-0.993451  0.150919  5.98035e-06  0.00071206
-0.915496  -0.49332  5.74649e-06  0.000715878
-0.516508  -0.964319  4.54952e-06  0.000719176
0.0379726  -1.1448  2.88608e-06  0.000721602
0.582497  -1.02492  1.25251e-06  0.000723128
0.986888  -0.658304  3.9335e-08  0.000723913
1.15815  -0.136003  -4.74445e-07  0.000724231
1.04113  0.420332  -1.23384e-07  0.000724447
0.633506  0.859545  1.09948e-06  0.000725014
0.0201149  1.0198  2.93966e-06  0.000726418
-0.600774  0.800144  4.80232e-06  0.000728962
-0.984485  0.264887  5.95346e-06  0.000732453
-1.00121  -0.368837  6.00364e-06  0.000736239
-0.692784  -0.882539  5.07835e-06  0.000739665
-0.191011  -1.14973  3.57303e-06  0.000742352
0.358305  -1.13058  1.92509e-06  0.000744179
0.82298  -0.844186  5.3106e-07  0.000745205
1.08966  -0.354509  -2.6897e-07  0.000745621
1.07059  0.228328  -2.11772e-07  0.000745757
0.72918  0.742642  8.12461e-07  0.000746099
0.132036  0.996763  2.60389e-06  0.000747222
-0.5165  0.863199  4.5495e-06  0.000749508
-0.964326  0.394494  5.89298e-06  0.000752799
-1.07528  -0.211756  6.22585e-06  0.000756502
-0.863876  -0.754296  5.59163e-06  0.000760015
-0.426665  -1.09948  4.27999e-06  0.000762936
0.113047  -1.18034  2.66086e-06  0.000765063
0.626041  -0.982062  1.12188e-06  0.000766353
0.982838  -0.538563  5.14858e-08  0.000766908
1.06426  0.0560438  -1.92794e-07  0.000767009
0.798551  0.632621  6.04347e-07  0.000767164
0.23427  0.972956  2.29719e-06  0.000768028
-0.422493  0.929504  4.26748e-06  0.000770043
-0.922227  0.540875  5.76668e-06  0.000773094
-1.12372  -0.0224208  6.37115e-06  0.000776669
-1.01277  -0.579267  6.03831e-06  0.000780224
-0.650328  -0.992075  4.95098e-06  0.000783348
-0.134331  -1.17045  3.40299e-06  0.000785768
0.414034  -1.06662  1.7579e-06  0.000787341
0.853482  -0.682001  4.39555e-07  0.000788072
1.03488  -0.0909382  -1.0464e-07  0.000788184
0.851959  0.532416  4.44122e-07  0.000788199
0.336923  0.948529  1.98923e-06  0.000788836
-0.308818  0.996975  3.92645e-06  0.000790575
-0.847093  0.698761  5.54128e-06  0.000793355
-1.13246  0.192167  6.39739e-06  0.00079676
-1.12274  -0.364295  6.36821e-06  0.000800314
-0.843661  -0.833168  5.53098e-06  0.000803606
-0.365078  -1.10483  4.09523e-06  0.000806306
0.204811  -1.09997  2.38557e-06  0.000808176
0.717099  -0.785522  8.48704e-07  0.000809118
0.994502  -0.213512  1.64954e-08  0.000809286
0.899019  0.438858  3.02943e-07  0.000809214
0.448682  0.918324  1.65395e-06  0.000809661
-0.167911  1.05781  3.50373e-06  0.000811127
-0.73043  0.856906  5.19129e-06  0.000813615
-1.09061  0.418861  6.27184e-06  0.000816814
-1.18058  -0.12276  6.54175e-06  0.000820324
-0.991903  -0.635213  5.97571e-06  0.000823746
-0.563863  -0.994183  4.69159e-06  0.000826708
0.0129852  -1.09056  2.96104e-06  0.000828882
0.585892  -0.855578  1.24232e-06  0.000830062
0.951769  -0.317974  1.44692e-07  0.000830334
0.946092  0.344086  1.61725e-07  0.000830233
0.574032  0.873218  1.2779e-06  0.000830531
0.00299005  1.09994  2.99103e-06  0.000831735
-0.56894  0.99988  4.70682e-06  0.000833921
-0.993066  0.640277  5.9792e-06  0.000836884
-1.17927  0.127473  6.5378e-06  0.000840308
-1.08643  -0.415295  6.25928e-06  0.000843821
-0.721211  -0.853733  5.16363e-06  0.000847021
-0.152375  -1.0509  3.45712e-06  0.000849498
0.466582  -0.902123  1.60025e-06  0.000850936
0.91011  -0.413841  2.69669e-07  0.000851356
0.994488  0.238089  1.65373e-08  0.000851286
0.711493  0.802381  8.65521e-07  0.000851478
0.20034  1.10964  2.39898e-06  0.000852441
-0.366103  1.11089  4.09831e-06  0.000854322
-0.842039  0.837725  5.52612e-06  0.000857027
-1.1193  0.3671  6.35789e-06  0.000860323
-1.12603  -0.192042  6.37809e-06  0.000863886
-0.834627  -0.700109  5.50388e-06  0.000867295
-0.288753  -0.994454  3.86626e-06  0.000870063
0.359535  -0.935789  1.9214e-06  0.000871772
0.867277  -0.510973  3.98168e-07  0.000872382
1.03978  0.111694  -1.19329e-07  0.000872399
0.853253  0.696097  4.40242e-07  0.000872531
0.41408  1.07464  1.75776e-06  0.00087328
-0.132342  1.17507  3.39703e-06  0.000874864
-0.647096  0.994539  4.94129e-06  0.000877291
-1.00863  0.578733  6.0259e-06  0.000880423
-1.11667  0.0176931  6.35e-06  0.000883991
-0.908213  -0.54811  5.72464e-06  0.000887573
-0.399779  -0.932583  4.19934e-06  0.000890612
0.259376  -0.965132  2.22187e-06  0.000892594
0.816207  -0.616584  5.51379e-07  0.000893434
1.07247  -0.0406477  -2.17404e-07  0.000893591
0.986265  0.548554  4.12048e-08  0.000893708
0.628862  0.987161  1.11341e-06  0.000894277
0.116329  1.18247  2.65101e-06  0.000895576
-0.423643  1.09907  4.27093e-06  0.000897712
-0.861057  0.749826  5.58317e-06  0.000900644
-1.06974  0.201637  6.20923e-06  0.000904174
-0.950897  -0.408012  5.85269e-06  0.000907888
-0.493559  -0.872097  4.48068e-06  0.000911165
0.156962  -0.994484  2.52911e-06  0.000913417
0.746927  -0.732838  7.5922e-07  0.000914517
1.08  -0.218833  -2.40002e-07  0.00091486
1.09459  0.359974  -2.83778e-07  0.000915008
0.826516  0.846057  5.20452e-07  0.000915435
0.360909  1.13016  1.91727e-06  0.000916468
-0.190211  1.1467  3.57063e-06  0.000918303
-0.693404  0.874535  5.08021e-06  0.000921005
-0.999304  0.353807  5.99791e-06  0.000924452
-0.973763  -0.28396  5.92129e-06  0.00092825
-0.580139  -0.81404  4.74042e-06  0.000931725
0.0422607  -1.02274  2.87322e-06  0.000934236
0.649148  -0.855672  1.05255e-06  0.00093562
1.04962  -0.416222  -1.48872e-07  0.000936187
1.16252  0.137521  -4.87567e-07  0.00093641
0.989249  0.657642  3.2252e-08  0.000936735
0.582688  1.0229  1.25194e-06  0.000937524
0.0348308  1.14034  2.89551e-06  0.000939057
-0.522308  0.954107  4.56692e-06  0.0009415
-0.918853  0.47481  5.75656e-06  0.000944823
-0.987126  -0.17378  5.96138e-06  0.000948654
-0.668575  -0.7539  5.00573e-06  0.000952279
-0.0925952  -1.04337  3.27779e-06  0.000955033
0.515106  -0.97509  1.45468e-06  0.000956713
0.971527  -0.620154  8.54196e-08  0.000957533
1.17779  -0.105288  -5.33373e-07  0.000957873
1.1029  0.434939  -3.08705e-07  0.000958138
0.766492  0.872261  7.00525e-07  0.000958711
0.236452  1.08948  2.29064e-06  0.000959944
-0.361127  0.995766  4.08338e-06  0.00096211
-0.838434  0.570743  5.5153e-06  0.00096527
-0.997995  -0.0702108  5.99399e-06  0.000969078
-0.764195  -0.683109  5.29259e-06  0.000972801
-0.250779  -1.04571  3.75234e-06  0.000975774
0.342042  -1.07689  1.97387e-06  0.000977753
0.841488  -0.813821  4.75537e-07  0.000978848
1.13422  -0.350589  -4.02648e-07  0.000979344
1.15952  0.195536  -4.78552e-07  0.00097959
0.903163  0.694401  2.90511e-07  0.000979979
0.405291  1.00784  1.78413e-06  0.000980923
-0.217721  1.01039  3.65316e-06  0.000982801
-0.762669  0.651027  5.28801e-06  0.000985764
-1.00843  0.0366576  6.02528e-06  0.000989492
-0.866698  -0.591417  5.60009e-06  0.000993261
-0.429248  -1.01736  4.28774e-06  0.000996424
0.133757  -1.14543  2.59873e-06  0.000998693
0.662421  -0.979164  1.01274e-06  0.00100008
1.03313  -0.579178  -9.94023e-08  0.00100076
1.15867  -0.0415087  -4.76012e-07  0.00100104
0.990738  0.506928  2.77859e-08  0.00100128
0.538694  0.910281  1.38392e-06  0.00100195
-0.0934998  1.00955  3.2805e-06  0.00100354
-0.69017  0.725656  5.07051e-06  0.00100627
-1.01496  0.156304  6.04489e-06  0.00100987
-0.96961  -0.469682  5.90883e-06  0.00101363
-0.618543  -0.947262  4.85563e-06  0.00101695
-0.0992135  -1.16688  3.29764e-06  0.00101949
0.44444  -1.10018  1.66668e-06  0.00102118
0.883317  -0.773867  3.5005e-07  0.00102208
1.10725  -0.258994  -3.21746e-07  0.00102242
1.03408  0.325648  -1.02245e-07  0.00102255
0.640273  0.809631  1.07918e-06  0.00102299
0.0160881  1.00267  2.95174e-06  0.00102429
-0.614413  0.802371  4.84324e-06  0.00102678
-1.00933  0.294822  6.028e-06  0.00103019
-1.06125  -0.312569  6.18374e-06  0.00103389
-0.803996  -0.828601  5.41199e-06  0.00103733
-0.340904  -1.13223  4.02271e-06  0.00104012
0.203389  -1.16592  2.38983e-06  0.00104211
0.699374  -0.922438  9.01879e-07  0.00104326
1.01775  -0.444432  -5.32454e-08  0.00104371
1.04311  0.161829  -1.29324e-07  0.00104378
0.718197  0.7141  8.4541e-07  0.00104401
0.119764  0.994806  2.64071e-06  0.00104505
-0.525814  0.884309  4.57744e-06  0.00104727
-0.980271  0.45277  5.94081e-06  0.00105045
-1.12696  -0.12059  6.38088e-06  0.00105405
-0.968165  -0.660977  5.9045e-06  0.00105756
-0.572476  -1.03938  4.71743e-06  0.00106058
-0.0418345  -1.17251  3.1255e-06  0.00106286
0.499006  -1.01955  1.50298e-06  0.00106429
0.905494  -0.591794  2.83519e-07  0.00106489
1.03002  0.0205691  -9.00639e-08  0.00106494
0.782643  0.62589  6.52072e-07  0.00106501
0.227644  0.985622  2.31707e-06  0.00106581
-0.414443  0.968692  4.24333e-06  0.00106775
-0.916255  0.624255  5.74876e-06  0.00107067
-1.15222  0.0990031  6.45665e-06  0.00107413
-1.09401  -0.451251  6.28202e-06  0.00107766
-0.775475  -0.893873  5.32643e-06  0.00108088
-0.272586  -1.12373  3.81776e-06  0.00108345
0.299717  -1.06717  2.10085e-06  0.00108517
0.785386  -0.701814  6.43843e-07  0.00108595
1.00625  -0.0994661  -1.87404e-08  0.00108603
0.842978  0.541267  4.71066e-07  0.001086
0.348113  0.969513  1.95566e-06  0.0010866
-0.272852  1.04695  3.81856e-06  0.00108825
-0.808513  0.797425  5.42554e-06  0.00109088
-1.12578  0.332786  6.37733e-06  0.00109416
-1.16811  -0.212855  6.50432e-06  0.00109768
-0.935083  -0.708063  5.80525e-06  0.00110105
-0.473674  -1.03006  4.42102e-06  0.0011039
0.115711  -1.07347  2.65287e-06  0.00110592
0.668914  -0.780845  9.93259e-07  0.00110693
0.979762  -0.204911  6.07145e-08  0.00110708
0.90519  0.452067  2.84429e-07  0.001107
0.485113  0.936916  1.54466e-06  0.00110743
-0.098492  1.10631  3.29548e-06  0.0011088
-0.653632  0.956316  4.9609e-06  0.00111114
-1.04235  0.56312  6.12706e-06  0.0011142
-1.18328  0.0363228  6.54985e-06  0.00111767
-1.04263  -0.498852  6.12789e-06  0.00112116
-0.635745  -0.90636  4.90724e-06  0.00112427
-0.0443558  -1.0505  3.13307e-06  0.00112659
0.562051  -0.838625  1.31385e-06  0.00112783
0.953406  -0.305441  1.39781e-07  0.00112812
0.970042  0.348234  8.98742e-08  0.00112804
0.636497  0.876606  1.09051e-06  0.00112834
0.104802  1.13243  2.68559e-06  0.00112946
-0.455104  1.08372  4.36531e-06  0.00113149
-0.904074  0.771121  5.71222e-06  0.00113431
-1.13992  0.277011  6.41977e-06  0.00113768
-1.09682  -0.284608  6.29046e-06  0.00114125
-0.756345  -0.768753  5.26903e-06  0.00114459
-0.178348  -1.01112  3.53504e-06  0.0011472
0.464487  -0.885491  1.60654e-06  0.00114871
0.924466  -0.41081  2.26603e-07  0.00114917
1.03241  0.220742  -9.72414e-08  0.00114916
0.793763  0.778573  6.18712e-07  0.00114937
0.326635  1.11263  2.0201e-06  0.00115025
-0.223431  1.16446  3.67029e-06  0.00115198
-0.72043  0.940002  5.16129e-06  0.00115454
-1.04582  0.491903  6.13745e-06  0.00115777
-1.10341  -0.0818582  6.31022e-06  0.00116138
-0.839481  -0.631428  5.51844e-06  0.00116491
-0.290202  -0.965972  3.87061e-06  0.0011678
0.370362  -0.929648  1.88891e-06  0.00116958
0.885497  -0.527822  3.4351e-07  0.00117026
1.08209  0.0643032  -2.46256e-07  0.00117036
0.943228  0.636857  1.70317e-07  0.00117053
0.551331  1.03888  1.34601e-06  0.00117121
0.0252878  1.18841  2.92414e-06  0.00117265
-0.506716  1.05804  4.52015e-06  0.00117492
-0.914477  0.668548  5.74343e-06  0.00117798
-1.07342  0.0974729  6.22027e-06  0.00118157
-0.893845  -0.50397  5.68153e-06  0.00118526
-0.388226  -0.921153  4.16468e-06  0.0011884
0.270331  -0.974993  2.18901e-06  0.00119045
0.826198  -0.658012  5.21405e-07  0.00119138
1.10583  -0.120633  -3.17499e-07  0.00119165
1.06842  0.451675  -2.05266e-07  0.00119182
0.760441  0.9099  7.18678e-07  0.00119233
0.272006  1.15249  2.18398e-06  0.00119349
-0.281292  1.12054  3.84387e-06  0.00119547
-0.762355  0.801151  5.28707e-06  0.00119831
-1.02038  0.247726  6.06113e-06  0.00120186
-0.930163  -0.389833  5.79049e-06  0.00120566
-0.482494  -0.87712  4.44748e-06  0.001209
0.154446  -1.01986  2.53666e-06  0.00121132
0.736022  -0.796585  7.91935e-07  0.00121253
1.09039  -0.327031  -2.71179e-07  0.00121301
1.15323  0.230283  -4.59705e-07  0.00121322
0.935975  0.73196  1.92075e-07  0.0012136
0.498028  1.06134  1.50592e-06  0.0012145
-0.0622768  1.13026  3.18683e-06  0.00121618
-0.605576  0.890893  4.81673e-06  0.00121878
-0.957083  0.36976  5.87125e-06  0.00122223
-0.958333  -0.286244  5.875e-06  0.00122608
-0.581843  -0.828938  4.74553e-06  0.00122959
0.0151196  -1.05707  2.95464e-06  0.00123216
0.607049  -0.932818  1.17885e-06  0.00123367
1.02562  -0.541826  -7.68572e-08  0.00123439
1.18514  -0.0136662  -5.55412e-07  0.00123469
1.06365  0.518027  -1.90943e-07  0.00123498
0.688236  0.926347  9.35293e-07  0.00123564
0.135582  1.09642  2.59325e-06  0.00123701
-0.456899  0.944779  4.3707e-06  0.00123935
-0.892824  0.469836  5.67847e-06  0.00124266
-0.984934  -0.185555  5.9548e-06  0.00124651
-0.691105  -0.76775  5.07332e-06  0.00125014
-0.150421  -1.07527  3.45126e-06  0.00125295
0.436504  -1.05187  1.69049e-06  0.00125477
0.907115  -0.747847  2.78656e-07  0.00125574
1.15778  -0.262194  -4.73344e-07  0.00125617
1.13541  0.285588  -4.06237e-07  0.00125641
0.833512  0.763369  4.99464e-07  0.00125686
0.303199  1.0323  2.0904e-06  0.00125794
-0.323547  0.973313  3.97064e-06  0.00126
-0.831501  0.557435  5.4945e-06  0.00126313
-1.01155  -0.0777712  6.03465e-06  0.00126692
-0.809286  -0.683105  5.42786e-06  0.00127062
-0.338669  -1.06151  4.01601e-06  0.00127364
0.228287  -1.13759  2.31514e-06  0.00127576
0.737731  -0.926751  7.86807e-07  0.00127701
1.07238  -0.496037  -2.17152e-07  0.0012776
1.15073  0.0535391  -4.52187e-07  0.00127784
0.931859  0.589617  2.04424e-07  0.00127812
0.438128  0.952159  1.68561e-06  0.00127891
-0.206321  0.98759  3.61896e-06  0.00128069
-0.77116  0.642454  5.31348e-06  0.00128361
-1.03418  0.0463786  6.10255e-06  0.00128729
-0.929142  -0.565745  5.78743e-06  0.00129101
-0.539686  -1.0043  4.61906e-06  0.00129421
-0.00689668  -1.17578  3.02069e-06  0.00129661
0.527563  -1.06234  1.41731e-06  0.00129815
0.93758  -0.698002  1.87261e-07  0.00129894
1.11628  -0.16114  -3.48848e-07  0.00129922
0.98797  0.420399  3.60899e-08  0.00129936
0.5441  0.868077  1.3677e-06  0.0012999
-0.100172  0.996505  3.30052e-06  0.0013014
-0.704924  0.732316  5.11477e-06  0.00130408
-1.04396  0.192575  6.13187e-06  0.00130758
-1.03825  -0.410326  6.11476e-06  0.00131128
-0.738352  -0.896586  5.21505e-06  0.00131462
-0.252904  -1.15721  3.75871e-06  0.00131729
0.292423  -1.14353  2.12273e-06  0.00131913
0.767774  -0.855892  6.96677e-07  0.00132015
1.04423  -0.346192  -1.32699e-07  0.00132051
1.01142  0.266431  -3.42596e-08  0.00132055
0.629298  0.787495  1.11211e-06  0.00132088
0.00389682  1.00463  2.98831e-06  0.00132211
-0.623026  0.829595  4.86908e-06  0.00132452
-1.02903  0.360858  6.08708e-06  0.00132781
-1.12136  -0.217471  6.36407e-06  0.00133143
-0.916845  -0.73788  5.75053e-06  0.00133488
-0.490759  -1.07964  4.47228e-06  0.00133779
0.0511227  -1.16635  2.84663e-06  0.00133993
0.580365  -0.964345  1.2589e-06  0.00134121
0.949403  -0.495771  1.51792e-07  0.00134169
1.01392  0.132253  -4.17492e-08  0.00134169
0.703815  0.711909  8.88555e-07  0.00134184
0.115968  1.01115  2.6521e-06  0.00134282
-0.515474  0.930783  4.54642e-06  0.00134495
-0.977405  0.544773  5.93221e-06  0.00134799
-1.16344  0.00537162  6.49033e-06  0.0013515
-1.05784  -0.535037  6.17352e-06  0.001355
-0.701935  -0.94853  5.10581e-06  0.00135813
-0.177844  -1.13443  3.53353e-06  0.00136057
0.392457  -1.02521  1.82263e-06  0.00136213
0.846045  -0.610697  4.61864e-07  0.00136277
1.0063  0.0160255  -1.88855e-08  0.00136277
0.776809  0.63707  6.69573e-07  0.0013628
0.244094  1.00996  2.26772e-06  0.00136356
-0.374855  1.02654  4.12457e-06  0.0013654
-0.880018  0.731923  5.64005e-06  0.00136817
-1.15298  0.244547  6.45893e-06  0.00137151
-1.14774  -0.301505  6.44321e-06  0.00137504
-0.871589  -0.776067  5.61477e-06  0.00137835
-0.379467  -1.05798  4.1384e-06  0.00138108
0.217792  -1.04639  2.34662e-06  0.00138293
0.7449  -0.697295  7.65301e-07  0.00138376
0.99594  -0.0892644  1.21791e-08  0.00138383
0.853867  0.554547  4.384e-07  0.00138378
0.391689  0.990984  1.82493e-06  0.00138435
-0.198754  1.10336  3.59626e-06  0.0013859
-0.73331  0.905869  5.19993e-06  0.00138838
-1.08449  0.482204  6.25347e-06  0.00139154
-1.17922  -0.055157  6.53766e-06  0.00139503
-0.99103  -0.57895  5.97309e-06  0.00139849
-0.544552  -0.951491  4.63366e-06  0.00140149
0.0645442  -1.03948  2.80637e-06  0.00140364
0.651176  -0.765167  1.04647e-06  0.0014047
0.985166  -0.193446  4.45024e-08  0.00140487
0.935145  0.454226  1.94564e-07  0.00140481
0.555987  0.942522  1.33204e-06  0.00140523
0.00876639  1.14634  2.9737e-06  0.00140651
-0.540759  1.04902  4.62228e-06  0.00140868
-0.960002  0.69931  5.88001e-06  0.00141162
-1.15256  0.184807  6.45769e-06  0.00141505
-1.05888  -0.375241  6.17664e-06  0.00141861
-0.670725  -0.830542  5.01217e-06  0.00142186
-0.0656062  -1.01673  3.19682e-06  0.00142431
0.563901  -0.824434  1.3083e-06  0.00142561
0.970799  -0.30612  8.76037e-08  0.00142594
1.01479  0.327163  -4.43593e-08  0.00142593
0.727851  0.854223  8.16446e-07  0.00142623
0.237032  1.1424  2.2889e-06  0.00142725
-0.312918  1.14594  3.93876e-06  0.00142913
-0.788913  0.87899  5.36674e-06  0.00143181
-1.07537  0.401205  6.22611e-06  0.00143513
-1.08069  -0.181092  6.24207e-06  0.00143876
-0.761949  -0.708654  5.28585e-06  0.00144223
-0.176977  -0.988106  3.53093e-06  0.00144496
0.476774  -0.88299  1.56968e-06  0.00144652
0.944964  -0.43365  1.65108e-07  0.00144706
1.08181  0.168251  -2.45444e-07  0.00144714
0.893018  0.719941  3.20945e-07  0.00144737
0.470086  1.08325  1.58974e-06  0.00144817
-0.0659342  1.18632  3.1978e-06  0.00144974
-0.586377  1.00948  4.75913e-06  0.00145216
-0.960855  0.581718  5.88257e-06  0.00145533
-1.06712  -0.00801923  6.20135e-06  0.00145898
-0.826737  -0.594677  5.48021e-06  0.00146262
-0.278125  -0.959078  3.83438e-06  0.0014656
0.380288  -0.944272  1.85914e-06  0.00146744
0.896951  -0.576945  3.09147e-07  0.00146823
1.12234  -0.0217893  -3.67033e-07  0.00146845
1.03453  0.539857  -1.03601e-07  0.00146865
0.689246  0.967509  9.32261e-07  0.00146925
0.181144  1.16696  2.45657e-06  0.00147053
-0.37054  1.086  4.11162e-06  0.00147266
-0.825049  0.720628  5.47515e-06  0.00147564
-1.03112  0.138707  6.09337e-06  0.00147927
-0.87554  -0.491345  5.62662e-06  0.00148305
-0.379153  -0.929565  4.13746e-06  0.00148625
0.264567  -1.006  2.2063e-06  0.00148836
0.815873  -0.730511  5.5238e-07  0.00148942
1.12261  -0.235594  -3.67817e-07  0.00148982
1.13593  0.32129  -4.07776e-07  0.00149004
0.876366  0.801349  3.70903e-07  0.00149048
0.409678  1.09236  1.77096e-06  0.00149149
-0.159227  1.11119  3.47768e-06  0.00149332
-0.683517  0.819086  5.05055e-06  0.00149608
-0.984839  0.260277  5.95452e-06  0.00149964
-0.91792  -0.39529  5.75376e-06  0.0015035
-0.488635  -0.894217  4.46591e-06  0.00150688
0.122249  -1.06025  2.63325e-06  0.00150926
0.693602  -0.882949  9.19193e-07  0.00151061
1.07212  -0.459749  -2.16367e-07  0.00151123
1.18442  0.0779868  -5.53269e-07  0.0015115
1.01706  0.597666  -5.11815e-08  0.00151183
0.604638  0.973701  1.18609e-06  0.00151258
0.0331478  1.09397  2.90056e-06  0.00151411
-0.548364  0.883917  4.64509e-06  0.00151662
-0.936815  0.363197  5.81044e-06  0.00152007
-0.960059  -0.298517  5.88018e-06  0.00152394
-0.610867  -0.843838  4.8326e-06  0.00152746
-0.0491153  -1.095  3.14735e-06  0.0015301
0.5273  -1.01882  1.4181e-06  0.00153176
0.966321  -0.676771  1.01038e-07  0.00153261
1.17352  -0.171999  -5.20572e-07  0.00153298
1.10321  0.37381  -3.0964e-07  0.00153323
0.756979  0.826509  7.29062e-07  0.00153376
0.197831  1.04717  2.40651e-06  0.00153498
-0.42612  0.925306  4.27836e-06  0.00153723
-0.89029  0.45706  5.67087e-06  0.00154052
-1.00305  -0.190985  6.00915e-06  0.00154435
-0.744152  -0.767693  5.23246e-06  0.00154797
-0.245631  -1.0967  3.73689e-06  0.00155084
0.320927  -1.12151  2.03722e-06  0.0015528
0.807976  -0.868073  5.76072e-07  0.00155392
1.10432  -0.409385  -3.12965e-07  0.00155443
1.13418  0.148469  -4.02527e-07  0.00155464
0.864694  0.667549  4.05919e-07  0.00155497
0.332656  0.984406  2.00203e-06  0.00155591
-0.316937  0.95394  3.95081e-06  0.00155788
-0.842797  0.55167  5.52839e-06  0.00156097
-1.04229  -0.0636269  6.12686e-06  0.0015647
-0.880502  -0.656328  5.6415e-06  0.00156837
-0.456942  -1.05344  4.37083e-06  0.00157144
0.0853188  -1.17648  2.74404e-06  0.0015737
0.60714  -1.01729  1.17858e-06  0.0015751
0.985299  -0.617014  4.41043e-08  0.00157579
1.11642  -0.0616431  -3.49271e-07  0.00157601
0.932327  0.511577  2.03019e-07  0.00157617
0.441545  0.917035  1.67537e-06  0.00157684
-0.215261  0.978274  3.64578e-06  0.00157854
-0.787118  0.654088  5.36135e-06  0.0015814
-1.06822  0.0888751  6.20467e-06  0.00158498
-1.0068  -0.504328  6.0204e-06  0.00158865
-0.667532  -0.957915  5.0026e-06  0.00159189
-0.163246  -1.17431  3.48974e-06  0.00159443
0.379559  -1.11325  1.86132e-06  0.00159613
0.830625  -0.782735  5.08125e-07  0.00159702
1.06176  -0.244546  -1.85274e-07  0.00159729
0.969143  0.368697  9.25707e-08  0.00159734
0.53278  0.851731  1.40166e-06  0.00159777
-0.111857  1.00243  3.33557e-06  0.0015992
-0.713256  0.766277  5.13977e-06  0.0016018
-1.06839  0.266109  6.20518e-06  0.00160518
-1.1072  -0.312374  6.3216e-06  0.0016088
-0.859248  -0.809537  5.57774e-06  0.00161218
-0.405697  -1.11261  4.21709e-06  0.00161497
0.143915  -1.15186  2.56826e-06  0.00161698
0.657355  -0.901194  1.02793e-06  0.00161811
0.984474  -0.39463  4.65791e-08  0.00161848
0.9864  0.242822  4.07993e-08  0.00161845
0.616431  0.789335  1.15071e-06  0.00161869
0.00328179  1.0251  2.99015e-06  0.00161987
-0.611075  0.883981  4.83323e-06  0.00162218
-1.03032  0.461131  6.09095e-06  0.00162533
-1.16626  -0.0880633  6.49878e-06  0.00162887
-1.01452  -0.615133  6.04356e-06  0.00163233
-0.623472  -0.996721  4.87042e-06  0.00163536
-0.0814874  -1.13662  3.24446e-06  0.00163767
0.482146  -0.974133  1.55356e-06  0.00163906
0.898146  -0.512867  3.05562e-07  0.00163957
0.994412  0.13156  1.67654e-08  0.00163952
0.701451  0.725134  8.95646e-07  0.00163962
0.137877  1.03959  2.58637e-06  0.00164056
-0.473114  0.997089  4.41934e-06  0.00164257
-0.944597  0.661063  5.83379e-06  0.00164547
-1.17216  0.154759  6.51648e-06  0.00164887
-1.11959  -0.388137  6.35877e-06  0.00165239
-0.801738  -0.838674  5.40521e-06  0.00165562
-0.281863  -1.07746  3.84559e-06  0.00165822
0.318216  -1.00919  2.04535e-06  0.0016599
0.812745  -0.605629  5.61765e-07  0.00166058
1.00004  0.027503  -1.26472e-10  0.00166056
0.792983  0.650444  6.2105e-07  0.00166058
0.294853  1.03524  2.11544e-06  0.00166131
-0.297024  1.09142  3.89107e-06  0.00166303
-0.807528  0.849039  5.42258e-06  0.00166564
-1.11925  0.398076  6.35776e-06  0.00166888
-1.16703  -0.146369  6.50109e-06  0.00167239
-0.931806  -0.654914  5.79542e-06  0.00167581
-0.448222  -0.988456  4.34466e-06  0.00167869
0.173189  -1.01754  2.48043e-06  0.00168066
0.732723  -0.682469  8.01831e-07  0.00168154
1.00512  -0.0792993  -1.53658e-08  0.00168162
0.890524  0.55505  3.28428e-07  0.0016816
0.470883  0.999847  1.58735e-06  0.00168215
-0.0870395  1.15152  3.26112e-06  0.00168358
-0.622551  1.00713  4.86765e-06  0.0016859
-1.00945  0.622743  6.02836e-06  0.00168894
-1.15699  0.0910857  6.47097e-06  0.00169242
-1.01223  -0.463155  6.0367e-06  0.00169596
-0.578318  -0.884606  4.73495e-06  0.00169911
0.0482198  -1.01085  2.85534e-06  0.00170138
0.656484  -0.753354  1.03055e-06  0.00170249
1.006  -0.198252  -1.79932e-08  0.00170271
0.987447  0.430008  3.76602e-08  0.00170271
0.656265  0.922664  1.03121e-06  0.00170312
0.145936  1.16392  2.56219e-06  0.00170428
-0.40024  1.11968  4.20072e-06  0.0017063
-0.852047  0.811838  5.55614e-06  0.0017091
-1.09688  0.307209  6.29063e-06  0.0017125
-1.04837  -0.27912  6.1451e-06  0.00171615
-0.676128  -0.778729  5.02838e-06  0.00171953
-0.0614516  -0.998496  3.18435e-06  0.00172207
0.577334  -0.825875  1.268e-06  0.00172344
0.994292  -0.335268  1.71235e-08  0.00172386
1.07202  0.270313  -2.1606e-07  0.00172392
0.836208  0.797339  4.91377e-07  0.00172423
0.385712  1.1201  1.84286e-06  0.00172514
-0.156752  1.1762  3.47026e-06  0.00172686
-0.662016  0.953575  4.98605e-06  0.00172941
-0.999594  0.489853  5.99878e-06  0.00173269
-1.0505  -0.113856  6.15149e-06  0.00173639
-0.750065  -0.678905  5.25019e-06  0.00173997
-0.164651  -0.985352  3.49395e-06  0.00174277
0.485623  -0.902965  1.54313e-06  0.00174441
0.958806  -0.49066  1.23581e-07  0.00174506
1.12971  0.0768842  -3.8913e-07  0.00174524
0.993322  0.62399  2.00328e-08  0.00174548
0.613419  1.01855  1.15974e-06  0.00174618
0.0889015  1.1734  2.7333e-06  0.0017476
-0.457249  1.04313  4.37175e-06  0.00174988
-0.8807  0.633418  5.6421e-06  0.00175299
-1.03105  0.027828  6.09314e-06  0.0017567
-0.810384  -0.587144  5.43115e-06  0.00176042
-0.271485  -0.970854  3.81445e-06  0.00176346
0.371505  -0.981659  1.88549e-06  0.00176538
0.888254  -0.658287  3.35237e-07  0.00176629
1.14626  -0.142644  -4.38777e-07  0.00176663
1.11081  0.409969  -3.32439e-07  0.00176686
0.810785  0.865353  5.67644e-07  0.00176738
0.318179  1.11562  2.04546e-06  0.00176851
-0.255235  1.083  3.76571e-06  0.00177049
-0.755159  0.739063  5.26548e-06  0.00177341
-1.00148  0.147532  6.00445e-06  0.00177707
-0.866376  -0.499513  5.59913e-06  0.0017809
-0.390215  -0.94922  4.17065e-06  0.00178413
0.22777  -1.05329  2.31669e-06  0.00178633
0.774252  -0.826129  6.77244e-07  0.00178753
1.11087  -0.374563  -3.32616e-07  0.00178806
1.17569  0.169084  -5.27078e-07  0.00178832
0.963364  0.673295  1.09907e-07  0.00178869
0.516177  1.0138  1.45147e-06  0.00178955
-0.0699962  1.08181  3.20999e-06  0.00179123
-0.634371  0.813487  4.90311e-06  0.00179392
-0.969678  0.252071  5.90903e-06  0.00179749
-0.923842  -0.407717  5.77153e-06  0.00180136
-0.524585  -0.910843  4.57375e-06  0.00180475
0.0522138  -1.10509  2.84336e-06  0.00180722
0.613865  -0.978203  1.15841e-06  0.00180872
1.0188  -0.601122  -5.6401e-08  0.00180948
1.18132  -0.0805762  -5.43948e-07  0.0018098
1.06299  0.459556  -1.88961e-07  0.00181006
0.673959  0.88312  9.78122e-07  0.00181068
0.0901061  1.05192  2.72968e-06  0.00181206
-0.52413  0.866625  4.57239e-06  0.0018145
-0.938271  0.35118  5.81481e-06  0.00181793
-0.983334  -0.301689  5.95e-06  0.00182177
-0.672215  -0.844621  5.01664e-06  0.00182529
-0.150954  -1.12295  3.45286e-06  0.00182801
0.411081  -1.09747  1.76676e-06  0.00182981
0.872729  -0.803532  3.81812e-07  0.00183082
1.12865  -0.319753  -3.85955e-07  0.00183125
1.1089  0.242572  -3.26711e-07  0.00183145
0.789536  0.739851  6.31392e-07  0.00183184
0.223254  1.00633  2.33024e-06  0.00183293
-0.423919  0.908839  4.27176e-06  0.00183511
-0.904327  0.454548  5.71298e-06  0.00183835
-1.03957  -0.172532  6.11871e-06  0.00184212
-0.824409  -0.740836  5.47323e-06  0.00184571
-0.371019  -1.09453  4.11306e-06  0.00184866
0.176831  -1.16909  2.46951e-06  0.00185076
0.682646  -0.965303  9.52063e-07  0.00185204
1.02601  -0.531361  -7.80371e-08  0.00185262
1.10738  0.0387441  -3.22128e-07  0.0018528
0.867339  0.598142  3.97983e-07  0.001853
0.333649  0.955655  1.99905e-06  0.00185381
-0.327707  0.948209  3.98312e-06  0.00185572
-0.860263  0.568822  5.58079e-06  0.00185874
-1.08229  -0.0152228  6.24686e-06  0.00186238
-0.967405  -0.593949  5.90222e-06  0.001866
-0.592123  -1.0123  4.77637e-06  0.00186914
-0.0725113  -1.18345  3.21753e-06  0.00187154
0.464195  -1.07518  1.60742e-06  0.0018731
0.887305  -0.703332  3.38085e-07  0.00187387
1.06983  -0.140278  -2.09492e-07  0.00187407
0.916365  0.46742  2.50906e-07  0.00187413
0.42974  0.905862  1.71078e-06  0.0018747
-0.226064  0.988421  3.67819e-06  0.00187634
-0.795787  0.695328  5.38736e-06  0.0018791
-1.09837  0.16945  6.29511e-06  0.00188256
-1.08482  -0.404657  6.25446e-06  0.00188617
