0   -560888    -0.0038218
1   -6925.4    -0.228772
2   -11053.3    -0.12907
3   -11027    -0.230322
4   59047.4    -7.1605
5   2199.27    -0.245054
6   -5973.01    -0.102847
7   -10429.3    -0.139926
8   -11629.3    -0.0538662
9   -14408.6    -0.215285
10   -16426.6    -0.0949678
11   -10097.8    -0.351213
12   -2858.82    -0.2178
13   -8073.43    -0.307095
14   -8608.79    -0.151478
15   1.24001e+07    -1306.48
16   5003.39    -0.440837
17   -4072.63    -0.155456
18   10532.5    -2.9175
19   255.874    -0.135558
20   1.22615e+07    -1262.9
21   9669.44    -0.661231
22   -11380    -0.0755456
23   -15698.6    -0.151053
24   73764.6    -8.53277
25   5068.36    -0.46622
26   -2735.99    -0.642599
27   -11124.2    -0.174474
28   -12974.4    -0.158131
29   8249.7    -2.48331
30   1138.6    -0.242128
31   -11480.2    -0.136764
32   -11036.4    -0.0950568
33   -11349.4    -0.299555
34   1373.63    -0.514579
35   2668.58    -0.330921
36   -12271.5    -0.12831
37   -1188.89    -0.293359
38   -10451.1    -0.227396
39   -2001.34    -0.164662
40   -8567.28    -0.286204
41   -7314.79    -0.302245
42   -5871.08    -0.119291
43   -2504.07    -0.134247
44   -5267.74    -0.161251
45   -8663.11    -0.259685
46   -5717.94    -0.246415
47   -6454.35    -0.286015
48   -7823.25    -0.159804
49   79338.5    -2.22745
50   592.991    -0.314646
51   -6864.87    -0.0976727
52   -5643.01    -0.149233
53   200366    -24.4501
54   9149.48    -0.464157
55   -7539.59    -0.253896
56   -6130.61    -0.184564
57   30871.5    -1.24515
58   -474.244    -0.14401
59   -7751.33    -0.0648549
60   -11170.2    -0.0777756
61   6500.21    -0.18997
62   -13272.5    -0.186381
63   -4136.27    -0.762598
64   -1453.06    -0.238897
65   -9648.31    -0.147886
66   -20567.6    -0.0125794
67   -6275.63    -0.396338
68   -11488.7    -0.0937743
69   -9643.06    -0.18399
70   -1684.84    -0.326319
71   1997.31    -1.46518
72   20898.8    -4.76181
73   -1083.8    -0.230005
74   -3647.49    -0.22949
75   -9799.4    -0.218945
76   -7399.04    -0.174096
77   -10904.3    -0.226482
78   -1506.32    -0.443465
79   -12910.8    -0.0408552
80   187315    -18.7649
81   2110.46    -0.453395
82   -11833.5    -0.292458
83   -7248.21    -0.1133
84   6857.11    -0.434844
85   4679.55    -0.994163
86   2015.82    -0.147322
87   -6832.33    -0.191074
88   -5000.54    -0.112701
89   -20931.8    -0.0479019
90   -8089.96    -0.171406
91   -10999.8    -0.122187
92   -5815.85    -0.213814
93   90009.3    -8.76064
94   112534    -11.201
95   7619.62    -1.13713
96   9760.55    -1.30138
97   4033.28    -0.213622
98   -5634.55    -0.147736
99   -9140.17    -0.676447
