0            0

0            1

0            2

0            3

0            4

0            5

0            6

0            7

0            8

0            9

0            10

0            11

0            12

0            13

0            14

0            15

0            16

0            17

0            18

0            19

0            20

0            21

0            22

0            23

0            24

0            25

0            26

0            27

0            28

0            29

0            30

0            31

0            32

0            33

0            34

0            35

0            36

0            37

0            38

0            39

0            40

0            41

0            42

0            43

0            44

0            45

0            46

0            47

0            48

0            49

0            50

0            51

0            52

0            53

0            54

0            55

0            56

0            57

0            58

0            59

0            60

0            61

0            62

0            63

0            64

0            65

0            66

0            67

0            68

0            69

0            70

0            71

0            72

0            73

0            74

0            75

0            76

0            77

0            78

0            79

0            80

0            81

0            82

0            83

0            84

0            85

0            86

0            87

0            88

0            89

0            90

0            91

0            92

0            93

0            94

0            95

0            96

0            97

0            98

0            99

0            100

0            101

0            102

0            103

0            104

0            105

0            106

0            107

0            108

0            109

0            110

0            111

0            112

0            113

0            114

0            115

0            116

0            117

0            118

0            119

0            120

0            121

0            122

0            123

0            124

0            125

0            126

0            127

0            128

0            129

0            130

0            131

0            132

0            133

0            134

0            135

0            136

0            137

0            138

0            139

0            140

0            141

0            142

0            143

0            144

0            145

0            146

0            147

0            148

0            149

0            150

0            151

0            152

0            153

0            154

0            155

0            156

0            157

0            158

0            159

0            160

0            161

0            162

0            163

0            164

0            165

0            166

0            167

0            168

0            169

0            170

0            171

0            172

0            173

0            174

0            175

0            176

0            177

0            178

0            179

0            180

0            181

0            182

0            183

0            184

0            185

0            186

0            187

0            188

0            189

0            190

0            191

0            192

0            193

0            194

0            195

0            196

0            197

0            198

0            199

0            200

0            201

0            202

0            203

0            204

0            205

0            206

0            207

0            208

0            209

0            210

0            211

0            212

0            213

0            214

0            215

0            216

0            217

0            218

0            219

0            220

0            221

0            222

0            223

0            224

0            225

0            226

0            227

0            228

0            229

0.04            230

0.04            231

0.04            232

0.04            233

0.04            234

0.04            235

0.04            236

0.04            237

0.04            238

0.04            239

0.04            240

0.04            241

0.04            242

0.04            243

0.04            244

0.04            245

0.04            246

0.04            247

0.04            248

0.04            249

0.04            250

0.04            251

0.04            252

0.04            253

0.04            254

0.04            255

0.04            256

0.04            257

0.04            258

0.04            259

0.04            260

0.04            261

0.04            262

0.04            263

0.04            264

0.04            265

0.04            266

0.04            267

0.04            268

0.04            269

0.04            270

0.04            271

0.04            272

0.04            273

0.04            274

0.04            275

0.04            276

0.04            277

0.04            278

0.04            279

0.04            280

0.04            281

0.04            282

0.04            283

0.04            284

0.04            285

0.04            286

0.04            287

0.04            288

0.04            289

0.04            290

0.04            291

0.04            292

0.04            293

0.04            294

0.04            295

0.04            296

0.04            297

0.04            298

0.04            299

0.04            300

0.04            301

0.04            302

0.04            303

0.04            304

0.04            305

0.04            306

0.04            307

0.04            308

0.04            309

0.04            310

0.04            311

0.04            312

0.04            313

0.04            314

0.04            315

0.04            316

0.04            317

0.04            318

0.04            319

0.04            320

0.04            321

0.04            322

0.04            323

0.04            324

0.04            325

0.04            326

0.04            327

0.04            328

0.04            329

0.04            330

0.04            331

0.04            332

0.04            333

0.04            334

0.04            335

0.04            336

0.04            337

0.04            338

0.04            339

0.04            340

0.04            341

0.04            342

0.04            343

0.04            344

0.04            345

0.04            346

0.04            347

0.04            348

0.04            349

0.04            350

0.04            351

0.04            352

0.04            353

0.04            354

0.04            355

0.04            356

0.04            357

0.04            358

0.04            359

0.04            360

0.04            361

0.04            362

0.04            363

0.04            364

0.04            365

0.04            366

0.04            367

0.04            368

0.04            369

0.04            370

0.04            371

0.04            372

0.04            373

0.04            374

0.04            375

0.04            376

0.04            377

0.04            378

0.04            379

0.04            380

0.04            381

0.04            382

0.04            383

0.04            384

0.04            385

0.04            386

0.04            387

0.04            388

0.04            389

0.04            390

0.04            391

0.04            392

0.04            393

0.04            394

0.04            395

0.04            396

0.04            397

0.04            398

0.04            399

0.04            400

0.04            401

0.04            402

0.04            403

0.04            404

0.04            405

0.04            406

0.04            407

0.04            408

0.04            409

0.04            410

0.04            411

0.04            412

0.04            413

0.04            414

0.04            415

0.04            416

0.08            417

0.08            418

0.08            419

0.08            420

0.08            421

0.08            422

0.08            423

0.08            424

0.08            425

0.08            426

0.08            427

0.08            428

0.08            429

0.08            430

0.08            431

0.08            432

0.08            433

0.08            434

0.08            435

0.08            436

0.08            437

0.08            438

0.08            439

0.08            440

0.08            441

0.08            442

0.08            443

0.08            444

0.08            445

0.08            446

0.08            447

0.08            448

0.08            449

0.08            450

0.08            451

0.08            452

0.08            453

0.08            454

0.08            455

0.08            456

0.08            457

0.08            458

0.08            459

0.08            460

0.08            461

0.08            462

0.08            463

0.08            464

0.08            465

0.08            466

0.08            467

0.08            468

0.08            469

0.08            470

0.08            471

0.08            472

0.08            473

0.08            474

0.08            475

0.08            476

0.08            477

0.08            478

0.08            479

0.08            480

0.08            481

0.08            482

0.08            483

0.08            484

0.08            485

0.08            486

0.08            487

0.08            488

0.08            489

0.08            490

0.12            491

0.12            492

0.12            493

0.12            494

0.12            495

0.12            496

0.12            497

0.12            498

0.12            499

0.12            500

0.12            501

0.12            502

0.12            503

0.12            504

0.12            505

0.12            506

0.12            507

0.12            508

0.12            509

0.12            510

0.12            511

0.12            512

0.12            513

0.12            514

0.12            515

0.12            516

0.12            517

0.12            518

0.12            519

0.12            520

0.12            521

0.12            522

0.12            523

0.12            524

0.12            525

0.12            526

0.12            527

0.12            528

0.12            529

0.12            530

0.12            531

0.12            532

0.12            533

0.12            534

0.12            535

0.12            536

0.12            537

0.12            538

0.12            539

0.12            540

0.12            541

0.12            542

0.12            543

0.12            544

0.12            545

0.12            546

0.12            547

0.12            548

0.12            549

0.12            550

0.12            551

0.12            552

0.12            553

0.12            554

0.12            555

0.12            556

0.12            557

0.12            558

0.12            559

0.12            560

0.12            561

0.12            562

0.12            563

0.12            564

0.12            565

0.12            566

0.12            567

0.12            568

0.12            569

0.12            570

0.12            571

0.12            572

0.12            573

0.12            574

0.12            575

0.12            576

0.12            577

0.12            578

0.12            579

0.12            580

0.12            581

0.12            582

0.12            583

0.12            584

0.12            585

0.12            586

0.12            587

0.12            588

0.12            589

0.12            590

0.12            591

0.12            592

0.12            593

0.12            594

0.12            595

0.12            596

0.12            597

0.12            598

0.12            599

0.12            600

0.14            601

0.14            602

0.14            603

0.14            604

0.14            605

0.14            606

0.14            607

0.14            608

0.14            609

0.14            610

0.14            611

0.14            612

0.14            613

0.14            614

0.14            615

0.14            616

0.14            617

0.14            618

0.14            619

0.14            620

0.14            621

0.14            622

0.14            623

0.14            624

0.14            625

0.14            626

0.14            627

0.14            628

0.14            629

0.14            630

0.14            631

0.14            632

0.14            633

0.14            634

0.14            635

0.14            636

0.14            637

0.14            638

0.14            639

0.14            640

0.14            641

0.14            642

0.14            643

0.14            644

0.14            645

0.14            646

0.14            647

0.14            648

0.14            649

0.14            650

0.14            651

0.14            652

0.14            653

0.14            654

0.14            655

0.14            656

0.14            657

0.14            658

0.14            659

0.14            660

0.14            661

0.14            662

0.14            663

0.14            664

0.14            665

0.14            666

0.14            667

0.14            668

0.14            669

0.14            670

0.14            671

0.14            672

0.14            673

0.14            674

0.14            675

0.14            676

0.14            677

0.14            678

0.14            679

0.14            680

0.14            681

0.14            682

0.14            683

0.14            684

0.14            685

0.14            686

0.14            687

0.16            688

0.16            689

0.18            690

0.18            691

0.18            692

0.18            693

0.18            694

0.18            695

0.18            696

0.18            697

0.18            698

0.18            699

0.18            700

0.18            701

0.18            702

0.18            703

0.18            704

0.18            705

0.18            706

0.18            707

0.18            708

0.18            709

0.18            710

0.18            711

0.18            712

0.18            713

0.18            714

0.18            715

0.18            716

0.18            717

0.18            718

0.18            719

0.18            720

0.18            721

0.18            722

0.18            723

0.18            724

0.18            725

0.18            726

0.18            727

0.18            728

0.18            729

0.18            730

0.18            731

0.18            732

0.18            733

0.18            734

0.18            735

0.18            736

0.18            737

0.18            738

0.18            739

0.18            740

0.18            741

0.18            742

0.18            743

0.18            744

0.18            745

0.18            746

0.18            747

0.18            748

0.18            749

0.18            750

0.18            751

0.18            752

0.18            753

0.18            754

0.18            755

0.18            756

0.18            757

0.18            758

0.18            759

0.18            760

0.18            761

0.18            762

0.18            763

0.18            764

0.18            765

0.18            766

0.18            767

0.18            768

0.18            769

0.18            770

0.18            771

0.18            772

0.18            773

0.18            774

0.18            775

0.18            776

0.18            777

0.18            778

0.18            779

0.18            780

0.18            781

0.18            782

0.18            783

0.18            784

0.18            785

0.18            786

0.18            787

0.18            788

0.18            789

0.18            790

0.18            791

0.18            792

0.18            793

0.18            794

0.18            795

0.18            796

0.18            797

0.18            798

0.18            799

0.18            800

0.18            801

0.18            802

0.18            803

0.18            804

0.18            805

0.18            806

0.18            807

0.18            808

0.18            809

0.18            810

0.18            811

0.18            812

0.18            813

0.18            814

0.18            815

0.18            816

0.18            817

0.18            818

0.18            819

0.18            820

0.18            821

0.18            822

0.18            823

0.18            824

0.18            825

0.18            826

0.18            827

0.18            828

0.18            829

0.18            830

0.18            831

0.18            832

0.18            833

0.18            834

0.18            835

0.18            836

0.18            837

0.18            838

0.18            839

0.18            840

0.18            841

0.18            842

0.18            843

0.18            844

0.18            845

0.18            846

0.18            847

0.18            848

0.18            849

0.18            850

0.18            851

0.18            852

0.18            853

0.18            854

0.18            855

0.18            856

0.18            857

0.18            858

0.18            859

0.18            860

0.18            861

0.18            862

0.18            863

0.18            864

0.18            865

0.18            866

0.18            867

0.18            868

0.18            869

0.18            870

0.18            871

0.18            872

0.18            873

0.18            874

0.18            875

0.18            876

0.18            877

0.18            878

0.18            879

0.18            880

0.18            881

0.18            882

0.18            883

0.18            884

0.18            885

0.18            886

0.18            887

0.18            888

0.18            889

0.18            890

0.18            891

0.18            892

0.18            893

0.18            894

0.18            895

0.18            896

0.18            897

0.18            898

0.18            899

0.18            900

0.18            901

0.18            902

0.18            903

0.18            904

0.18            905

0.18            906

0.18            907

0.18            908

0.18            909

0.18            910

0.18            911

0.18            912

0.18            913

0.18            914

0.18            915

0.18            916

0.18            917

0.18            918

0.18            919

0.18            920

0.18            921

0.18            922

0.18            923

0.18            924

0.18            925

0.18            926

0.18            927

0.18            928

0.16            929

0.16            930

0.16            931

0.16            932

0.16            933

0.16            934

0.16            935

0.16            936

0.16            937

0.16            938

0.16            939

0.16            940

0.16            941

0.16            942

0.16            943

0.16            944

0.16            945

0.16            946

0.16            947

0.16            948

0.16            949

0.16            950

0.16            951

0.16            952

0.16            953

0.16            954

0.16            955

0.16            956

0.16            957

0.16            958

0.16            959

0.16            960

0.16            961

0.16            962

0.16            963

0.16            964

0.16            965

0.16            966

0.16            967

0.16            968

0.16            969

0.16            970

0.16            971

0.16            972

0.16            973

0.16            974

0.16            975

0.16            976

0.16            977

0.16            978

0.16            979

0.16            980

0.16            981

0.16            982

0.16            983

0.16            984

0.16            985

0.16            986

0.16            987

0.16            988

0.16            989

0.16            990

0.16            991

0.16            992

0.16            993

0.16            994

0.16            995

0.16            996

0.16            997

0.16            998

0.16            999

0.16            1000

0.16            1001

0.16            1002

0.16            1003

0.16            1004

0.16            1005

0.16            1006

0.16            1007

0.16            1008

0.16            1009

0.16            1010

0.16            1011

0.16            1012

0.16            1013

0.16            1014

0.16            1015

0.16            1016

0.16            1017

0.16            1018

0.16            1019

0.16            1020

0.16            1021

0.16            1022

0.16            1023

0.16            1024

0.16            1025

0.16            1026

0.16            1027

0.16            1028

0.16            1029

0.16            1030

0.16            1031

0.16            1032

0.16            1033

0.16            1034

0.16            1035

0.16            1036

0.16            1037

0.16            1038

0.16            1039

0.16            1040

0.18            1041

0.18            1042

0.18            1043

0.18            1044

0.18            1045

0.18            1046

0.18            1047

0.18            1048

0.18            1049

0.18            1050

0.18            1051

0.18            1052

0.18            1053

0.18            1054

0.18            1055

0.18            1056

0.18            1057

0.18            1058

0.18            1059

0.18            1060

0.18            1061

0.18            1062

0.18            1063

0.18            1064

0.18            1065

0.18            1066

0.18            1067

0.18            1068

0.18            1069

0.18            1070

0.18            1071

0.18            1072

0.18            1073

0.18            1074

0.18            1075

0.18            1076

0.18            1077

0.18            1078

0.18            1079

0.18            1080

0.18            1081

0.18            1082

0.18            1083

0.18            1084

0.18            1085

0.18            1086

0.18            1087

0.18            1088

0.18            1089

0.18            1090

0.18            1091

0.18            1092

0.18            1093

0.18            1094

0.18            1095

0.18            1096

0.18            1097

0.16            1098

0.16            1099

0.16            1100

0.16            1101

0.16            1102

0.16            1103

0.16            1104

0.16            1105

0.16            1106

0.16            1107

0.16            1108

0.16            1109

0.16            1110

0.16            1111

0.16            1112

0.16            1113

0.16            1114

0.16            1115

0.16            1116

0.16            1117

0.16            1118

0.16            1119

0.16            1120

0.16            1121

0.16            1122

0.16            1123

0.16            1124

0.16            1125

0.16            1126

0.16            1127

0.16            1128

0.16            1129

0.16            1130

0.16            1131

0.16            1132

0.16            1133

0.16            1134

0.16            1135

0.16            1136

0.16            1137

0.16            1138

0.16            1139

0.16            1140

0.16            1141

0.16            1142

0.16            1143

0.16            1144

0.16            1145

0.16            1146

0.16            1147

0.16            1148

0.16            1149

0.16            1150

0.16            1151

0.16            1152

0.16            1153

0.16            1154

0.16            1155

0.16            1156

0.16            1157

0.16            1158

0.16            1159

0.16            1160

0.16            1161

0.16            1162

0.16            1163

0.16            1164

0.16            1165

0.16            1166

0.16            1167

0.16            1168

0.16            1169

0.16            1170

0.16            1171

0.16            1172

0.16            1173

0.16            1174

0.16            1175

0.16            1176

0.16            1177

0.16            1178

0.16            1179

0.16            1180

0.16            1181

0.16            1182

0.16            1183

0.16            1184

0.16            1185

0.16            1186

0.16            1187

0.16            1188

0.16            1189

0.16            1190

0.16            1191

0.16            1192

0.16            1193

0.16            1194

0.16            1195

0.16            1196

0.16            1197

0.16            1198

0.16            1199

0.16            1200

0.16            1201

0.16            1202

0.16            1203

0.16            1204

0.16            1205

0.16            1206

0.16            1207

0.16            1208

0.16            1209

0.16            1210

0.16            1211

0.16            1212

0.16            1213

0.16            1214

0.16            1215

0.16            1216

0.16            1217

0.16            1218

0.16            1219

0.16            1220

0.16            1221

0.16            1222

0.18            1223

0.16            1224

0.16            1225

0.16            1226

0.16            1227

0.16            1228

0.16            1229

0.16            1230

0.16            1231

0.16            1232

0.16            1233

0.16            1234

0.16            1235

0.16            1236

0.16            1237

0.16            1238

0.16            1239

0.16            1240

0.18            1241

0.18            1242

0.18            1243

0.18            1244

0.18            1245

0.18            1246

0.18            1247

0.18            1248

0.18            1249

0.18            1250

0.18            1251

0.18            1252

0.18            1253

0.18            1254

0.18            1255

0.18            1256

0.18            1257

0.18            1258

0.18            1259

0.18            1260

0.18            1261

0.18            1262

0.18            1263

0.18            1264

0.18            1265

0.18            1266

0.18            1267

0.18            1268

0.18            1269

0.18            1270

0.18            1271

0.18            1272

0.18            1273

0.18            1274

0.18            1275

0.18            1276

0.18            1277

0.18            1278

0.18            1279

0.18            1280

0.18            1281

0.18            1282

0.18            1283

0.18            1284

0.18            1285

0.18            1286

0.18            1287

0.18            1288

0.18            1289

0.18            1290

0.2            1291

0.2            1292

0.2            1293

0.2            1294

0.2            1295

0.2            1296

0.2            1297

0.2            1298

0.22            1299

0.22            1300

0.22            1301

0.22            1302

0.22            1303

0.22            1304

0.22            1305

0.22            1306

0.22            1307

0.22            1308

0.22            1309

0.22            1310

0.22            1311

0.22            1312

0.22            1313

0.22            1314

0.22            1315

0.22            1316

0.22            1317

0.22            1318

0.22            1319

0.22            1320

0.22            1321

0.22            1322

0.22            1323

0.22            1324

0.22            1325

0.22            1326

0.22            1327

0.22            1328

0.22            1329

0.22            1330

0.22            1331

0.22            1332

0.22            1333

0.22            1334

0.22            1335

0.22            1336

0.22            1337

0.22            1338

0.22            1339

0.22            1340

0.22            1341

0.22            1342

0.22            1343

0.22            1344

0.22            1345

0.22            1346

0.22            1347

0.22            1348

0.22            1349

0.22            1350

0.22            1351

0.22            1352

0.22            1353

0.22            1354

0.22            1355

0.22            1356

0.22            1357

0.22            1358

0.22            1359

0.22            1360

0.22            1361

0.22            1362

0.22            1363

0.22            1364

0.22            1365

0.22            1366

0.22            1367

0.22            1368

0.22            1369

0.22            1370

0.22            1371

0.22            1372

0.22            1373

0.22            1374

0.22            1375

0.22            1376

0.22            1377

0.22            1378

0.22            1379

0.22            1380

0.22            1381

0.22            1382

0.22            1383

0.22            1384

0.22            1385

0.22            1386

0.22            1387

0.22            1388

0.22            1389

0.22            1390

0.22            1391

0.22            1392

0.22            1393

0.22            1394

0.22            1395

0.22            1396

0.22            1397

0.22            1398

0.22            1399

0.22            1400

0.22            1401

0.22            1402

0.22            1403

0.22            1404

0.22            1405

0.22            1406

0.22            1407

0.22            1408

0.22            1409

0.22            1410

0.22            1411

0.22            1412

0.22            1413

0.22            1414

0.22            1415

0.22            1416

0.22            1417

0.22            1418

0.22            1419

0.22            1420

0.22            1421

0.22            1422

0.22            1423

0.22            1424

0.22            1425

0.22            1426

0.22            1427

0.22            1428

0.22            1429

0.22            1430

0.22            1431

0.22            1432

0.22            1433

0.22            1434

0.22            1435

0.22            1436

0.22            1437

0.22            1438

0.22            1439

0.22            1440

0.22            1441

0.22            1442

0.22            1443

0.22            1444

0.22            1445

0.22            1446

0.22            1447

0.22            1448

0.22            1449

0.22            1450

0.22            1451

0.22            1452

0.22            1453

0.22            1454

0.22            1455

0.22            1456

0.22            1457

0.22            1458

0.22            1459

0.22            1460

0.22            1461

0.22            1462

0.22            1463

0.22            1464

0.22            1465

0.22            1466

0.22            1467

0.22            1468

0.22            1469

0.22            1470

0.22            1471

0.22            1472

0.22            1473

0.22            1474

0.22            1475

0.22            1476

0.22            1477

0.22            1478

0.22            1479

0.22            1480

0.22            1481

0.22            1482

0.22            1483

0.22            1484

0.22            1485

0.22            1486

0.22            1487

0.22            1488

0.22            1489

0.22            1490

0.22            1491

0.22            1492

0.22            1493

0.22            1494

0.22            1495

0.22            1496

0.22            1497

0.22            1498

0.22            1499

0.22            1500

0.22            1501

0.22            1502

0.22            1503

0.22            1504

0.22            1505

0.22            1506

0.22            1507

0.22            1508

0.22            1509

0.22            1510

0.22            1511

0.22            1512

0.22            1513

0.22            1514

0.22            1515

0.22            1516

0.22            1517

0.22            1518

0.22            1519

0.22            1520

0.22            1521

0.22            1522

0.22            1523

0.22            1524

0.22            1525

0.22            1526

0.22            1527

0.22            1528

0.22            1529

0.22            1530

0.22            1531

0.22            1532

0.22            1533

0.22            1534

0.22            1535

0.22            1536

0.22            1537

0.22            1538

0.22            1539

0.22            1540

0.22            1541

0.22            1542

0.22            1543

0.22            1544

0.22            1545

0.22            1546

0.22            1547

0.22            1548

0.24            1549

0.24            1550

0.24            1551

0.24            1552

0.24            1553

0.24            1554

0.24            1555

0.24            1556

0.24            1557

0.24            1558

0.24            1559

0.24            1560

0.24            1561

0.24            1562

0.24            1563

0.24            1564

0.24            1565

0.24            1566

0.24            1567

0.24            1568

0.24            1569

0.24            1570

0.24            1571

0.24            1572

0.24            1573

0.24            1574

0.24            1575

0.24            1576

0.24            1577

0.24            1578

0.24            1579

0.24            1580

0.24            1581

0.24            1582

0.24            1583

0.24            1584

0.24            1585

0.24            1586

0.24            1587

0.24            1588

0.24            1589

0.24            1590

0.24            1591

0.24            1592

0.24            1593

0.24            1594

0.24            1595

0.24            1596

0.24            1597

0.24            1598

0.24            1599

0.24            1600

0.24            1601

0.24            1602

0.24            1603

0.24            1604

0.24            1605

0.24            1606

0.24            1607

0.24            1608

0.24            1609

0.24            1610

0.24            1611

0.24            1612

0.24            1613

0.24            1614

0.24            1615

0.24            1616

0.24            1617

0.24            1618

0.24            1619

0.24            1620

0.24            1621

0.24            1622

0.24            1623

0.24            1624

0.24            1625

0.24            1626

0.24            1627

0.24            1628

0.24            1629

0.24            1630

0.24            1631

0.24            1632

0.24            1633

0.24            1634

0.24            1635

0.24            1636

0.24            1637

0.24            1638

0.24            1639

0.24            1640

0.24            1641

0.24            1642

0.24            1643

0.24            1644

0.24            1645

0.24            1646

0.24            1647

0.24            1648

0.24            1649

0.24            1650

0.24            1651

0.24            1652

0.24            1653

0.24            1654

0.24            1655

0.24            1656

0.24            1657

0.24            1658

0.24            1659

0.24            1660

0.24            1661

0.24            1662

0.24            1663

0.24            1664

0.24            1665

0.24            1666

0.24            1667

0.24            1668

0.24            1669

0.24            1670

0.24            1671

0.24            1672

0.24            1673

0.24            1674

0.24            1675

0.24            1676

0.24            1677

0.24            1678

0.24            1679

0.24            1680

0.24            1681

0.24            1682

0.24            1683

0.24            1684

0.24            1685

0.24            1686

0.24            1687

0.24            1688

0.24            1689

0.24            1690

0.24            1691

0.24            1692

0.24            1693

0.24            1694

0.24            1695

0.24            1696

0.24            1697

0.24            1698

0.24            1699

0.24            1700

0.24            1701

0.24            1702

0.24            1703

0.24            1704

0.24            1705

0.24            1706

0.24            1707

0.24            1708

0.24            1709

0.24            1710

0.24            1711

0.24            1712

0.24            1713

0.24            1714

0.24            1715

0.24            1716

0.24            1717

0.24            1718

0.24            1719

0.24            1720

0.24            1721

0.24            1722

0.24            1723

0.24            1724

0.24            1725

0.24            1726

0.24            1727

0.24            1728

0.24            1729

0.24            1730

0.24            1731

0.24            1732

0.24            1733

0.24            1734

0.24            1735

0.24            1736

0.24            1737

0.24            1738

0.24            1739

0.24            1740

0.24            1741

0.24            1742

0.24            1743

0.24            1744

0.24            1745

0.24            1746

0.24            1747

0.24            1748

0.24            1749

0.24            1750

0.24            1751

0.24            1752

0.24            1753

0.24            1754

0.24            1755

0.24            1756

0.24            1757

0.24            1758

0.24            1759

0.24            1760

0.24            1761

0.24            1762

0.24            1763

0.24            1764

0.24            1765

0.24            1766

0.24            1767

0.24            1768

0.24            1769

0.24            1770

0.24            1771

0.24            1772

0.24            1773

0.24            1774

0.24            1775

0.24            1776

0.24            1777

0.24            1778

0.24            1779

0.24            1780

0.24            1781

0.24            1782

0.24            1783

0.24            1784

0.24            1785

0.24            1786

0.24            1787

0.24            1788

0.24            1789

0.24            1790

0.24            1791

0.24            1792

0.24            1793

0.24            1794

0.24            1795

0.24            1796

0.24            1797

0.24            1798

0.24            1799

0.24            1800

0.24            1801

0.24            1802

0.24            1803

0.24            1804

0.24            1805

0.24            1806

0.24            1807

0.24            1808

0.24            1809

0.24            1810

0.24            1811

0.24            1812

0.24            1813

0.24            1814

0.24            1815

0.24            1816

0.24            1817

0.24            1818

0.24            1819

0.24            1820

0.24            1821

0.24            1822

0.24            1823

0.24            1824

0.24            1825

0.24            1826

0.24            1827

0.24            1828

0.24            1829

0.24            1830

0.24            1831

0.24            1832

0.24            1833

0.24            1834

0.24            1835

0.24            1836

0.24            1837

0.24            1838

0.24            1839

0.24            1840

0.24            1841

0.24            1842

0.24            1843

0.24            1844

0.24            1845

0.24            1846

0.24            1847

0.24            1848

0.24            1849

0.24            1850

0.24            1851

0.24            1852

0.24            1853

0.24            1854

0.24            1855

0.24            1856

0.24            1857

0.24            1858

0.24            1859

0.24            1860

0.24            1861

0.24            1862

0.24            1863

0.24            1864

0.24            1865

0.24            1866

0.24            1867

0.24            1868

0.24            1869

0.24            1870

0.24            1871

0.24            1872

0.24            1873

0.24            1874

0.24            1875

0.24            1876

0.24            1877

0.24            1878

0.24            1879

0.24            1880

0.24            1881

0.24            1882

0.24            1883

0.24            1884

0.24            1885

0.24            1886

0.24            1887

0.24            1888

0.24            1889

0.24            1890

0.24            1891

0.24            1892

0.24            1893

0.24            1894

0.24            1895

0.24            1896

0.24            1897

0.24            1898

0.24            1899

0.24            1900

0.24            1901

0.24            1902

0.24            1903

0.24            1904

0.24            1905

0.24            1906

0.24            1907

0.24            1908

0.24            1909

0.24            1910

0.24            1911

0.24            1912

0.24            1913

0.24            1914

0.24            1915

0.24            1916

0.24            1917

0.24            1918

0.24            1919

0.24            1920

0.24            1921

0.24            1922

0.24            1923

0.24            1924

0.24            1925

0.24            1926

0.24            1927

0.24            1928

0.24            1929

0.24            1930

0.24            1931

0.24            1932

0.24            1933

0.24            1934

0.24            1935

0.24            1936

0.24            1937

0.24            1938

0.24            1939

0.24            1940

0.24            1941

0.24            1942

0.24            1943

0.24            1944

0.24            1945

0.24            1946

0.24            1947

0.24            1948

0.24            1949

0.24            1950

0.24            1951

0.24            1952

0.24            1953

0.24            1954

0.24            1955

0.24            1956

0.24            1957

0.24            1958

0.24            1959

0.24            1960

0.24            1961

0.24            1962

0.24            1963

0.24            1964

0.24            1965

0.24            1966

0.24            1967

0.24            1968

0.24            1969

0.24            1970

0.24            1971

0.24            1972

0.24            1973

0.24            1974

0.24            1975

0.24            1976

0.24            1977

0.24            1978

0.24            1979

0.24            1980

0.24            1981

0.24            1982

0.24            1983

0.24            1984

0.24            1985

0.24            1986

0.24            1987

0.24            1988

0.24            1989

0.24            1990

0.24            1991

0.24            1992

0.24            1993

0.24            1994

0.24            1995

0.24            1996

0.24            1997

0.24            1998

0.24            1999

0.24            2000

0.24            2001

0.24            2002

0.24            2003

0.24            2004

0.24            2005

0.24            2006

0.24            2007

0.24            2008

0.24            2009

0.24            2010

0.24            2011

0.24            2012

0.24            2013

0.24            2014

0.24            2015

0.24            2016

0.24            2017

0.24            2018

0.24            2019

0.24            2020

0.24            2021

0.24            2022

0.24            2023

0.24            2024

0.24            2025

0.24            2026

0.24            2027

0.24            2028

0.24            2029

0.24            2030

0.24            2031

0.24            2032

0.24            2033

0.24            2034

0.24            2035

0.24            2036

0.24            2037

0.24            2038

0.24            2039

0.24            2040

0.24            2041

0.24            2042

0.24            2043

0.24            2044

0.24            2045

0.24            2046

0.24            2047

0.24            2048

0.24            2049

0.24            2050

0.24            2051

0.24            2052

0.24            2053

0.24            2054

0.24            2055

0.24            2056

0.24            2057

0.24            2058

0.24            2059

0.24            2060

0.24            2061

0.24            2062

0.24            2063

0.24            2064

0.24            2065

0.24            2066

0.24            2067

0.24            2068

0.24            2069

0.24            2070

0.24            2071

0.24            2072

0.24            2073

0.24            2074

0.24            2075

0.24            2076

0.24            2077

0.24            2078

0.24            2079

0.24            2080

0.24            2081

0.24            2082

0.24            2083

0.24            2084

0.24            2085

0.24            2086

0.24            2087

0.24            2088

0.24            2089

0.24            2090

0.24            2091

0.24            2092

0.24            2093

0.24            2094

0.24            2095

0.24            2096

0.24            2097

0.24            2098

0.24            2099

0.24            2100

0.24            2101

0.24            2102

0.24            2103

0.24            2104

0.24            2105

0.24            2106

0.24            2107

0.24            2108

0.24            2109

0.24            2110

0.24            2111

0.24            2112

0.24            2113

0.24            2114

0.24            2115

0.24            2116

0.24            2117

0.24            2118

0.24            2119

0.24            2120

0.24            2121

0.24            2122

0.24            2123

0.24            2124

0.24            2125

0.24            2126

0.24            2127

0.24            2128

0.24            2129

0.24            2130

0.24            2131

0.24            2132

0.24            2133

0.24            2134

0.24            2135

0.24            2136

0.24            2137

0.24            2138

0.24            2139

0.24            2140

0.24            2141

0.24            2142

0.24            2143

0.24            2144

0.24            2145

0.24            2146

0.24            2147

0.24            2148

0.24            2149

0.24            2150

0.24            2151

0.24            2152

0.26            2153

0.26            2154

0.26            2155

0.26            2156

0.26            2157

0.28            2158

0.28            2159

0.28            2160

0.28            2161

0.28            2162

0.28            2163

0.28            2164

0.28            2165

0.28            2166

0.28            2167

0.28            2168

0.28            2169

0.28            2170

0.28            2171

0.28            2172

0.28            2173

0.28            2174

0.28            2175

0.28            2176

0.28            2177

0.28            2178

0.28            2179

0.28            2180

0.28            2181

0.28            2182

0.28            2183

0.28            2184

0.28            2185

0.28            2186

0.28            2187

0.28            2188

0.28            2189

0.28            2190

0.28            2191

0.28            2192

0.28            2193

0.28            2194

0.28            2195

0.28            2196

0.28            2197

0.28            2198

0.28            2199

0.28            2200

0.28            2201

0.28            2202

0.28            2203

0.28            2204

0.28            2205

0.28            2206

0.28            2207

0.28            2208

0.28            2209

0.28            2210

0.28            2211

0.28            2212

0.28            2213

0.28            2214

0.28            2215

0.28            2216

0.28            2217

0.28            2218

0.28            2219

0.28            2220

0.28            2221

0.28            2222

0.28            2223

0.28            2224

0.28            2225

0.28            2226

0.28            2227

0.28            2228

0.28            2229

0.28            2230

0.28            2231

0.28            2232

0.28            2233

0.28            2234

0.28            2235

0.28            2236

0.28            2237

0.28            2238

0.28            2239

0.28            2240

0.28            2241

0.28            2242

0.28            2243

0.28            2244

0.28            2245

0.28            2246

0.28            2247

0.28            2248

0.28            2249

0.28            2250

0.28            2251

0.28            2252

0.28            2253

0.28            2254

0.28            2255

0.28            2256

0.28            2257

0.28            2258

0.28            2259

0.28            2260

0.28            2261

0.28            2262

0.28            2263

0.28            2264

0.28            2265

0.28            2266

0.28            2267

0.28            2268

0.28            2269

0.28            2270

0.28            2271

0.28            2272

0.28            2273

0.28            2274

0.28            2275

0.28            2276

0.28            2277

0.28            2278

0.28            2279

0.28            2280

0.28            2281

0.28            2282

0.28            2283

0.28            2284

0.28            2285

0.28            2286

0.28            2287

0.28            2288

0.28            2289

0.28            2290

0.28            2291

0.28            2292

0.28            2293

0.28            2294

0.28            2295

0.28            2296

0.28            2297

0.28            2298

0.28            2299

0.28            2300

0.28            2301

0.28            2302

0.28            2303

0.28            2304

0.28            2305

0.28            2306

0.28            2307

0.28            2308

0.28            2309

0.28            2310

0.28            2311

0.28            2312

0.28            2313

0.28            2314

0.28            2315

0.28            2316

0.28            2317

0.28            2318

0.28            2319

0.28            2320

0.28            2321

0.28            2322

0.28            2323

0.28            2324

0.28            2325

0.28            2326

0.28            2327

0.28            2328

0.28            2329

0.28            2330

0.28            2331

0.28            2332

0.28            2333

0.28            2334

0.28            2335

0.28            2336

0.28            2337

0.28            2338

0.28            2339

0.28            2340

0.28            2341

0.28            2342

0.28            2343

0.28            2344

0.28            2345

0.28            2346

0.28            2347

0.28            2348

0.28            2349

0.28            2350

0.28            2351

0.28            2352

0.28            2353

0.28            2354

0.28            2355

0.28            2356

0.28            2357

0.28            2358

0.28            2359

0.28            2360

0.28            2361

0.28            2362

0.28            2363

0.28            2364

0.28            2365

0.28            2366

0.28            2367

0.28            2368

0.28            2369

0.28            2370

0.28            2371

0.28            2372

0.28            2373

0.28            2374

0.28            2375

0.28            2376

0.28            2377

0.28            2378

0.28            2379

0.28            2380

0.28            2381

0.28            2382

0.28            2383

0.28            2384

0.28            2385

0.28            2386

0.28            2387

0.28            2388

0.28            2389

0.28            2390

0.28            2391

0.28            2392

0.28            2393

0.28            2394

0.28            2395

0.28            2396

0.28            2397

0.28            2398

0.28            2399

0.28            2400

0.28            2401

0.28            2402

0.28            2403

0.28            2404

0.28            2405

0.28            2406

0.28            2407

0.28            2408

0.28            2409

0.28            2410

0.28            2411

0.28            2412

0.28            2413

0.28            2414

0.28            2415

0.28            2416

0.28            2417

0.28            2418

0.28            2419

0.28            2420

0.28            2421

0.28            2422

0.28            2423

0.28            2424

0.28            2425

0.28            2426

0.28            2427

0.28            2428

0.28            2429

0.28            2430

0.28            2431

0.28            2432

0.28            2433

0.28            2434

0.28            2435

0.28            2436

0.28            2437

0.28            2438

0.28            2439

0.28            2440

0.28            2441

0.28            2442

0.28            2443

0.28            2444

0.28            2445

0.28            2446

0.28            2447

0.28            2448

0.28            2449

0.28            2450

0.28            2451

0.28            2452

0.28            2453

0.28            2454

0.28            2455

0.28            2456

0.28            2457

0.28            2458

0.28            2459

0.28            2460

0.28            2461

0.28            2462

0.28            2463

0.28            2464

0.28            2465

0.28            2466

0.28            2467

0.28            2468

0.28            2469

0.28            2470

0.28            2471

0.28            2472

0.28            2473

0.28            2474

0.28            2475

0.28            2476

0.28            2477

0.28            2478

0.28            2479

0.28            2480

0.28            2481

0.28            2482

0.28            2483

0.28            2484

0.28            2485

0.28            2486

0.28            2487

0.28            2488

0.28            2489

0.28            2490

0.28            2491

0.28            2492

0.28            2493

0.28            2494

0.28            2495

0.28            2496

0.28            2497

0.28            2498

0.28            2499

0.28            2500

0.28            2501

0.28            2502

0.28            2503

0.28            2504

0.28            2505

0.28            2506

0.28            2507

0.28            2508

0.28            2509

0.28            2510

0.28            2511

0.28            2512

0.28            2513

0.28            2514

0.28            2515

0.28            2516

0.28            2517

0.28            2518

0.28            2519

0.28            2520

0.28            2521

0.28            2522

0.28            2523

0.28            2524

0.28            2525

0.28            2526

0.28            2527

0.28            2528

0.28            2529

0.28            2530

0.28            2531

0.28            2532

0.28            2533

0.28            2534

0.28            2535

0.28            2536

0.28            2537

0.28            2538

0.28            2539

0.28            2540

0.28            2541

0.28            2542

0.28            2543

0.28            2544

0.28            2545

0.28            2546

0.28            2547

0.28            2548

0.28            2549

0.28            2550

0.28            2551

0.28            2552

0.28            2553

0.28            2554

0.28            2555

0.28            2556

0.28            2557

0.28            2558

0.28            2559

0.28            2560

0.28            2561

0.28            2562

0.28            2563

0.28            2564

0.28            2565

0.28            2566

0.28            2567

0.28            2568

0.28            2569

0.28            2570

0.28            2571

0.28            2572

0.28            2573

0.28            2574

0.28            2575

0.28            2576

0.28            2577

0.28            2578

0.28            2579

0.28            2580

0.28            2581

0.28            2582

0.28            2583

0.28            2584

0.28            2585

0.28            2586

0.28            2587

0.28            2588

0.28            2589

0.28            2590

0.28            2591

0.28            2592

0.28            2593

0.28            2594

0.28            2595

0.28            2596

0.28            2597

0.28            2598

0.28            2599

0.28            2600

0.28            2601

0.28            2602

0.28            2603

0.28            2604

0.28            2605

0.28            2606

0.28            2607

0.28            2608

0.28            2609

0.28            2610

0.28            2611

0.28            2612

0.28            2613

0.28            2614

0.28            2615

0.28            2616

0.28            2617

0.28            2618

0.28            2619

0.28            2620

0.28            2621

0.28            2622

0.28            2623

0.28            2624

0.28            2625

0.28            2626

0.28            2627

0.28            2628

0.28            2629

0.28            2630

0.28            2631

0.28            2632

0.28            2633

0.28            2634

0.28            2635

0.28            2636

0.28            2637

0.28            2638

0.28            2639

0.28            2640

0.28            2641

0.28            2642

0.28            2643

0.28            2644

0.28            2645

0.28            2646

0.28            2647

0.28            2648

0.28            2649

0.28            2650

0.28            2651

0.28            2652

0.28            2653

0.28            2654

0.28            2655

0.28            2656

0.28            2657

0.28            2658

0.28            2659

0.28            2660

0.28            2661

0.28            2662

0.28            2663

0.28            2664

0.28            2665

0.28            2666

0.28            2667

0.28            2668

0.28            2669

0.28            2670

0.28            2671

0.28            2672

0.28            2673

0.28            2674

0.28            2675

0.28            2676

0.28            2677

0.28            2678

0.28            2679

0.28            2680

0.28            2681

0.28            2682

0.28            2683

0.28            2684

0.28            2685

0.28            2686

0.28            2687

0.28            2688

0.28            2689

0.28            2690

0.28            2691

0.28            2692

0.28            2693

0.28            2694

0.28            2695

0.28            2696

0.28            2697

0.28            2698

0.28            2699

0.28            2700

0.28            2701

0.28            2702

0.28            2703

0.28            2704

0.28            2705

0.28            2706

0.28            2707

0.28            2708

0.28            2709

0.28            2710

0.28            2711

0.28            2712

0.28            2713

0.32            2714

0.32            2715

0.32            2716

0.32            2717

0.32            2718

0.32            2719

0.32            2720

0.32            2721

0.32            2722

0.32            2723

0.32            2724

0.32            2725

0.32            2726

0.32            2727

0.32            2728

0.32            2729

0.32            2730

0.32            2731

0.32            2732

0.32            2733

0.32            2734

0.32            2735

0.32            2736

0.32            2737

0.32            2738

0.32            2739

0.32            2740

0.32            2741

0.32            2742

0.32            2743

0.32            2744

0.32            2745

0.32            2746

0.32            2747

0.32            2748

0.32            2749

0.32            2750

0.32            2751

0.32            2752

0.32            2753

0.32            2754

0.32            2755

0.32            2756

0.32            2757

0.32            2758

0.32            2759

0.32            2760

0.32            2761

0.32            2762

0.32            2763

0.32            2764

0.32            2765

0.32            2766

0.32            2767

0.32            2768

0.32            2769

0.32            2770

0.32            2771

0.32            2772

0.32            2773

0.32            2774

0.32            2775

0.32            2776

0.32            2777

0.32            2778

0.32            2779

0.32            2780

0.32            2781

0.32            2782

0.32            2783

0.32            2784

0.32            2785

0.32            2786

0.32            2787

0.32            2788

0.32            2789

0.32            2790

0.32            2791

0.32            2792

0.32            2793

0.32            2794

0.32            2795

0.32            2796

0.32            2797

0.32            2798

0.32            2799

0.32            2800

0.32            2801

0.32            2802

0.32            2803

0.32            2804

0.32            2805

0.32            2806

0.32            2807

0.32            2808

0.32            2809

0.32            2810

0.32            2811

0.32            2812

0.32            2813

0.32            2814

0.32            2815

0.32            2816

0.32            2817

0.32            2818

0.32            2819

0.32            2820

0.32            2821

0.32            2822

0.32            2823

0.32            2824

0.32            2825

0.32            2826

0.32            2827

0.32            2828

0.32            2829

0.32            2830

0.32            2831

0.32            2832

0.32            2833

0.32            2834

0.32            2835

0.32            2836

0.32            2837

0.32            2838

0.32            2839

0.32            2840

0.32            2841

0.32            2842

0.32            2843

0.32            2844

0.32            2845

0.32            2846

0.32            2847

0.32            2848

0.32            2849

0.32            2850

0.32            2851

0.32            2852

0.32            2853

0.32            2854

0.32            2855

0.32            2856

0.32            2857

0.32            2858

0.32            2859

0.32            2860

0.32            2861

0.32            2862

0.32            2863

0.32            2864

0.32            2865

0.32            2866

0.32            2867

0.32            2868

0.32            2869

0.32            2870

0.32            2871

0.32            2872

0.32            2873

0.32            2874

0.32            2875

0.32            2876

0.32            2877

0.32            2878

0.32            2879

0.32            2880

0.32            2881

0.32            2882

0.32            2883

0.32            2884

0.32            2885

0.32            2886

0.32            2887

0.32            2888

0.32            2889

0.32            2890

0.32            2891

0.32            2892

0.32            2893

0.32            2894

0.32            2895

0.32            2896

0.32            2897

0.32            2898

0.32            2899

0.32            2900

0.32            2901

0.32            2902

0.32            2903

0.32            2904

0.32            2905

0.32            2906

0.32            2907

0.32            2908

0.32            2909

0.32            2910

0.32            2911

0.32            2912

0.32            2913

0.32            2914

0.32            2915

0.32            2916

0.32            2917

0.32            2918

0.32            2919

0.32            2920

0.32            2921

0.32            2922

0.32            2923

0.32            2924

0.32            2925

0.32            2926

0.32            2927

0.32            2928

0.32            2929

0.32            2930

0.32            2931

0.32            2932

0.32            2933

0.32            2934

0.32            2935

0.32            2936

0.32            2937

0.32            2938

0.32            2939

0.32            2940

0.32            2941

0.32            2942

0.32            2943

0.32            2944

0.32            2945

0.32            2946

0.32            2947

0.32            2948

0.32            2949

0.32            2950

0.32            2951

0.32            2952

0.32            2953

0.32            2954

0.32            2955

0.32            2956

0.32            2957

0.32            2958

0.32            2959

0.32            2960

0.32            2961

0.32            2962

0.32            2963

0.32            2964

0.32            2965

0.32            2966

0.32            2967

0.32            2968

0.32            2969

0.32            2970

0.32            2971

0.32            2972

0.32            2973

0.32            2974

0.32            2975

0.32            2976

0.32            2977

0.32            2978

0.32            2979

0.32            2980

0.32            2981

0.32            2982

0.32            2983

0.32            2984

0.32            2985

0.32            2986

0.32            2987

0.32            2988

0.32            2989

0.32            2990

0.32            2991

0.32            2992

0.32            2993

0.32            2994

0.34            2995

0.32            2996

0.32            2997

0.32            2998

0.32            2999

