0            0

0            1

0            2

0            3

0            4

0            5

0            6

0            7

0            8

0            9

0            10

0            11

0            12

0            13

0            14

0            15

0            16

0            17

0            18

0            19

0            20

0            21

0            22

0            23

0            24

0            25

0            26

0            27

0            28

0            29

0            30

0            31

0            32

0            33

0            34

0            35

0            36

0            37

0            38

0            39

0            40

0            41

0            42

0            43

0            44

0            45

0            46

0            47

0            48

0            49

0            50

0            51

0            52

0            53

0            54

0            55

0            56

0            57

0            58

0            59

0            60

0            61

0            62

0            63

0            64

0            65

0            66

0            67

0            68

0            69

0            70

0            71

0            72

0            73

0            74

0            75

0            76

0            77

0            78

0            79

0            80

0            81

0            82

0            83

0            84

0            85

0            86

0            87

0            88

0            89

0            90

0            91

0            92

0            93

0            94

0            95

0            96

0            97

0            98

0            99

0            100

0            101

0            102

0            103

0            104

0            105

0            106

0            107

0            108

0            109

0            110

0            111

0            112

0            113

0            114

0            115

0            116

0.01            117

0.01            118

0.01            119

0.01            120

0.01            121

0.01            122

0.01            123

0.01            124

0.01            125

0.01            126

0.01            127

0.01            128

0.01            129

0.01            130

0.01            131

0.01            132

0.01            133

0.02            134

0.02            135

0.02            136

0.02            137

0.02            138

0.02            139

0.02            140

0.02            141

0.02            142

0.02            143

0.02            144

0.02            145

0.02            146

0.03            147

0.03            148

0.03            149

0.03            150

0.03            151

0.03            152

0.03            153

0.03            154

0.03            155

0.03            156

0.03            157

0.03            158

0.03            159

0.03            160

0.03            161

0.03            162

0.03            163

0.03            164

0.03            165

0.03            166

0.03            167

0.03            168

0.03            169

0.03            170

0.04            171

0.04            172

0.04            173

0.04            174

0.04            175

0.04            176

0.04            177

0.04            178

0.04            179

0.04            180

0.04            181

0.04            182

0.04            183

0.04            184

0.04            185

0.04            186

0.04            187

0.04            188

0.04            189

0.04            190

0.04            191

0.04            192

0.04            193

0.04            194

0.05            195

0.05            196

0.05            197

0.05            198

0.05            199

0.05            200

0.05            201

0.05            202

0.05            203

0.05            204

0.05            205

0.05            206

0.05            207

0.05            208

0.05            209

0.05            210

0.05            211

0.05            212

0.05            213

0.05            214

0.05            215

0.05            216

0.05            217

0.05            218

0.05            219

0.06            220

0.06            221

0.06            222

0.06            223

0.06            224

0.06            225

0.06            226

0.06            227

0.06            228

0.06            229

0.06            230

0.06            231

0.06            232

0.07            233

0.07            234

0.07            235

0.07            236

0.07            237

0.07            238

0.07            239

0.07            240

0.07            241

0.07            242

0.07            243

0.07            244

0.07            245

0.07            246

0.07            247

0.07            248

0.07            249

0.07            250

0.07            251

0.07            252

0.07            253

0.07            254

0.07            255

0.07            256

0.07            257

0.07            258

0.07            259

0.07            260

0.07            261

0.07            262

0.07            263

0.07            264

0.07            265

0.07            266

0.07            267

0.07            268

0.07            269

0.07            270

0.07            271

0.07            272

0.07            273

0.07            274

0.07            275

0.07            276

0.07            277

0.07            278

0.07            279

0.07            280

0.07            281

0.07            282

0.07            283

0.07            284

0.07            285

0.07            286

0.07            287

0.07            288

0.07            289

0.07            290

0.07            291

0.07            292

0.07            293

0.07            294

0.07            295

0.07            296

0.07            297

0.08            298

0.08            299

0.08            300

0.08            301

0.08            302

0.08            303

0.08            304

0.08            305

0.08            306

0.08            307

0.08            308

0.08            309

0.08            310

0.08            311

0.09            312

0.09            313

0.09            314

0.09            315

0.09            316

0.09            317

0.09            318

0.09            319

0.09            320

0.09            321

0.09            322

0.09            323

0.09            324

0.09            325

0.09            326

0.09            327

0.09            328

0.09            329

0.09            330

0.09            331

0.09            332

0.09            333

0.09            334

0.09            335

0.09            336

0.09            337

0.09            338

0.09            339

0.09            340

0.09            341

0.1            342

0.1            343

0.1            344

0.1            345

0.11            346

0.11            347

0.11            348

0.11            349

0.11            350

0.11            351

0.11            352

0.11            353

0.11            354

0.11            355

0.11            356

0.11            357

0.11            358

0.11            359

0.11            360

0.11            361

0.11            362

0.11            363

0.11            364

0.11            365

0.11            366

0.11            367

0.11            368

0.11            369

0.11            370

0.11            371

0.11            372

0.11            373

0.11            374

0.11            375

0.11            376

0.11            377

0.11            378

0.11            379

0.11            380

0.11            381

0.11            382

0.11            383

0.11            384

0.11            385

0.115            386

0.11            387

0.11            388

0.11            389

0.11            390

0.11            391

0.11            392

0.11            393

0.11            394

0.12            395

0.12            396

0.12            397

0.12            398

0.12            399

0.12            400

0.12            401

0.12            402

0.12            403

0.12            404

0.12            405

0.12            406

0.12            407

0.12            408

0.12            409

0.12            410

0.12            411

0.12            412

0.12            413

0.12            414

0.12            415

0.12            416

0.12            417

0.12            418

0.125            419

0.125            420

0.125            421

0.125            422

0.125            423

0.125            424

0.125            425

0.125            426

0.125            427

0.125            428

0.125            429

0.125            430

0.125            431

0.125            432

0.125            433

0.125            434

0.125            435

0.125            436

0.125            437

0.125            438

0.125            439

0.125            440

0.125            441

0.125            442

0.13            443

0.13            444

0.13            445

0.125            446

0.125            447

0.125            448

0.125            449

0.125            450

0.125            451

0.125            452

0.125            453

0.125            454

0.125            455

0.125            456

0.125            457

0.125            458

0.125            459

0.125            460

0.125            461

0.125            462

0.125            463

0.135            464

0.135            465

0.135            466

0.135            467

0.135            468

0.135            469

0.135            470

0.135            471

0.135            472

0.135            473

0.135            474

0.135            475

0.135            476

0.135            477

0.135            478

0.135            479

0.135            480

0.135            481

0.135            482

0.135            483

0.135            484

0.135            485

0.135            486

0.135            487

0.135            488

0.135            489

0.135            490

0.135            491

0.135            492

0.135            493

0.135            494

0.135            495

0.135            496

0.145            497

0.145            498

0.145            499

0.145            500

0.145            501

0.145            502

0.145            503

0.145            504

0.145            505

0.145            506

0.145            507

0.145            508

0.145            509

0.145            510

0.145            511

0.145            512

0.145            513

0.145            514

0.145            515

0.145            516

0.145            517

0.145            518

0.145            519

0.145            520

0.145            521

0.145            522

0.145            523

0.145            524

0.145            525

0.145            526

0.145            527

0.145            528

0.145            529

0.145            530

0.145            531

0.145            532

0.145            533

0.145            534

0.145            535

0.145            536

0.145            537

0.145            538

0.145            539

0.145            540

0.145            541

0.145            542

0.145            543

0.145            544

0.145            545

0.145            546

0.145            547

0.145            548

0.145            549

0.145            550

0.145            551

0.145            552

0.145            553

0.145            554

0.145            555

0.15            556

0.15            557

0.155            558

0.155            559

0.155            560

0.155            561

0.155            562

0.155            563

0.155            564

0.155            565

0.155            566

0.155            567

0.155            568

0.155            569

0.155            570

0.155            571

0.155            572

0.155            573

0.155            574

0.155            575

0.155            576

0.155            577

0.155            578

0.165            579

0.165            580

0.165            581

0.165            582

0.165            583

0.165            584

0.165            585

0.165            586

0.165            587

0.165            588

0.165            589

0.165            590

0.165            591

0.165            592

0.165            593

0.165            594

0.165            595

0.165            596

0.165            597

0.165            598

0.165            599

0.165            600

0.165            601

0.165            602

0.165            603

0.165            604

0.165            605

0.165            606

0.165            607

0.165            608

0.165            609

0.165            610

0.165            611

0.165            612

0.165            613

0.165            614

0.165            615

0.165            616

0.165            617

0.165            618

0.165            619

0.165            620

0.165            621

0.165            622

0.165            623

0.165            624

0.165            625

0.165            626

0.165            627

0.165            628

0.165            629

0.165            630

0.165            631

0.165            632

0.165            633

0.165            634

0.165            635

0.165            636

0.165            637

0.165            638

0.165            639

0.165            640

0.165            641

0.165            642

0.165            643

0.165            644

0.165            645

0.165            646

0.165            647

0.165            648

0.165            649

0.165            650

0.165            651

0.165            652

0.165            653

0.165            654

0.165            655

0.165            656

0.165            657

0.165            658

0.165            659

0.165            660

0.165            661

0.165            662

0.165            663

0.165            664

0.165            665

0.165            666

0.165            667

0.165            668

0.165            669

0.165            670

0.165            671

0.165            672

0.165            673

0.165            674

0.165            675

0.165            676

0.165            677

0.165            678

0.165            679

0.165            680

0.165            681

0.165            682

0.165            683

0.165            684

0.165            685

0.165            686

0.165            687

0.165            688

0.165            689

0.165            690

0.165            691

0.165            692

0.165            693

0.165            694

0.165            695

0.165            696

0.165            697

0.165            698

0.165            699

0.165            700

0.165            701

0.165            702

0.165            703

0.165            704

0.165            705

0.165            706

0.165            707

0.165            708

0.165            709

0.165            710

0.165            711

0.165            712

0.165            713

0.165            714

0.165            715

0.165            716

0.165            717

0.165            718

0.165            719

0.165            720

0.165            721

0.165            722

0.165            723

0.165            724

0.165            725

0.165            726

0.165            727

0.165            728

0.165            729

0.165            730

0.165            731

0.165            732

0.165            733

0.165            734

0.165            735

0.165            736

0.165            737

0.165            738

0.165            739

0.165            740

0.165            741

0.165            742

0.165            743

0.165            744

0.165            745

0.165            746

0.165            747

0.165            748

0.165            749

0.165            750

0.165            751

0.165            752

0.17            753

0.17            754

0.17            755

0.17            756

0.17            757

0.17            758

0.17            759

0.17            760

0.17            761

0.17            762

0.17            763

0.17            764

0.17            765

0.17            766

0.17            767

0.17            768

0.17            769

0.17            770

0.17            771

0.17            772

0.17            773

0.17            774

0.17            775

0.17            776

0.17            777

0.17            778

0.17            779

0.17            780

0.17            781

0.17            782

0.17            783

0.17            784

0.17            785

0.17            786

0.17            787

0.17            788

0.17            789

0.17            790

0.17            791

0.17            792

0.17            793

0.17            794

0.17            795

0.17            796

0.17            797

0.17            798

0.175            799

0.175            800

0.175            801

0.175            802

0.175            803

0.175            804

0.175            805

0.175            806

0.175            807

0.175            808

0.175            809

0.175            810

0.175            811

0.175            812

0.175            813

0.175            814

0.175            815

0.175            816

0.175            817

0.175            818

0.175            819

0.175            820

0.175            821

0.175            822

0.175            823

0.175            824

0.175            825

0.175            826

0.175            827

0.18            828

0.18            829

0.18            830

0.18            831

0.18            832

0.18            833

0.18            834

0.18            835

0.18            836

0.18            837

0.18            838

0.18            839

0.18            840

0.18            841

0.18            842

0.18            843

0.18            844

0.18            845

0.18            846

0.18            847

0.18            848

0.18            849

0.18            850

0.18            851

0.18            852

0.18            853

0.18            854

0.18            855

0.18            856

0.18            857

0.18            858

0.18            859

0.18            860

0.18            861

0.18            862

0.18            863

0.18            864

0.18            865

0.18            866

0.18            867

0.18            868

0.18            869

0.18            870

0.18            871

0.18            872

0.18            873

0.18            874

0.18            875

0.18            876

0.18            877

0.18            878

0.18            879

0.18            880

0.18            881

0.18            882

0.18            883

0.18            884

0.18            885

0.18            886

0.18            887

0.18            888

0.18            889

0.18            890

0.18            891

0.18            892

0.18            893

0.18            894

0.18            895

0.18            896

0.18            897

0.18            898

0.18            899

0.18            900

0.18            901

0.18            902

0.18            903

0.18            904

0.19            905

0.19            906

0.19            907

0.19            908

0.19            909

0.19            910

0.19            911

0.19            912

0.19            913

0.19            914

0.19            915

0.19            916

0.19            917

0.19            918

0.19            919

0.19            920

0.19            921

0.19            922

0.19            923

0.19            924

0.19            925

0.185            926

0.185            927

0.185            928

0.185            929

0.185            930

0.185            931

0.185            932

0.185            933

0.185            934

0.185            935

0.185            936

0.185            937

0.185            938

0.185            939

0.185            940

0.185            941

0.185            942

0.185            943

0.185            944

0.185            945

0.185            946

0.185            947

0.185            948

0.185            949

0.185            950

0.185            951

0.185            952

0.185            953

0.185            954

0.185            955

0.185            956

0.19            957

0.19            958

0.19            959

0.19            960

0.19            961

0.19            962

0.19            963

0.19            964

0.19            965

0.19            966

0.19            967

0.19            968

0.19            969

0.19            970

0.19            971

0.19            972

0.19            973

0.19            974

0.19            975

0.19            976

0.19            977

0.19            978

0.19            979

0.19            980

0.19            981

0.19            982

0.19            983

0.19            984

0.19            985

0.185            986

0.185            987

0.185            988

0.185            989

0.19            990

0.19            991

0.19            992

0.19            993

0.19            994

0.19            995

0.19            996

0.19            997

0.19            998

0.19            999

0.19            1000

0.19            1001

0.19            1002

0.19            1003

0.19            1004

0.19            1005

0.19            1006

0.19            1007

0.19            1008

0.19            1009

0.19            1010

0.19            1011

0.19            1012

0.19            1013

0.19            1014

0.19            1015

0.19            1016

0.19            1017

0.19            1018

0.19            1019

0.19            1020

0.19            1021

0.19            1022

0.19            1023

0.19            1024

0.19            1025

0.19            1026

0.19            1027

0.19            1028

0.19            1029

0.19            1030

0.19            1031

0.19            1032

0.19            1033

0.19            1034

0.19            1035

0.19            1036

0.19            1037

0.19            1038

0.19            1039

0.19            1040

0.185            1041

0.185            1042

0.185            1043

0.185            1044

0.185            1045

0.185            1046

0.185            1047

0.185            1048

0.185            1049

0.185            1050

0.185            1051

0.185            1052

0.185            1053

0.185            1054

0.185            1055

0.185            1056

0.19            1057

0.19            1058

0.185            1059

0.185            1060

0.185            1061

0.185            1062

0.185            1063

0.185            1064

0.185            1065

0.185            1066

0.185            1067

0.185            1068

0.185            1069

0.185            1070

0.185            1071

0.185            1072

0.185            1073

0.185            1074

0.185            1075

0.185            1076

0.185            1077

0.185            1078

0.185            1079

0.185            1080

0.185            1081

0.185            1082

0.185            1083

0.185            1084

0.185            1085

0.185            1086

0.185            1087

0.185            1088

0.185            1089

0.185            1090

0.185            1091

0.185            1092

0.185            1093

0.185            1094

0.185            1095

0.185            1096

0.185            1097

0.185            1098

0.185            1099

0.185            1100

0.185            1101

0.185            1102

0.185            1103

0.185            1104

0.185            1105

0.185            1106

0.185            1107

0.185            1108

0.185            1109

0.185            1110

0.185            1111

0.19            1112

0.185            1113

0.185            1114

0.185            1115

0.185            1116

0.185            1117

0.185            1118

0.185            1119

0.185            1120

0.185            1121

0.185            1122

0.185            1123

0.185            1124

0.185            1125

0.185            1126

0.185            1127

0.185            1128

0.185            1129

0.185            1130

0.185            1131

0.185            1132

0.185            1133

0.185            1134

0.185            1135

0.185            1136

0.185            1137

0.185            1138

0.19            1139

0.19            1140

0.19            1141

0.19            1142

0.19            1143

0.19            1144

0.19            1145

0.19            1146

0.19            1147

0.19            1148

0.19            1149

0.19            1150

0.19            1151

0.19            1152

0.19            1153

0.2            1154

0.2            1155

0.2            1156

0.2            1157

0.2            1158

0.2            1159

0.2            1160

0.2            1161

0.2            1162

0.2            1163

0.2            1164

0.205            1165

0.205            1166

0.205            1167

0.205            1168

0.21            1169

0.21            1170

0.21            1171

0.21            1172

0.21            1173

0.21            1174

0.21            1175

0.215            1176

0.215            1177

0.215            1178

0.215            1179

0.215            1180

0.215            1181

0.215            1182

0.215            1183

0.22            1184

0.22            1185

0.23            1186

0.235            1187

0.235            1188

0.235            1189

0.235            1190

0.24            1191

0.24            1192

0.24            1193

0.24            1194

0.24            1195

0.24            1196

0.24            1197

0.24            1198

0.24            1199

0.245            1200

0.245            1201

0.245            1202

0.245            1203

0.245            1204

0.25            1205

0.25            1206

0.25            1207

0.25            1208

0.25            1209

0.25            1210

0.25            1211

0.25            1212

0.25            1213

0.255            1214

0.255            1215

0.255            1216

0.26            1217

0.265            1218

0.265            1219

0.265            1220

0.265            1221

0.265            1222

0.265            1223

0.265            1224

0.265            1225

0.265            1226

0.265            1227

0.265            1228

0.265            1229

0.265            1230

0.265            1231

0.265            1232

0.265            1233

0.265            1234

0.265            1235

0.265            1236

0.265            1237

0.265            1238

0.265            1239

0.265            1240

0.265            1241

0.265            1242

0.265            1243

0.265            1244

0.265            1245

0.265            1246

0.265            1247

0.265            1248

0.265            1249

0.265            1250

0.265            1251

0.265            1252

0.265            1253

0.265            1254

0.265            1255

0.265            1256

0.265            1257

0.265            1258

0.265            1259

0.265            1260

0.265            1261

0.265            1262

0.265            1263

0.265            1264

0.265            1265

0.265            1266

0.265            1267

0.265            1268

0.265            1269

0.265            1270

0.265            1271

0.265            1272

0.265            1273

0.265            1274

0.265            1275

0.27            1276

0.27            1277

0.27            1278

0.27            1279

0.27            1280

0.27            1281

0.27            1282

0.27            1283

0.27            1284

0.27            1285

0.27            1286

0.27            1287

0.27            1288

0.27            1289

0.27            1290

0.27            1291

0.27            1292

0.27            1293

0.27            1294

0.27            1295

0.27            1296

0.27            1297

0.27            1298

0.27            1299

0.27            1300

0.27            1301

0.27            1302

0.27            1303

0.27            1304

0.27            1305

0.27            1306

0.27            1307

0.27            1308

0.27            1309

0.27            1310

0.27            1311

0.27            1312

0.27            1313

0.27            1314

0.27            1315

0.27            1316

0.27            1317

0.27            1318

0.27            1319

0.275            1320

0.275            1321

0.275            1322

0.275            1323

0.275            1324

0.275            1325

0.275            1326

0.275            1327

0.275            1328

0.275            1329

0.275            1330

0.275            1331

0.275            1332

0.275            1333

0.275            1334

0.275            1335

0.275            1336

0.275            1337

0.275            1338

0.275            1339

0.275            1340

0.275            1341

0.275            1342

0.275            1343

0.275            1344

0.275            1345

0.275            1346

0.275            1347

0.275            1348

0.275            1349

0.275            1350

0.275            1351

0.275            1352

0.275            1353

0.275            1354

0.275            1355

0.275            1356

0.275            1357

0.275            1358

0.275            1359

0.275            1360

0.275            1361

0.275            1362

0.275            1363

0.275            1364

0.275            1365

0.275            1366

0.275            1367

0.275            1368

0.275            1369

0.275            1370

0.275            1371

0.275            1372

0.275            1373

0.275            1374

0.275            1375

0.275            1376

0.275            1377

0.275            1378

0.275            1379

0.275            1380

0.275            1381

0.275            1382

0.275            1383

0.275            1384

0.275            1385

0.275            1386

0.275            1387

0.275            1388

0.275            1389

0.275            1390

0.275            1391

0.275            1392

0.275            1393

0.275            1394

0.275            1395

0.275            1396

0.275            1397

0.275            1398

0.275            1399

0.275            1400

0.275            1401

0.275            1402

0.275            1403

0.275            1404

0.275            1405

0.275            1406

0.275            1407

0.28            1408

0.28            1409

0.28            1410

0.28            1411

0.28            1412

0.28            1413

0.28            1414

0.28            1415

0.28            1416

0.28            1417

0.28            1418

0.28            1419

0.28            1420

0.28            1421

0.28            1422

0.28            1423

0.28            1424

0.28            1425

0.28            1426

0.28            1427

0.28            1428

0.28            1429

0.28            1430

0.28            1431

0.28            1432

0.28            1433

0.28            1434

0.28            1435

0.28            1436

0.28            1437

0.28            1438

0.28            1439

0.28            1440

0.28            1441

0.28            1442

0.28            1443

0.28            1444

0.28            1445

0.28            1446

0.28            1447

0.28            1448

0.28            1449

0.28            1450

0.28            1451

0.28            1452

0.28            1453

0.28            1454

0.28            1455

0.28            1456

0.28            1457

0.28            1458

0.28            1459

0.28            1460

0.28            1461

0.28            1462

0.28            1463

0.28            1464

0.28            1465

0.28            1466

0.28            1467

0.28            1468

0.28            1469

0.28            1470

0.28            1471

0.28            1472

0.28            1473

0.28            1474

0.28            1475

0.28            1476

0.28            1477

0.285            1478

0.285            1479

0.285            1480

0.285            1481

0.285            1482

0.285            1483

0.285            1484

0.285            1485

0.285            1486

0.285            1487

0.285            1488

0.285            1489

0.285            1490

0.285            1491

0.29            1492

0.29            1493

0.29            1494

0.29            1495

0.29            1496

0.29            1497

0.29            1498

0.29            1499

0.29            1500

0.29            1501

0.29            1502

0.295            1503

0.295            1504

0.295            1505

0.295            1506

0.295            1507

0.295            1508

0.295            1509

0.295            1510

0.295            1511

0.295            1512

0.295            1513

0.295            1514

0.295            1515

0.295            1516

0.295            1517

0.295            1518

0.295            1519

0.295            1520

0.295            1521

0.295            1522

0.295            1523

0.295            1524

0.295            1525

0.295            1526

0.295            1527

0.295            1528

0.295            1529

0.295            1530

0.295            1531

0.295            1532

0.295            1533

0.295            1534

0.295            1535

0.295            1536

0.295            1537

0.295            1538

0.295            1539

0.295            1540

0.295            1541

0.295            1542

0.295            1543

0.295            1544

0.295            1545

0.295            1546

0.295            1547

0.295            1548

0.295            1549

0.295            1550

0.295            1551

0.295            1552

0.295            1553

0.295            1554

0.295            1555

0.295            1556

0.29            1557

0.29            1558

0.29            1559

0.29            1560

0.29            1561

0.29            1562

0.29            1563

0.29            1564

0.29            1565

0.29            1566

0.29            1567

0.29            1568

0.29            1569

0.29            1570

0.29            1571

0.29            1572

0.29            1573

0.29            1574

0.29            1575

0.29            1576

0.29            1577

0.29            1578

0.29            1579

0.29            1580

0.29            1581

0.29            1582

0.29            1583

0.29            1584

0.29            1585

0.29            1586

0.29            1587

0.29            1588

0.29            1589

0.29            1590

0.29            1591

0.29            1592

0.29            1593

0.29            1594

0.295            1595

0.295            1596

0.295            1597

0.295            1598

0.295            1599

0.295            1600

0.295            1601

0.295            1602

0.295            1603

0.295            1604

0.295            1605

0.295            1606

0.295            1607

0.295            1608

0.295            1609

0.295            1610

0.295            1611

0.295            1612

0.295            1613

0.295            1614

0.295            1615

0.295            1616

0.295            1617

0.295            1618

0.295            1619

0.295            1620

0.295            1621

0.295            1622

0.295            1623

0.295            1624

0.295            1625

0.295            1626

0.295            1627

0.295            1628

0.295            1629

0.295            1630

0.295            1631

0.295            1632

0.295            1633

0.3            1634

0.3            1635

0.3            1636

0.3            1637

0.3            1638

0.3            1639

0.3            1640

0.3            1641

0.3            1642

0.3            1643

0.3            1644

0.3            1645

0.3            1646

0.3            1647

0.3            1648

0.3            1649

0.305            1650

0.305            1651

0.305            1652

0.305            1653

0.305            1654

0.305            1655

0.305            1656

0.305            1657

0.305            1658

0.305            1659

0.305            1660

0.305            1661

0.305            1662

0.305            1663

0.305            1664

0.305            1665

0.305            1666

0.305            1667

0.305            1668

0.305            1669

0.305            1670

0.305            1671

0.305            1672

0.305            1673

0.305            1674

0.305            1675

0.305            1676

0.305            1677

0.305            1678

0.305            1679

0.305            1680

0.305            1681

0.305            1682

0.305            1683

0.305            1684

0.305            1685

0.305            1686

0.305            1687

0.305            1688

0.305            1689

0.305            1690

0.305            1691

0.305            1692

0.305            1693

0.305            1694

0.305            1695

0.305            1696

0.305            1697

0.305            1698

0.305            1699

0.305            1700

0.305            1701

0.305            1702

0.305            1703

0.305            1704

0.305            1705

0.305            1706

0.305            1707

0.305            1708

0.305            1709

0.305            1710

0.305            1711

0.305            1712

0.305            1713

0.3            1714

0.3            1715

0.3            1716

0.3            1717

0.3            1718

0.3            1719

0.3            1720

0.3            1721

0.3            1722

0.3            1723

0.3            1724

0.3            1725

0.3            1726

0.3            1727

0.3            1728

0.3            1729

0.3            1730

0.3            1731

0.3            1732

0.3            1733

0.3            1734

0.3            1735

0.3            1736

0.3            1737

0.3            1738

0.3            1739

0.3            1740

0.3            1741

0.3            1742

0.3            1743

0.3            1744

0.3            1745

0.3            1746

0.3            1747

0.3            1748

0.3            1749

0.3            1750

0.3            1751

0.3            1752

0.3            1753

0.3            1754

0.3            1755

0.3            1756

0.3            1757

0.3            1758

0.3            1759

0.3            1760

0.3            1761

0.3            1762

0.3            1763

0.3            1764

0.3            1765

0.3            1766

0.3            1767

0.3            1768

0.3            1769

0.3            1770

0.3            1771

0.3            1772

0.3            1773

0.3            1774

0.3            1775

0.3            1776

0.3            1777

0.3            1778

0.3            1779

0.3            1780

0.3            1781

0.3            1782

0.3            1783

0.3            1784

0.3            1785

0.3            1786

0.3            1787

0.3            1788

0.3            1789

0.3            1790

0.305            1791

0.305            1792

0.305            1793

0.305            1794

0.305            1795

0.305            1796

0.305            1797

0.305            1798

0.305            1799

0.305            1800

0.305            1801

0.305            1802

0.305            1803

0.305            1804

0.305            1805

0.305            1806

0.305            1807

0.305            1808

0.305            1809

0.305            1810

0.305            1811

0.305            1812

0.305            1813

0.305            1814

0.305            1815

0.305            1816

0.305            1817

0.305            1818

0.305            1819

0.305            1820

0.305            1821

0.305            1822

0.305            1823

0.305            1824

0.305            1825

0.305            1826

0.305            1827

0.305            1828

0.305            1829

0.305            1830

0.305            1831

0.305            1832

0.305            1833

0.305            1834

0.305            1835

0.305            1836

0.305            1837

0.305            1838

0.305            1839

0.305            1840

0.305            1841

0.305            1842

0.305            1843

0.305            1844

0.305            1845

0.305            1846

0.305            1847

0.305            1848

0.305            1849

0.305            1850

0.305            1851

0.305            1852

0.305            1853

0.305            1854

0.305            1855

0.305            1856

0.305            1857

0.305            1858

0.305            1859

0.305            1860

0.305            1861

0.305            1862

0.305            1863

0.305            1864

0.305            1865

0.305            1866

0.305            1867

0.305            1868

0.305            1869

0.305            1870

0.305            1871

0.305            1872

0.305            1873

0.305            1874

0.305            1875

0.305            1876

0.305            1877

0.305            1878

0.305            1879

0.305            1880

0.305            1881

0.305            1882

0.3            1883

0.3            1884

0.3            1885

0.3            1886

0.3            1887

0.3            1888

0.3            1889

0.3            1890

0.3            1891

0.3            1892

0.3            1893

0.3            1894

0.3            1895

0.3            1896

0.3            1897

0.3            1898

0.3            1899

0.3            1900

0.3            1901

0.3            1902

0.3            1903

0.3            1904

0.3            1905

0.3            1906

0.3            1907

0.3            1908

0.3            1909

0.3            1910

0.3            1911

0.3            1912

0.3            1913

0.3            1914

0.3            1915

0.3            1916

0.3            1917

0.3            1918

0.3            1919

0.3            1920

0.3            1921

0.3            1922

0.3            1923

0.3            1924

0.3            1925

0.3            1926

0.3            1927

0.3            1928

0.3            1929

0.3            1930

0.305            1931

0.305            1932

0.305            1933

0.305            1934

0.305            1935

0.305            1936

0.305            1937

0.305            1938

0.305            1939

0.305            1940

0.305            1941

0.305            1942

0.305            1943

0.305            1944

0.305            1945

0.305            1946

0.305            1947

0.305            1948

0.305            1949

0.305            1950

0.305            1951

0.305            1952

0.305            1953

0.305            1954

0.305            1955

0.305            1956

0.305            1957

0.305            1958

0.305            1959

0.305            1960

0.305            1961

0.305            1962

0.305            1963

0.305            1964

0.305            1965

0.305            1966

0.305            1967

0.305            1968

0.305            1969

0.305            1970

0.305            1971

0.305            1972

0.305            1973

0.305            1974

0.305            1975

0.305            1976

0.305            1977

0.305            1978

0.305            1979

0.305            1980

0.305            1981

0.305            1982

0.305            1983

0.305            1984

0.305            1985

0.305            1986

0.305            1987

0.305            1988

0.305            1989

0.305            1990

0.305            1991

0.305            1992

0.305            1993

0.305            1994

0.305            1995

0.305            1996

0.305            1997

0.305            1998

0.305            1999

0.305            2000

0.305            2001

0.305            2002

0.305            2003

0.305            2004

0.305            2005

0.305            2006

0.305            2007

0.305            2008

0.305            2009

0.31            2010

0.31            2011

0.31            2012

0.31            2013

0.31            2014

0.31            2015

0.31            2016

0.31            2017

0.31            2018

0.31            2019

0.31            2020

0.31            2021

0.31            2022

0.31            2023

0.31            2024

0.31            2025

0.31            2026

0.31            2027

0.31            2028

0.31            2029

0.315            2030

0.315            2031

0.315            2032

0.315            2033

0.315            2034

0.315            2035

0.315            2036

0.315            2037

0.315            2038

0.315            2039

0.315            2040

0.315            2041

0.315            2042

0.32            2043

0.32            2044

0.32            2045

0.32            2046

0.32            2047

0.32            2048

0.32            2049

0.32            2050

0.32            2051

0.32            2052

0.32            2053

0.32            2054

0.32            2055

0.32            2056

0.32            2057

0.32            2058

0.32            2059

0.32            2060

0.32            2061

0.32            2062

0.32            2063

0.32            2064

0.32            2065

0.32            2066

0.32            2067

0.32            2068

0.32            2069

0.32            2070

0.32            2071

0.32            2072

0.32            2073

0.32            2074

0.32            2075

0.32            2076

0.32            2077

0.32            2078

0.32            2079

0.32            2080

0.32            2081

0.32            2082

0.32            2083

0.32            2084

0.32            2085

0.32            2086

0.32            2087

0.32            2088

0.32            2089

0.32            2090

0.32            2091

0.32            2092

0.32            2093

0.32            2094

0.325            2095

0.325            2096

0.325            2097

0.325            2098

0.325            2099

0.325            2100

0.325            2101

0.325            2102

0.325            2103

0.325            2104

0.325            2105

0.325            2106

0.325            2107

0.325            2108

0.325            2109

0.325            2110

0.325            2111

0.325            2112

0.325            2113

0.325            2114

0.325            2115

0.325            2116

0.325            2117

0.325            2118

0.325            2119

0.325            2120

0.325            2121

0.325            2122

0.325            2123

0.325            2124

0.325            2125

0.325            2126

0.325            2127

0.325            2128

0.325            2129

0.325            2130

0.325            2131

0.325            2132

0.325            2133

0.325            2134

0.325            2135

0.325            2136

0.325            2137

0.325            2138

0.325            2139

0.325            2140

0.325            2141

0.325            2142

0.325            2143

0.325            2144

0.325            2145

0.325            2146

0.325            2147

0.325            2148

0.325            2149

0.325            2150

0.325            2151

0.325            2152

0.325            2153

0.325            2154

0.325            2155

0.325            2156

0.325            2157

0.325            2158

0.325            2159

0.325            2160

0.325            2161

0.325            2162

0.325            2163

0.325            2164

0.325            2165

0.325            2166

0.325            2167

0.325            2168

0.325            2169

0.325            2170

0.325            2171

0.325            2172

0.325            2173

0.325            2174

0.325            2175

0.325            2176

0.325            2177

0.325            2178

0.325            2179

0.325            2180

0.325            2181

0.325            2182

0.325            2183

0.325            2184

0.325            2185

0.325            2186

0.325            2187

0.33            2188

0.33            2189

0.33            2190

0.33            2191

0.33            2192

0.33            2193

0.33            2194

0.33            2195

0.33            2196

0.33            2197

0.33            2198

0.33            2199

0.325            2200

0.325            2201

0.325            2202

0.325            2203

0.325            2204

0.325            2205

0.325            2206

0.325            2207

0.325            2208

0.325            2209

0.325            2210

0.325            2211

0.325            2212

0.325            2213

0.325            2214

0.325            2215

0.325            2216

0.325            2217

0.325            2218

0.325            2219

0.325            2220

0.325            2221

0.325            2222

0.325            2223

0.325            2224

0.325            2225

0.325            2226

0.325            2227

0.325            2228

0.325            2229

0.325            2230

0.325            2231

0.325            2232

0.325            2233

0.325            2234

0.325            2235

0.325            2236

0.325            2237

0.33            2238

0.33            2239

0.33            2240

0.33            2241

0.33            2242

0.33            2243

0.33            2244

0.33            2245

0.33            2246

0.33            2247

0.33            2248

0.33            2249

0.33            2250

0.33            2251

0.33            2252

0.33            2253

0.33            2254

0.33            2255

0.33            2256

0.33            2257

0.33            2258

0.33            2259

0.33            2260

0.33            2261

0.33            2262

0.33            2263

0.33            2264

0.33            2265

0.33            2266

0.33            2267

0.33            2268

0.33            2269

0.33            2270

0.33            2271

0.33            2272

0.33            2273

0.33            2274

0.33            2275

0.33            2276

0.33            2277

0.33            2278

0.33            2279

0.33            2280

0.33            2281

0.33            2282

0.33            2283

0.33            2284

0.33            2285

0.33            2286

0.33            2287

0.33            2288

0.33            2289

0.33            2290

0.33            2291

0.33            2292

0.33            2293

0.33            2294

0.33            2295

0.33            2296

0.33            2297

0.33            2298

0.33            2299

0.33            2300

0.33            2301

0.33            2302

0.33            2303

0.33            2304

0.33            2305

0.33            2306

0.33            2307

0.33            2308

0.33            2309

0.335            2310

0.335            2311

0.335            2312

0.335            2313

0.335            2314

0.335            2315

0.335            2316

0.335            2317

0.335            2318

0.335            2319

0.335            2320

0.335            2321

0.335            2322

0.335            2323

0.335            2324

0.335            2325

0.335            2326

0.335            2327

0.335            2328

0.335            2329

0.335            2330

0.335            2331

0.335            2332

0.335            2333

0.335            2334

0.335            2335

0.335            2336

0.335            2337

0.335            2338

0.335            2339

0.335            2340

0.335            2341

0.335            2342

0.335            2343

0.335            2344

0.335            2345

0.335            2346

0.335            2347

0.335            2348

0.335            2349

0.335            2350

0.335            2351

0.335            2352

0.335            2353

0.335            2354

0.335            2355

0.335            2356

0.335            2357

0.335            2358

0.335            2359

0.335            2360

0.33            2361

0.33            2362

0.33            2363

0.33            2364

0.33            2365

0.33            2366

0.33            2367

0.33            2368

0.33            2369

0.33            2370

0.33            2371

0.33            2372

0.33            2373

0.33            2374

0.33            2375

0.33            2376

0.33            2377

0.33            2378

0.33            2379

0.33            2380

0.33            2381

0.33            2382

0.33            2383

0.33            2384

0.33            2385

0.33            2386

0.33            2387

0.33            2388

0.33            2389

0.33            2390

0.33            2391

0.33            2392

0.33            2393

0.33            2394

0.33            2395

0.33            2396

0.33            2397

0.33            2398

0.33            2399

0.33            2400

0.33            2401

0.33            2402

0.33            2403

0.335            2404

0.335            2405

0.335            2406

0.335            2407

0.335            2408

0.335            2409

0.335            2410

0.335            2411

0.335            2412

0.335            2413

0.335            2414

0.335            2415

0.335            2416

0.335            2417

0.335            2418

0.335            2419

0.335            2420

0.335            2421

0.335            2422

0.335            2423

0.335            2424

0.335            2425

0.335            2426

0.335            2427

0.335            2428

0.335            2429

0.335            2430

0.335            2431

0.335            2432

0.335            2433

0.335            2434

0.335            2435

0.335            2436

0.335            2437

0.335            2438

0.335            2439

0.335            2440

0.335            2441

0.335            2442

0.335            2443

0.335            2444

0.335            2445

0.335            2446

0.335            2447

0.335            2448

0.335            2449

0.335            2450

0.335            2451

0.335            2452

0.335            2453

0.335            2454

0.335            2455

0.335            2456

0.335            2457

0.335            2458

0.335            2459

0.335            2460

0.335            2461

0.335            2462

0.335            2463

0.335            2464

0.335            2465

0.335            2466

0.335            2467

0.335            2468

0.335            2469

0.335            2470

0.335            2471

0.335            2472

0.335            2473

0.335            2474

0.335            2475

0.335            2476

0.335            2477

0.335            2478

0.335            2479

0.335            2480

0.335            2481

0.335            2482

0.335            2483

0.335            2484

0.335            2485

0.335            2486

0.335            2487

0.335            2488

0.335            2489

0.335            2490

0.335            2491

0.335            2492

0.335            2493

0.335            2494

0.335            2495

0.335            2496

0.335            2497

0.335            2498

0.335            2499

0.335            2500

0.335            2501

0.335            2502

0.335            2503

0.335            2504

0.335            2505

0.335            2506

0.335            2507

0.335            2508

0.335            2509

0.335            2510

0.335            2511

0.33            2512

0.33            2513

0.33            2514

0.33            2515

0.33            2516

0.33            2517

0.33            2518

0.33            2519

0.33            2520

0.33            2521

0.33            2522

0.33            2523

0.33            2524

0.33            2525

0.33            2526

0.33            2527

0.33            2528

0.33            2529

0.33            2530

0.33            2531

0.33            2532

0.33            2533

0.33            2534

0.33            2535

0.33            2536

0.33            2537

0.33            2538

0.33            2539

0.33            2540

0.33            2541

0.33            2542

0.33            2543

0.33            2544

0.33            2545

0.33            2546

0.33            2547

0.33            2548

0.335            2549

0.335            2550

0.335            2551

0.335            2552

0.335            2553

0.335            2554

0.335            2555

0.335            2556

0.335            2557

0.335            2558

0.335            2559

0.335            2560

0.335            2561

0.335            2562

0.335            2563

0.335            2564

0.335            2565

0.335            2566

0.335            2567

0.335            2568

0.335            2569

0.335            2570

0.335            2571

0.335            2572

0.335            2573

0.335            2574

0.335            2575

0.335            2576

0.335            2577

0.335            2578

0.335            2579

0.335            2580

0.335            2581

0.335            2582

0.335            2583

0.335            2584

0.335            2585

0.335            2586

0.34            2587

0.34            2588

0.34            2589

0.34            2590

0.34            2591

0.34            2592

0.34            2593

0.34            2594

0.34            2595

0.34            2596

0.34            2597

0.34            2598

0.34            2599

0.34            2600

0.34            2601

0.34            2602

0.34            2603

0.34            2604

0.34            2605

0.34            2606

0.34            2607

0.34            2608

0.34            2609

0.34            2610

0.34            2611

0.34            2612

0.34            2613

0.34            2614

0.34            2615

0.34            2616

0.34            2617

0.34            2618

0.34            2619

0.34            2620

0.34            2621

0.34            2622

0.34            2623

0.34            2624

0.34            2625

0.34            2626

0.34            2627

0.34            2628

0.34            2629

0.34            2630

0.34            2631

0.34            2632

0.34            2633

0.34            2634

0.34            2635

0.34            2636

0.34            2637

0.34            2638

0.34            2639

0.34            2640

0.34            2641

0.34            2642

0.34            2643

0.34            2644

0.34            2645

0.34            2646

0.34            2647

0.34            2648

0.34            2649

0.34            2650

0.34            2651

0.34            2652

0.34            2653

0.34            2654

0.34            2655

0.34            2656

0.34            2657

0.34            2658

0.34            2659

0.34            2660

0.34            2661

0.335            2662

0.335            2663

0.335            2664

0.335            2665

0.335            2666

0.335            2667

0.335            2668

0.335            2669

0.335            2670

0.335            2671

0.335            2672

0.335            2673

0.335            2674

0.335            2675

0.335            2676

0.335            2677

0.335            2678

0.335            2679

0.335            2680

0.335            2681

0.335            2682

0.335            2683

0.335            2684

0.335            2685

0.335            2686

0.335            2687

0.335            2688

0.335            2689

0.335            2690

0.335            2691

0.335            2692

0.335            2693

0.335            2694

0.335            2695

0.335            2696

0.335            2697

0.335            2698

0.335            2699

0.335            2700

0.335            2701

0.335            2702

0.335            2703

0.335            2704

0.335            2705

0.335            2706

0.335            2707

0.335            2708

0.335            2709

0.335            2710

0.335            2711

0.335            2712

0.335            2713

0.335            2714

0.335            2715

0.335            2716

0.335            2717

0.335            2718

0.335            2719

0.335            2720

0.335            2721

0.335            2722

0.335            2723

0.335            2724

0.34            2725

0.34            2726

0.34            2727

0.34            2728

0.34            2729

0.34            2730

0.34            2731

0.34            2732

0.34            2733

0.34            2734

0.34            2735

0.34            2736

0.34            2737

0.34            2738

0.34            2739

0.34            2740

0.34            2741

0.34            2742

0.34            2743

0.34            2744

0.34            2745

0.34            2746

0.34            2747

0.34            2748

0.34            2749

0.34            2750

0.34            2751

0.34            2752

0.34            2753

0.34            2754

0.34            2755

0.34            2756

0.34            2757

0.34            2758

0.34            2759

0.335            2760

0.335            2761

0.335            2762

0.335            2763

0.335            2764

0.335            2765

0.335            2766

0.335            2767

0.335            2768

0.335            2769

0.335            2770

0.335            2771

0.335            2772

0.335            2773

0.335            2774

0.335            2775

0.335            2776

0.335            2777

0.335            2778

0.335            2779

0.335            2780

0.335            2781

0.335            2782

0.335            2783

0.335            2784

0.335            2785

0.335            2786

0.335            2787

0.335            2788

0.335            2789

0.335            2790

0.335            2791

0.335            2792

0.335            2793

0.335            2794

0.335            2795

0.335            2796

0.335            2797

0.335            2798

0.335            2799

0.335            2800

0.335            2801

0.335            2802

0.335            2803

0.335            2804

0.335            2805

0.335            2806

0.335            2807

0.335            2808

0.335            2809

0.335            2810

0.335            2811

0.335            2812

0.335            2813

0.335            2814

0.335            2815

0.335            2816

0.335            2817

0.335            2818

0.335            2819

0.335            2820

0.335            2821

0.335            2822

0.335            2823

0.335            2824

0.335            2825

0.335            2826

0.335            2827

0.335            2828

0.335            2829

0.335            2830

0.335            2831

0.335            2832

0.34            2833

0.34            2834

0.34            2835

0.34            2836

0.34            2837

0.34            2838

0.335            2839

0.335            2840

0.335            2841

0.335            2842

0.335            2843

0.335            2844

0.335            2845

0.335            2846

0.335            2847

0.335            2848

0.335            2849

0.335            2850

0.335            2851

0.335            2852

0.335            2853

0.335            2854

0.335            2855

0.335            2856

0.335            2857

0.335            2858

0.335            2859

0.335            2860

0.335            2861

0.335            2862

0.335            2863

0.335            2864

0.335            2865

0.335            2866

0.335            2867

0.335            2868

0.335            2869

0.335            2870

0.335            2871

0.335            2872

0.335            2873

0.335            2874

0.335            2875

0.335            2876

0.335            2877

0.335            2878

0.335            2879

0.335            2880

0.335            2881

0.335            2882

0.335            2883

0.335            2884

0.335            2885

0.335            2886

0.335            2887

0.335            2888

0.335            2889

0.335            2890

0.335            2891

0.335            2892

0.335            2893

0.335            2894

0.335            2895

0.335            2896

0.335            2897

0.335            2898

0.335            2899

0.335            2900

0.335            2901

0.335            2902

0.335            2903

0.335            2904

0.335            2905

0.335            2906

0.335            2907

0.335            2908

0.335            2909

0.335            2910

0.335            2911

0.335            2912

0.335            2913

0.335            2914

0.335            2915

0.335            2916

0.335            2917

0.335            2918

0.335            2919

0.335            2920

0.335            2921

0.335            2922

0.335            2923

0.335            2924

0.335            2925

0.335            2926

0.335            2927

0.335            2928

0.335            2929

0.335            2930

0.335            2931

0.335            2932

0.335            2933

0.335            2934

0.335            2935

0.34            2936

0.34            2937

0.34            2938

0.34            2939

0.34            2940

0.34            2941

0.345            2942

0.345            2943

0.345            2944

0.345            2945

0.345            2946

0.345            2947

0.345            2948

0.345            2949

0.345            2950

0.345            2951

0.345            2952

0.345            2953

0.345            2954

0.345            2955

0.345            2956

0.345            2957

0.345            2958

0.345            2959

0.345            2960

0.345            2961

0.345            2962

0.345            2963

0.345            2964

0.345            2965

0.345            2966

0.345            2967

0.345            2968

0.345            2969

0.345            2970

0.345            2971

0.345            2972

0.345            2973

0.345            2974

0.345            2975

0.345            2976

0.345            2977

0.345            2978

0.345            2979

0.345            2980

0.345            2981

0.345            2982

0.345            2983

0.345            2984

0.345            2985

0.345            2986

0.345            2987

0.345            2988

0.345            2989

0.345            2990

0.345            2991

0.345            2992

0.345            2993

0.345            2994

0.345            2995

0.345            2996

0.345            2997

0.345            2998

0.345            2999

