0            0

0            1

0            2

0            3

0            4

0            5

0            6

0            7

0            8

0            9

0            10

0            11

0            12

0            13

0            14

0            15

0            16

0            17

0            18

0            19

0            20

0            21

0            22

0            23

0            24

0            25

0            26

0            27

0            28

0            29

0            30

0            31

0            32

0            33

0            34

0            35

0            36

0            37

0            38

0            39

0            40

0            41

0            42

0            43

0            44

0            45

0            46

0            47

0            48

0            49

0            50

0            51

0            52

0            53

0            54

0            55

0            56

0            57

0            58

0            59

0            60

0            61

0.005            62

0.005            63

0.005            64

0.005            65

0.005            66

0.005            67

0.005            68

0.005            69

0.005            70

0.005            71

0.005            72

0.005            73

0.005            74

0.005            75

0.005            76

0.005            77

0.005            78

0.005            79

0.005            80

0.005            81

0.005            82

0.005            83

0.005            84

0.005            85

0.005            86

0.005            87

0.005            88

0.005            89

0.005            90

0.005            91

0.005            92

0.005            93

0.005            94

0.005            95

0.005            96

0.01            97

0.01            98

0.01            99

0.01            100

0.01            101

0.01            102

0.01            103

0.01            104

0.01            105

0.01            106

0.01            107

0.01            108

0.01            109

0.01            110

0.01            111

0.01            112

0.01            113

0.01            114

0.01            115

0.01            116

0.01            117

0.01            118

0.01            119

0.01            120

0.01            121

0.01            122

0.01            123

0.01            124

0.01            125

0.01            126

0.01            127

0.01            128

0.01            129

0.01            130

0.01            131

0.01            132

0.01            133

0.01            134

0.01            135

0.01            136

0.01            137

0.01            138

0.01            139

0.01            140

0.01            141

0.015            142

0.015            143

0.015            144

0.015            145

0.015            146

0.015            147

0.015            148

0.015            149

0.015            150

0.015            151

0.015            152

0.015            153

0.015            154

0.015            155

0.015            156

0.015            157

0.015            158

0.015            159

0.015            160

0.015            161

0.015            162

0.015            163

0.015            164

0.015            165

0.015            166

0.015            167

0.015            168

0.015            169

0.015            170

0.02            171

0.02            172

0.02            173

0.02            174

0.02            175

0.02            176

0.02            177

0.02            178

0.02            179

0.02            180

0.02            181

0.02            182

0.02            183

0.0225            184

0.025            185

0.025            186

0.025            187

0.025            188

0.025            189

0.025            190

0.025            191

0.025            192

0.025            193

0.025            194

0.03            195

0.03            196

0.03            197

0.03            198

0.03            199

0.03            200

0.03            201

0.03            202

0.03            203

0.03            204

0.03            205

0.03            206

0.03            207

0.03            208

0.03            209

0.03            210

0.03            211

0.03            212

0.0375            213

0.045            214

0.0475            215

0.0475            216

0.0475            217

0.0475            218

0.0475            219

0.0475            220

0.0475            221

0.0475            222

0.0475            223

0.0475            224

0.0475            225

0.0475            226

0.0475            227

0.0475            228

0.0475            229

0.0475            230

0.0475            231

0.0475            232

0.0525            233

0.0575            234

0.0575            235

0.06            236

0.06            237

0.06            238

0.06            239

0.06            240

0.06            241

0.06            242

0.06            243

0.06            244

0.06            245

0.06            246

0.06            247

0.06            248

0.06            249

0.06            250

0.06            251

0.0625            252

0.07            253

0.07            254

0.07            255

0.075            256

0.075            257

0.075            258

0.075            259

0.075            260

0.075            261

0.075            262

0.075            263

0.075            264

0.075            265

0.08            266

0.09            267

0.09            268

0.09            269

0.0925            270

0.0925            271

0.0925            272

0.0925            273

0.0975            274

0.0975            275

0.0975            276

0.0975            277

0.0975            278

0.0975            279

0.0975            280

0.1025            281

0.1025            282

0.105            283

0.105            284

0.11            285

0.11            286

0.11            287

0.11            288

0.115            289

0.115            290

0.115            291

0.115            292

0.115            293

0.115            294

0.115            295

0.115            296

0.115            297

0.115            298

0.12            299

0.12            300

0.12            301

0.125            302

0.125            303

0.125            304

0.125            305

0.125            306

0.13            307

0.135            308

0.135            309

0.135            310

0.135            311

0.135            312

0.135            313

0.135            314

0.135            315

0.135            316

0.135            317

0.135            318

0.135            319

0.135            320

0.135            321

0.135            322

0.135            323

0.135            324

0.135            325

0.135            326

0.135            327

0.135            328

0.135            329

0.135            330

0.135            331

0.135            332

0.135            333

0.135            334

0.135            335

0.135            336

0.135            337

0.135            338

0.135            339

0.135            340

0.135            341

0.135            342

0.135            343

0.135            344

0.14            345

0.14            346

0.14            347

0.14            348

0.14            349

0.14            350

0.14            351

0.14            352

0.1375            353

0.1375            354

0.1375            355

0.1375            356

0.1375            357

0.1375            358

0.1425            359

0.1425            360

0.1425            361

0.1425            362

0.1425            363

0.1425            364

0.1425            365

0.1425            366

0.1425            367

0.1425            368

0.1425            369

0.1425            370

0.1425            371

0.1425            372

0.1425            373

0.1425            374

0.1425            375

0.1425            376

0.1425            377

0.1425            378

0.1425            379

0.1425            380

0.1425            381

0.1425            382

0.1425            383

0.1425            384

0.1425            385

0.1425            386

0.1425            387

0.1425            388

0.1425            389

0.1425            390

0.1425            391

0.1425            392

0.1425            393

0.1425            394

0.1425            395

0.1425            396

0.1425            397

0.1425            398

0.1425            399

0.1425            400

0.1425            401

0.1475            402

0.1475            403

0.1475            404

0.1475            405

0.1475            406

0.15            407

0.1525            408

0.1525            409

0.1525            410

0.1525            411

0.1525            412

0.1525            413

0.1525            414

0.1525            415

0.1525            416

0.1525            417

0.1525            418

0.1525            419

0.1525            420

0.1525            421

0.1525            422

0.1525            423

0.155            424

0.16            425

0.1575            426

0.16            427

0.16            428

0.16            429

0.16            430

0.16            431

0.16            432

0.16            433

0.16            434

0.16            435

0.16            436

0.16            437

0.16            438

0.16            439

0.16            440

0.16            441

0.16            442

0.16            443

0.16            444

0.16            445

0.16            446

0.16            447

0.16            448

0.16            449

0.16            450

0.16            451

0.16            452

0.16            453

0.1625            454

0.1625            455

0.1625            456

0.1625            457

0.1625            458

0.1625            459

0.1625            460

0.1625            461

0.1625            462

0.1675            463

0.1675            464

0.1675            465

0.1675            466

0.1675            467

0.1725            468

0.1725            469

0.1725            470

0.1725            471

0.1725            472

0.1725            473

0.1725            474

0.1725            475

0.1725            476

0.1725            477

0.1725            478

0.1725            479

0.1725            480

0.1725            481

0.1725            482

0.1725            483

0.1725            484

0.17            485

0.17            486

0.17            487

0.17            488

0.17            489

0.17            490

0.17            491

0.17            492

0.17            493

0.17            494

0.17            495

0.17            496

0.17            497

0.17            498

0.17            499

0.17            500

0.17            501

0.17            502

0.17            503

0.17            504

0.17            505

0.17            506

0.17            507

0.17            508

0.17            509

0.17            510

0.17            511

0.17            512

0.17            513

0.17            514

0.17            515

0.17            516

0.17            517

0.17            518

0.17            519

0.17            520

0.17            521

0.17            522

0.17            523

0.17            524

0.17            525

0.17            526

0.17            527

0.17            528

0.17            529

0.17            530

0.17            531

0.17            532

0.17            533

0.17            534

0.17            535

0.17            536

0.175            537

0.175            538

0.175            539

0.175            540

0.18            541

0.18            542

0.18            543

0.18            544

0.18            545

0.18            546

0.18            547

0.18            548

0.18            549

0.18            550

0.18            551

0.18            552

0.18            553

0.18            554

0.18            555

0.18            556

0.18            557

0.18            558

0.18            559

0.18            560

0.18            561

0.18            562

0.18            563

0.18            564

0.18            565

0.18            566

0.18            567

0.18            568

0.18            569

0.18            570

0.18            571

0.18            572

0.18            573

0.18            574

0.18            575

0.18            576

0.18            577

0.18            578

0.18            579

0.18            580

0.18            581

0.18            582

0.18            583

0.18            584

0.18            585

0.18            586

0.18            587

0.18            588

0.18            589

0.18            590

0.18            591

0.18            592

0.18            593

0.18            594

0.18            595

0.18            596

0.18            597

0.18            598

0.18            599

0.18            600

0.18            601

0.18            602

0.18            603

0.185            604

0.185            605

0.185            606

0.185            607

0.185            608

0.185            609

0.185            610

0.185            611

0.185            612

0.185            613

0.185            614

0.185            615

0.185            616

0.185            617

0.185            618

0.185            619

0.185            620

0.185            621

0.185            622

0.185            623

0.185            624

0.19            625

0.19            626

0.19            627

0.19            628

0.19            629

0.19            630

0.19            631

0.19            632

0.19            633

0.19            634

0.19            635

0.19            636

0.19            637

0.19            638

0.19            639

0.19            640

0.19            641

0.19            642

0.19            643

0.1925            644

0.195            645

0.195            646

0.195            647

0.195            648

0.195            649

0.195            650

0.195            651

0.195            652

0.195            653

0.195            654

0.195            655

0.195            656

0.195            657

0.195            658

0.195            659

0.195            660

0.195            661

0.195            662

0.195            663

0.195            664

0.195            665

0.195            666

0.195            667

0.195            668

0.195            669

0.195            670

0.195            671

0.195            672

0.195            673

0.195            674

0.195            675

0.195            676

0.195            677

0.195            678

0.195            679

0.195            680

0.195            681

0.195            682

0.195            683

0.195            684

0.195            685

0.195            686

0.195            687

0.195            688

0.195            689

0.195            690

0.195            691

0.195            692

0.195            693

0.195            694

0.2            695

0.2            696

0.2            697

0.2            698

0.2            699

0.2            700

0.2            701

0.2            702

0.2            703

0.2            704

0.2            705

0.2            706

0.2            707

0.2            708

0.2            709

0.2            710

0.2            711

0.2            712

0.2            713

0.2            714

0.2            715

0.2            716

0.2            717

0.2            718

0.2            719

0.2            720

0.2            721

0.2            722

0.2            723

0.2            724

0.1975            725

0.1975            726

0.1975            727

0.1975            728

0.1975            729

0.1975            730

0.1975            731

0.1975            732

0.1975            733

0.1975            734

0.1975            735

0.1975            736

0.1975            737

0.1975            738

0.1975            739

0.1975            740

0.1975            741

0.1975            742

0.1975            743

0.1975            744

0.1975            745

0.1975            746

0.1975            747

0.1975            748

0.1975            749

0.1975            750

0.1975            751

0.1975            752

0.1975            753

0.1975            754

0.1975            755

0.1975            756

0.1975            757

0.1975            758

0.1975            759

0.1975            760

0.1975            761

0.1975            762

0.1975            763

0.1975            764

0.1975            765

0.1975            766

0.1975            767

0.1975            768

0.1975            769

0.1975            770

0.1975            771

0.1975            772

0.1975            773

0.1975            774

0.1975            775

0.1975            776

0.1975            777

0.1975            778

0.1975            779

0.2            780

0.2            781

0.2            782

0.2            783

0.2            784

0.2            785

0.2            786

0.2            787

0.2            788

0.2            789

0.2            790

0.2            791

0.2            792

0.2            793

0.2            794

0.2            795

0.2            796

0.2            797

0.2            798

0.2            799

0.2            800

0.2            801

0.2            802

0.2            803

0.2            804

0.2            805

0.2            806

0.2            807

0.2            808

0.2            809

0.2            810

0.2            811

0.2            812

0.2            813

0.2            814

0.2            815

0.2            816

0.2            817

0.2            818

0.2            819

0.2            820

0.2            821

0.2            822

0.2            823

0.2            824

0.2            825

0.2            826

0.2            827

0.2            828

0.2            829

0.2            830

0.2            831

0.2            832

0.2            833

0.2            834

0.2            835

0.2            836

0.2            837

0.2            838

0.2            839

0.2            840

0.2            841

0.2            842

0.2            843

0.2            844

0.2            845

0.2            846

0.2            847

0.2            848

0.2            849

0.2            850

0.2            851

0.2            852

0.2            853

0.2            854

0.2            855

0.2            856

0.2            857

0.2            858

0.2            859

0.2            860

0.2            861

0.2            862

0.2            863

0.2            864

0.2            865

0.2            866

0.2            867

0.2            868

0.2            869

0.2            870

0.2            871

0.2            872

0.2            873

0.2            874

0.2            875

0.2            876

0.2            877

0.2            878

0.2            879

0.2            880

0.2            881

0.2            882

0.2            883

0.2            884

0.2            885

0.2            886

0.2            887

0.2            888

0.2            889

0.2            890

0.2            891

0.2            892

0.2            893

0.2            894

0.2            895

0.2            896

0.2            897

0.2            898

0.2            899

0.2            900

0.2            901

0.2            902

0.2            903

0.2            904

0.2            905

0.2            906

0.2            907

0.2            908

0.2            909

0.2            910

0.2            911

0.2            912

0.2            913

0.2            914

0.2            915

0.2            916

0.2            917

0.2            918

0.2            919

0.2            920

0.2            921

0.2            922

0.2            923

0.2            924

0.2            925

0.2            926

0.2            927

0.2            928

0.2            929

0.2            930

0.2            931

0.2            932

0.2            933

0.205            934

0.2025            935

0.2025            936

0.2025            937

0.2025            938

0.2025            939

0.2025            940

0.2025            941

0.2025            942

0.2025            943

0.2025            944

0.2025            945

0.205            946

0.2075            947

0.2075            948

0.2075            949

0.2075            950

0.2075            951

0.2075            952

0.2075            953

0.2075            954

0.2075            955

0.2075            956

0.2075            957

0.2075            958

0.2075            959

0.2075            960

0.2075            961

0.2075            962

0.2075            963

0.2075            964

0.2075            965

0.2075            966

0.2075            967

0.2075            968

0.2075            969

0.2075            970

0.2075            971

0.2075            972

0.2075            973

0.2075            974

0.2075            975

0.2075            976

0.2075            977

0.21            978

0.2075            979

0.2075            980

0.2075            981

0.2075            982

0.2075            983

0.2075            984

0.2075            985

0.21            986

0.2075            987

0.21            988

0.21            989

0.21            990

0.2075            991

0.2075            992

0.2075            993

0.2075            994

0.2075            995

0.2075            996

0.2075            997

0.2075            998

0.21            999

0.21            1000

0.21            1001

0.21            1002

0.21            1003

0.21            1004

0.21            1005

0.21            1006

0.21            1007

0.21            1008

0.21            1009

0.21            1010

0.21            1011

0.21            1012

0.21            1013

0.21            1014

0.21            1015

0.21            1016

0.2075            1017

0.2075            1018

0.2075            1019

0.2075            1020

0.2075            1021

0.2075            1022

0.2075            1023

0.21            1024

0.21            1025

0.21            1026

0.2175            1027

0.2125            1028

0.2175            1029

0.2175            1030

0.2175            1031

0.2175            1032

0.2175            1033

0.2175            1034

0.215            1035

0.215            1036

0.215            1037

0.215            1038

0.215            1039

0.22            1040

0.22            1041

0.22            1042

0.22            1043

0.22            1044

0.22            1045

0.22            1046

0.22            1047

0.22            1048

0.22            1049

0.22            1050

0.22            1051

0.2225            1052

0.2225            1053

0.2225            1054

0.2225            1055

0.2225            1056

0.2225            1057

0.2225            1058

0.2225            1059

0.2225            1060

0.2225            1061

0.2225            1062

0.2225            1063

0.2225            1064

0.2225            1065

0.2225            1066

0.2225            1067

0.2225            1068

0.2225            1069

0.2225            1070

0.2225            1071

0.2225            1072

0.2225            1073

0.2225            1074

0.2225            1075

0.2225            1076

0.2225            1077

0.2225            1078

0.2275            1079

0.2275            1080

0.2275            1081

0.2275            1082

0.2275            1083

0.2275            1084

0.2275            1085

0.2275            1086

0.2275            1087

0.2275            1088

0.23            1089

0.2325            1090

0.2325            1091

0.2325            1092

0.2375            1093

0.2375            1094

0.2375            1095

0.24            1096

0.24            1097

0.2425            1098

0.2475            1099

0.2475            1100

0.25            1101

0.25            1102

0.2525            1103

0.2525            1104

0.2525            1105

0.255            1106

0.2575            1107

0.2575            1108

0.26            1109

0.26            1110

0.26            1111

0.2625            1112

0.2625            1113

0.265            1114

0.265            1115

0.27            1116

0.275            1117

0.2775            1118

0.2775            1119

0.285            1120

0.285            1121

0.285            1122

0.285            1123

0.2875            1124

0.2875            1125

0.2875            1126

0.2925            1127

0.29            1128

0.29            1129

0.29            1130

0.29            1131

0.2925            1132

0.2925            1133

0.2925            1134

0.2925            1135

0.2925            1136

0.2925            1137

0.2925            1138

0.295            1139

0.2975            1140

0.2975            1141

0.295            1142

0.2975            1143

0.305            1144

0.3075            1145

0.31            1146

0.31            1147

0.32            1148

0.3225            1149

0.32            1150

0.32            1151

0.32            1152

0.32            1153

0.3225            1154

0.32            1155

0.32            1156

0.3225            1157

0.3275            1158

0.325            1159

0.325            1160

0.3275            1161

0.3325            1162

0.335            1163

0.335            1164

0.335            1165

0.335            1166

0.335            1167

0.34            1168

0.34            1169

0.34            1170

0.34            1171

0.34            1172

0.34            1173

0.34            1174

0.3425            1175

0.3425            1176

0.3425            1177

0.3425            1178

0.3425            1179

0.345            1180

0.345            1181

0.345            1182

0.345            1183

0.345            1184

0.3475            1185

0.345            1186

0.3475            1187

0.35            1188

0.35            1189

0.35            1190

0.35            1191

0.35            1192

0.35            1193

0.35            1194

0.35            1195

0.35            1196

0.35            1197

0.35            1198

0.35            1199

0.35            1200

0.35            1201

0.35            1202

0.35            1203

0.35            1204

0.35            1205

0.35            1206

0.35            1207

0.3525            1208

0.355            1209

0.355            1210

0.355            1211

0.3575            1212

0.3575            1213

0.3575            1214

0.3575            1215

0.3575            1216

0.3575            1217

0.3575            1218

0.36            1219

0.36            1220

0.36            1221

0.36            1222

0.36            1223

0.3625            1224

0.3625            1225

0.3625            1226

0.3625            1227

0.3625            1228

0.36            1229

0.36            1230

0.36            1231

0.3625            1232

0.3625            1233

0.3625            1234

0.3625            1235

0.3625            1236

0.3625            1237

0.3625            1238

0.3625            1239

0.3675            1240

0.37            1241

0.37            1242

0.37            1243

0.37            1244

0.37            1245

0.37            1246

0.37            1247

0.37            1248

0.3725            1249

0.3725            1250

0.3725            1251

0.3725            1252

0.3725            1253

0.3725            1254

0.3725            1255

0.3725            1256

0.3725            1257

0.3725            1258

0.3725            1259

0.3725            1260

0.3725            1261

0.3725            1262

0.3725            1263

0.3725            1264

0.3725            1265

0.3725            1266

0.3725            1267

0.3725            1268

0.3725            1269

0.3725            1270

0.375            1271

0.3775            1272

0.3775            1273

0.3775            1274

0.3775            1275

0.3775            1276

0.38            1277

0.38            1278

0.38            1279

0.38            1280

0.38            1281

0.38            1282

0.38            1283

0.38            1284

0.38            1285

0.38            1286

0.38            1287

0.38            1288

0.38            1289

0.38            1290

0.38            1291

0.3825            1292

0.3825            1293

0.385            1294

0.385            1295

0.385            1296

0.385            1297

0.385            1298

0.385            1299

0.385            1300

0.385            1301

0.385            1302

0.385            1303

0.385            1304

0.385            1305

0.385            1306

0.385            1307

0.385            1308

0.385            1309

0.385            1310

0.385            1311

0.385            1312

0.385            1313

0.385            1314

0.385            1315

0.385            1316

0.3875            1317

0.3875            1318

0.3875            1319

0.3875            1320

0.3875            1321

0.3875            1322

0.3875            1323

0.3875            1324

0.3875            1325

0.3875            1326

0.3875            1327

0.3875            1328

0.3875            1329

0.3875            1330

0.3875            1331

0.3875            1332

0.3875            1333

0.3875            1334

0.3875            1335

0.39            1336

0.39            1337

0.39            1338

0.3925            1339

0.3925            1340

0.3925            1341

0.3925            1342

0.3925            1343

0.3925            1344

0.3925            1345

0.3925            1346

0.3925            1347

0.3925            1348

0.3925            1349

0.3925            1350

0.3925            1351

0.3925            1352

0.3925            1353

0.3925            1354

0.3925            1355

0.3925            1356

0.3925            1357

0.3925            1358

0.3925            1359

0.3925            1360

0.3925            1361

0.3925            1362

0.3925            1363

0.3925            1364

0.3925            1365

0.3925            1366

0.3925            1367

0.395            1368

0.395            1369

0.395            1370

0.395            1371

0.3975            1372

0.3975            1373

0.3975            1374

0.3975            1375

0.4            1376

0.4            1377

0.4025            1378

0.4025            1379

0.4025            1380

0.4025            1381

0.4025            1382

0.4025            1383

0.4025            1384

0.4025            1385

0.4025            1386

0.4025            1387

0.4025            1388

0.4025            1389

0.4025            1390

0.4025            1391

0.4025            1392

0.4025            1393

0.4025            1394

0.4025            1395

0.4025            1396

0.4025            1397

0.4025            1398

0.4025            1399

0.4025            1400

0.4025            1401

0.4025            1402

0.4025            1403

0.4025            1404

0.4025            1405

0.4025            1406

0.4025            1407

0.4025            1408

0.4025            1409

0.4025            1410

0.405            1411

0.405            1412

0.405            1413

0.405            1414

0.405            1415

0.405            1416

0.405            1417

0.405            1418

0.405            1419

0.405            1420

0.405            1421

0.405            1422

0.405            1423

0.405            1424

0.405            1425

0.405            1426

0.405            1427

0.405            1428

0.405            1429

0.405            1430

0.405            1431

0.405            1432

0.405            1433

0.405            1434

0.405            1435

0.405            1436

0.405            1437

0.405            1438

0.4075            1439

0.4075            1440

0.4075            1441

0.4075            1442

0.4075            1443

0.4075            1444

0.4075            1445

0.4075            1446

0.4075            1447

0.4075            1448

0.4075            1449

0.4075            1450

0.4075            1451

0.4075            1452

0.4075            1453

0.4075            1454

0.4075            1455

0.4075            1456

0.4075            1457

0.4075            1458

0.4075            1459

0.4075            1460

0.4075            1461

0.4075            1462

0.4075            1463

0.4075            1464

0.4075            1465

0.4075            1466

0.41            1467

0.41            1468

0.41            1469

0.41            1470

0.41            1471

0.41            1472

0.41            1473

0.41            1474

0.41            1475

0.41            1476

0.41            1477

0.41            1478

0.41            1479

0.41            1480

0.41            1481

0.41            1482

0.41            1483

0.41            1484

0.41            1485

0.4125            1486

0.4125            1487

0.4125            1488

0.4125            1489

0.4125            1490

0.4125            1491

0.4125            1492

0.4125            1493

0.4125            1494

0.4125            1495

0.4125            1496

0.4125            1497

0.4125            1498

0.4125            1499

0.4125            1500

0.4125            1501

0.4125            1502

0.4125            1503

0.4125            1504

0.4125            1505

0.4125            1506

0.4125            1507

0.4125            1508

0.4125            1509

0.4125            1510

0.4125            1511

0.4125            1512

0.4125            1513

0.4125            1514

0.4125            1515

0.4125            1516

0.4125            1517

0.415            1518

0.415            1519

0.415            1520

0.415            1521

0.4175            1522

0.4175            1523

0.4175            1524

0.42            1525

0.42            1526

0.42            1527

0.42            1528

0.42            1529

0.42            1530

0.42            1531

0.42            1532

0.42            1533

0.42            1534

0.42            1535

0.42            1536

0.4225            1537

0.4225            1538

0.4225            1539

0.4225            1540

0.4225            1541

0.4225            1542

0.4225            1543

0.4225            1544

0.4225            1545

0.4225            1546

0.4225            1547

0.4225            1548

0.4225            1549

0.4225            1550

0.4225            1551

0.4225            1552

0.4225            1553

0.4225            1554

0.4225            1555

0.4225            1556

0.4225            1557

0.4225            1558

0.4225            1559

0.4225            1560

0.4225            1561

0.4225            1562

0.4225            1563

0.4225            1564

0.4225            1565

0.4225            1566

0.4225            1567

0.4225            1568

0.4225            1569

0.4225            1570

0.4225            1571

0.425            1572

0.425            1573

0.425            1574

0.425            1575

0.425            1576

0.425            1577

0.425            1578

0.425            1579

0.425            1580

0.425            1581

0.425            1582

0.425            1583

0.425            1584

0.425            1585

0.425            1586

0.425            1587

0.425            1588

0.425            1589

0.425            1590

0.425            1591

0.425            1592

0.425            1593

0.425            1594

0.425            1595

0.425            1596

0.425            1597

0.425            1598

0.425            1599

0.425            1600

0.425            1601

0.425            1602

0.425            1603

0.4275            1604

0.4275            1605

0.4275            1606

0.4275            1607

0.4275            1608

0.4275            1609

0.4275            1610

0.4275            1611

0.4275            1612

0.4275            1613

0.4275            1614

0.4275            1615

0.4275            1616

0.4325            1617

0.4325            1618

0.4325            1619

0.4325            1620

0.4325            1621

0.4325            1622

0.4325            1623

0.4325            1624

0.435            1625

0.435            1626

0.435            1627

0.435            1628

0.435            1629

0.435            1630

0.435            1631

0.435            1632

0.435            1633

0.435            1634

0.435            1635

0.435            1636

0.435            1637

0.435            1638

0.435            1639

0.435            1640

0.435            1641

0.435            1642

0.435            1643

0.435            1644

0.435            1645

0.435            1646

0.435            1647

0.435            1648

0.435            1649

0.435            1650

0.435            1651

0.435            1652

0.435            1653

0.435            1654

0.435            1655

0.435            1656

0.435            1657

0.435            1658

0.435            1659

0.435            1660

0.435            1661

0.435            1662

0.435            1663

0.435            1664

0.435            1665

0.435            1666

0.435            1667

0.435            1668

0.435            1669

0.435            1670

0.435            1671

0.435            1672

0.435            1673

0.44            1674

0.44            1675

0.44            1676

0.44            1677

0.44            1678

0.44            1679

0.44            1680

0.44            1681

0.44            1682

0.44            1683

0.44            1684

0.44            1685

0.44            1686

0.44            1687

0.44            1688

0.44            1689

0.44            1690

0.44            1691

0.44            1692

0.44            1693

0.44            1694

0.44            1695

0.44            1696

0.44            1697

0.44            1698

0.44            1699

0.4425            1700

0.4425            1701

0.4425            1702

0.4425            1703

0.4425            1704

0.4425            1705

0.4425            1706

0.4425            1707

0.4425            1708

0.4425            1709

0.4425            1710

0.4425            1711

0.4425            1712

0.4425            1713

0.4425            1714

0.4425            1715

0.4425            1716

0.4425            1717

0.4425            1718

0.4425            1719

0.4425            1720

0.4425            1721

0.4425            1722

0.4425            1723

0.4425            1724

0.445            1725

0.445            1726

0.445            1727

0.445            1728

0.445            1729

0.445            1730

0.445            1731

0.445            1732

0.445            1733

0.445            1734

0.445            1735

0.445            1736

0.445            1737

0.445            1738

0.445            1739

0.445            1740

0.445            1741

0.445            1742

0.445            1743

0.445            1744

0.445            1745

0.445            1746

0.445            1747

0.445            1748

0.445            1749

0.445            1750

0.445            1751

0.445            1752

0.445            1753

0.445            1754

0.445            1755

0.445            1756

0.445            1757

0.445            1758

0.445            1759

0.445            1760

0.445            1761

0.445            1762

0.445            1763

0.445            1764

0.445            1765

0.445            1766

0.445            1767

0.445            1768

0.445            1769

0.445            1770

0.445            1771

0.445            1772

0.445            1773

0.445            1774

0.445            1775

0.445            1776

0.445            1777

0.445            1778

0.445            1779

0.445            1780

0.445            1781

0.445            1782

0.445            1783

0.445            1784

0.445            1785

0.445            1786

0.445            1787

0.445            1788

0.445            1789

0.445            1790

0.445            1791

0.445            1792

0.445            1793

0.445            1794

0.445            1795

0.445            1796

0.445            1797

0.445            1798

0.445            1799

0.445            1800

0.445            1801

0.445            1802

0.445            1803

0.445            1804

0.445            1805

0.445            1806

0.445            1807

0.445            1808

0.445            1809

0.445            1810

0.445            1811

0.445            1812

0.445            1813

0.445            1814

0.445            1815

0.445            1816

0.445            1817

0.445            1818

0.445            1819

0.445            1820

0.445            1821

0.445            1822

0.445            1823

0.445            1824

0.445            1825

0.445            1826

0.445            1827

0.445            1828

0.445            1829

0.445            1830

0.445            1831

0.445            1832

0.445            1833

0.445            1834

0.445            1835

0.445            1836

0.445            1837

0.445            1838

0.445            1839

0.445            1840

0.445            1841

0.445            1842

0.445            1843

0.445            1844

0.445            1845

0.445            1846

0.445            1847

0.445            1848

0.445            1849

0.445            1850

0.445            1851

0.445            1852

0.445            1853

0.445            1854

0.445            1855

0.445            1856

0.445            1857

0.445            1858

0.445            1859

0.445            1860

0.445            1861

0.445            1862

0.445            1863

0.445            1864

0.4475            1865

0.4475            1866

0.4475            1867

0.4475            1868

0.4475            1869

0.4475            1870

0.4475            1871

0.4475            1872

0.4475            1873

0.4475            1874

0.4475            1875

0.4475            1876

0.4475            1877

0.4475            1878

0.4475            1879

0.4475            1880

0.4475            1881

0.4475            1882

0.4475            1883

0.4475            1884

0.4475            1885

0.4475            1886

0.4475            1887

0.4475            1888

0.4475            1889

0.4475            1890

0.4475            1891

0.4475            1892

0.4475            1893

0.4475            1894

0.4475            1895

0.4475            1896

0.4475            1897

0.4475            1898

0.4475            1899

0.4475            1900

0.4475            1901

0.4475            1902

0.4475            1903

0.4475            1904

0.4475            1905

0.4475            1906

0.4475            1907

0.4475            1908

0.4475            1909

0.4475            1910

0.4475            1911

0.4475            1912

0.4475            1913

0.4475            1914

0.4475            1915

0.4475            1916

0.4475            1917

0.45            1918

0.45            1919

0.45            1920

0.45            1921

0.45            1922

0.45            1923

0.45            1924

0.45            1925

0.45            1926

0.45            1927

0.45            1928

0.45            1929

0.45            1930

0.45            1931

0.45            1932

0.45            1933

0.45            1934

0.45            1935

0.45            1936

0.45            1937

0.45            1938

0.45            1939

0.45            1940

0.45            1941

0.45            1942

0.45            1943

0.45            1944

0.45            1945

0.45            1946

0.45            1947

0.45            1948

0.45            1949

0.45            1950

0.45            1951

0.45            1952

0.45            1953

0.45            1954

0.4525            1955

0.4525            1956

0.4525            1957

0.4525            1958

0.4525            1959

0.4525            1960

0.4525            1961

0.4525            1962

0.4525            1963

0.4525            1964

0.4525            1965

0.4525            1966

0.4525            1967

0.4525            1968

0.4525            1969

0.4525            1970

0.4525            1971

0.4525            1972

0.4525            1973

0.4525            1974

0.4525            1975

0.4525            1976

0.4525            1977

0.4525            1978

0.4525            1979

0.4525            1980

0.4525            1981

0.4525            1982

0.4525            1983

0.4525            1984

0.4525            1985

0.4525            1986

0.4525            1987

0.4525            1988

0.4525            1989

0.4525            1990

0.4525            1991

0.4525            1992

0.4525            1993

0.4525            1994

0.4525            1995

0.4525            1996

0.4525            1997

0.4525            1998

0.4525            1999

0.4525            2000

0.4525            2001

0.4525            2002

0.4525            2003

0.4525            2004

0.4525            2005

0.4525            2006

0.4525            2007

0.4525            2008

0.4525            2009

0.4525            2010

0.4525            2011

0.4525            2012

0.4525            2013

0.4525            2014

0.4525            2015

0.4525            2016

0.4525            2017

0.4525            2018

0.4525            2019

0.4525            2020

0.4525            2021

0.4525            2022

0.4525            2023

0.4525            2024

0.4525            2025

0.4525            2026

0.4525            2027

0.4525            2028

0.4525            2029

0.4525            2030

0.4525            2031

0.4525            2032

0.4525            2033

0.4525            2034

0.4525            2035

0.4525            2036

0.4525            2037

0.4525            2038

0.4525            2039

0.4525            2040

0.455            2041

0.455            2042

0.455            2043

0.455            2044

0.455            2045

0.455            2046

0.455            2047

0.455            2048

0.455            2049

0.455            2050

0.455            2051

0.455            2052

0.455            2053

0.455            2054

0.455            2055

0.455            2056

0.455            2057

0.455            2058

0.4575            2059

0.4575            2060

0.4575            2061

0.4575            2062

0.4575            2063

0.4575            2064

0.4575            2065

0.4575            2066

0.4575            2067

0.4575            2068

0.4575            2069

0.4575            2070

0.4575            2071

0.4575            2072

0.4575            2073

0.4575            2074

0.4575            2075

0.4575            2076

0.46            2077

0.46            2078

0.46            2079

0.46            2080

0.4625            2081

0.4625            2082

0.4625            2083

0.4625            2084

0.4625            2085

0.4625            2086

0.4625            2087

0.4625            2088

0.4625            2089

0.4625            2090

0.4625            2091

0.4625            2092

0.4625            2093

0.4625            2094

0.4625            2095

0.4625            2096

0.4625            2097

0.4625            2098

0.4625            2099

0.4625            2100

0.4625            2101

0.4625            2102

0.4625            2103

0.4625            2104

0.4625            2105

0.4625            2106

0.4625            2107

0.4625            2108

0.4625            2109

0.4625            2110

0.4625            2111

0.4625            2112

0.4625            2113

0.4625            2114

0.4625            2115

0.4625            2116

0.4625            2117

0.4625            2118

0.4625            2119

0.4625            2120

0.4625            2121

0.4625            2122

0.4625            2123

0.4625            2124

0.4625            2125

0.4625            2126

0.4625            2127

0.4625            2128

0.4625            2129

0.4625            2130

0.4625            2131

0.4625            2132

0.4625            2133

0.4625            2134

0.4625            2135

0.4625            2136

0.4625            2137

0.4625            2138

0.4625            2139

0.4625            2140

0.4625            2141

0.4625            2142

0.4625            2143

0.4625            2144

0.4625            2145

0.4625            2146

0.4625            2147

0.4625            2148

0.4625            2149

0.4625            2150

0.4625            2151

0.4625            2152

0.4625            2153

0.4625            2154

0.4625            2155

0.4625            2156

0.4625            2157

0.4625            2158

0.4625            2159

0.4625            2160

0.4625            2161

0.4625            2162

0.4625            2163

0.4625            2164

0.4625            2165

0.4625            2166

0.4625            2167

0.4625            2168

0.4625            2169

0.4625            2170

0.4625            2171

0.4625            2172

0.4625            2173

0.4625            2174

0.4625            2175

0.4625            2176

0.4625            2177

0.4625            2178

0.4625            2179

0.4625            2180

0.4625            2181

0.4625            2182

0.4625            2183

0.4625            2184

0.4625            2185

0.4625            2186

0.4625            2187

0.4625            2188

0.4625            2189

0.4625            2190

0.4625            2191

0.4625            2192

0.4625            2193

0.4625            2194

0.4625            2195

0.465            2196

0.465            2197

0.465            2198

0.465            2199

0.465            2200

0.465            2201

0.465            2202

0.465            2203

0.465            2204

0.4675            2205

0.4675            2206

0.4675            2207

0.4675            2208

0.4675            2209

0.47            2210

0.47            2211

0.47            2212

0.47            2213

0.47            2214

0.47            2215

0.47            2216

0.47            2217

0.47            2218

0.47            2219

0.47            2220

0.47            2221

0.47            2222

0.47            2223

0.47            2224

0.47            2225

0.47            2226

0.47            2227

0.47            2228

0.47            2229

0.47            2230

0.4725            2231

0.4725            2232

0.4725            2233

0.4725            2234

0.4725            2235

0.4725            2236

0.4725            2237

0.4725            2238

0.4725            2239

0.4725            2240

0.4725            2241

0.4725            2242

0.4725            2243

0.4725            2244

0.4725            2245

0.4725            2246

0.4725            2247

0.4725            2248

0.4725            2249

0.4725            2250

0.475            2251

0.475            2252

0.475            2253

0.475            2254

0.475            2255

0.475            2256

0.475            2257

0.475            2258

0.475            2259

0.475            2260

0.475            2261

0.475            2262

0.475            2263

0.475            2264

0.475            2265

0.475            2266

0.475            2267

0.475            2268

0.475            2269

0.475            2270

0.475            2271

0.475            2272

0.475            2273

0.475            2274

0.475            2275

0.475            2276

0.475            2277

0.475            2278

0.475            2279

0.475            2280

0.475            2281

0.475            2282

0.475            2283

0.475            2284

0.4775            2285

0.4775            2286

0.4775            2287

0.4775            2288

0.4775            2289

0.4775            2290

0.4775            2291

0.4775            2292

0.4775            2293

0.4775            2294

0.4775            2295

0.4775            2296

0.4775            2297

0.4775            2298

0.4775            2299

0.4775            2300

0.4775            2301

0.4775            2302

0.4775            2303

0.4775            2304

0.4775            2305

0.4775            2306

0.4775            2307

0.4775            2308

0.4775            2309

0.4775            2310

0.4775            2311

0.4775            2312

0.4775            2313

0.4775            2314

0.4775            2315

0.4775            2316

0.4775            2317

0.4775            2318

0.4775            2319

0.4775            2320

0.4775            2321

0.4775            2322

0.4775            2323

0.4775            2324

0.4775            2325

0.4775            2326

0.4775            2327

0.4775            2328

0.4775            2329

0.4775            2330

0.4775            2331

0.4775            2332

0.4775            2333

0.4775            2334

0.4775            2335

0.4775            2336

0.4775            2337

0.4775            2338

0.4775            2339

0.4775            2340

0.4775            2341

0.4775            2342

0.4775            2343

0.4775            2344

0.4775            2345

0.4775            2346

0.4775            2347

0.4775            2348

0.4775            2349

0.4775            2350

0.4775            2351

0.4775            2352

0.4775            2353

0.4775            2354

0.4775            2355

0.4775            2356

0.4775            2357

0.4775            2358

0.4775            2359

0.4775            2360

0.4775            2361

0.4775            2362

0.4775            2363

0.4775            2364

0.48            2365

0.48            2366

0.48            2367

0.48            2368

0.48            2369

0.48            2370

0.48            2371

0.48            2372

0.48            2373

0.48            2374

0.48            2375

0.48            2376

0.48            2377

0.48            2378

0.48            2379

0.48            2380

0.48            2381

0.48            2382

0.48            2383

0.48            2384

0.48            2385

0.48            2386

0.48            2387

0.48            2388

0.48            2389

0.48            2390

0.48            2391

0.48            2392

0.48            2393

0.48            2394

0.48            2395

0.48            2396

0.48            2397

0.48            2398

0.48            2399

0.48            2400

0.48            2401

0.48            2402

0.48            2403

0.48            2404

0.48            2405

0.48            2406

0.48            2407

0.48            2408

0.48            2409

0.48            2410

0.4825            2411

0.4825            2412

0.4825            2413

0.4825            2414

0.4825            2415

0.4825            2416

0.4825            2417

0.4825            2418

0.4825            2419

0.4825            2420

0.4825            2421

0.4825            2422

0.4825            2423

0.4825            2424

0.4825            2425

0.4825            2426

0.4825            2427

0.4825            2428

0.4825            2429

0.4825            2430

0.4825            2431

0.4825            2432

0.4825            2433

0.4825            2434

0.4825            2435

0.4825            2436

0.4825            2437

0.4825            2438

0.4825            2439

0.4825            2440

0.4825            2441

0.4825            2442

0.4825            2443

0.4825            2444

0.4825            2445

0.4825            2446

0.4825            2447

0.4825            2448

0.4825            2449

0.4825            2450

0.4825            2451

0.4825            2452

0.4825            2453

0.4825            2454

0.4825            2455

0.4825            2456

0.4825            2457

0.4825            2458

0.4825            2459

0.4825            2460

0.4825            2461

0.4825            2462

0.4825            2463

0.4825            2464

0.4825            2465

0.4825            2466

0.4825            2467

0.4825            2468

0.4825            2469

0.4825            2470

0.4825            2471

0.4825            2472

0.4825            2473

0.4825            2474

0.4825            2475

0.4825            2476

0.4825            2477

0.4825            2478

0.4825            2479

0.4825            2480

0.4825            2481

0.4825            2482

0.4825            2483

0.4825            2484

0.4825            2485

0.4825            2486

0.485            2487

0.485            2488

0.485            2489

0.485            2490

0.485            2491

0.485            2492

0.485            2493

0.485            2494

0.485            2495

0.485            2496

0.485            2497

0.485            2498

0.485            2499

0.485            2500

0.485            2501

0.485            2502

0.485            2503

0.485            2504

0.485            2505

0.485            2506

0.485            2507

0.485            2508

0.485            2509

0.485            2510

0.485            2511

0.485            2512

0.485            2513

0.485            2514

0.485            2515

0.485            2516

0.485            2517

0.485            2518

0.485            2519

0.485            2520

0.485            2521

0.485            2522

0.485            2523

0.485            2524

0.485            2525

0.485            2526

0.485            2527

0.485            2528

0.485            2529

0.485            2530

0.485            2531

0.485            2532

0.485            2533

0.485            2534

0.485            2535

0.485            2536

0.485            2537

0.485            2538

0.485            2539

0.485            2540

0.485            2541

0.485            2542

0.485            2543

0.485            2544

0.485            2545

0.485            2546

0.485            2547

0.485            2548

0.485            2549

0.485            2550

0.485            2551

0.485            2552

0.485            2553

0.485            2554

0.485            2555

0.485            2556

0.485            2557

0.485            2558

0.485            2559

0.485            2560

0.485            2561

0.485            2562

0.485            2563

0.485            2564

0.485            2565

0.485            2566

0.485            2567

0.485            2568

0.485            2569

0.485            2570

0.485            2571

0.485            2572

0.485            2573

0.485            2574

0.485            2575

0.485            2576

0.485            2577

0.485            2578

0.485            2579

0.485            2580

0.485            2581

0.485            2582

0.485            2583

0.485            2584

0.485            2585

0.485            2586

0.485            2587

0.485            2588

0.485            2589

0.485            2590

0.485            2591

0.485            2592

0.485            2593

0.485            2594

0.485            2595

0.485            2596

0.485            2597

0.485            2598

0.485            2599

0.485            2600

0.485            2601

0.485            2602

0.485            2603

0.485            2604

0.485            2605

0.485            2606

0.485            2607

0.485            2608

0.485            2609

0.485            2610

0.485            2611

0.485            2612

0.485            2613

0.485            2614

0.485            2615

0.485            2616

0.485            2617

0.485            2618

0.485            2619

0.485            2620

0.485            2621

0.485            2622

0.485            2623

0.485            2624

0.485            2625

0.485            2626

0.485            2627

0.485            2628

0.485            2629

0.485            2630

0.485            2631

0.485            2632

0.485            2633

0.485            2634

0.485            2635

0.485            2636

0.485            2637

0.485            2638

0.485            2639

0.485            2640

0.485            2641

0.485            2642

0.485            2643

0.485            2644

0.485            2645

0.485            2646

0.485            2647

0.485            2648

0.485            2649

0.485            2650

0.485            2651

0.485            2652

0.485            2653

0.485            2654

0.485            2655

0.485            2656

0.485            2657

0.485            2658

0.485            2659

0.485            2660

0.485            2661

0.485            2662

0.485            2663

0.485            2664

0.485            2665

0.485            2666

0.485            2667

0.485            2668

0.485            2669

0.485            2670

0.485            2671

0.485            2672

0.485            2673

0.485            2674

0.485            2675

0.485            2676

0.485            2677

0.485            2678

0.485            2679

0.485            2680

0.485            2681

0.485            2682

0.485            2683

0.485            2684

0.485            2685

0.485            2686

0.485            2687

0.485            2688

0.485            2689

0.485            2690

0.485            2691

0.485            2692

0.485            2693

0.485            2694

0.485            2695

0.485            2696

0.485            2697

0.485            2698

0.485            2699

0.485            2700

0.485            2701

0.485            2702

0.485            2703

0.485            2704

0.485            2705

0.485            2706

0.485            2707

0.485            2708

0.485            2709

0.485            2710

0.485            2711

0.485            2712

0.485            2713

0.485            2714

0.485            2715

0.485            2716

0.485            2717

0.485            2718

0.485            2719

0.485            2720

0.485            2721

0.485            2722

0.485            2723

0.485            2724

0.485            2725

0.485            2726

0.485            2727

0.485            2728

0.485            2729

0.485            2730

0.485            2731

0.485            2732

0.485            2733

0.485            2734

0.485            2735

0.485            2736

0.485            2737

0.485            2738

0.485            2739

0.485            2740

0.485            2741

0.485            2742

0.485            2743

0.485            2744

0.485            2745

0.485            2746

0.485            2747

0.485            2748

0.485            2749

0.485            2750

0.485            2751

0.485            2752

0.485            2753

0.4875            2754

0.4875            2755

0.4875            2756

0.4875            2757

0.4875            2758

0.4875            2759

0.4875            2760

0.4875            2761

0.4875            2762

0.4875            2763

0.4875            2764

0.4875            2765

0.4875            2766

0.4875            2767

0.4875            2768

0.4875            2769

0.4875            2770

0.4875            2771

0.4875            2772

0.4875            2773

0.4875            2774

0.4875            2775

0.4875            2776

0.4875            2777

0.4875            2778

0.4875            2779

0.4875            2780

0.4875            2781

0.4875            2782

0.4875            2783

0.4875            2784

0.4875            2785

0.4875            2786

0.4875            2787

0.4875            2788

0.4875            2789

0.4875            2790

0.4875            2791

0.4875            2792

0.4875            2793

0.4875            2794

0.4875            2795

0.4875            2796

0.4875            2797

0.4875            2798

0.4875            2799

0.4875            2800

0.4875            2801

0.4875            2802

0.4875            2803

0.4875            2804

0.4875            2805

0.4875            2806

0.4875            2807

0.4875            2808

0.4875            2809

0.4875            2810

0.4875            2811

0.4875            2812

0.4875            2813

0.4875            2814

0.4875            2815

0.4875            2816

0.4875            2817

0.4875            2818

0.4875            2819

0.4875            2820

0.4875            2821

0.4875            2822

0.4875            2823

0.4875            2824

0.4875            2825

0.4875            2826

0.4875            2827

0.4875            2828

0.4875            2829

0.4875            2830

0.4875            2831

0.4875            2832

0.4875            2833

0.4875            2834

0.4875            2835

0.4875            2836

0.4875            2837

0.4875            2838

0.4875            2839

0.4875            2840

0.4875            2841

0.4875            2842

0.4875            2843

0.4875            2844

0.4875            2845

0.4875            2846

0.4875            2847

0.4875            2848

0.4875            2849

0.4875            2850

0.4875            2851

0.4875            2852

0.49            2853

0.49            2854

0.49            2855

0.49            2856

0.4925            2857

0.4925            2858

0.4925            2859

0.4925            2860

0.4925            2861

0.4925            2862

0.4925            2863

0.4925            2864

0.4925            2865

0.4925            2866

0.4925            2867

0.4925            2868

0.495            2869

0.495            2870

0.495            2871

0.495            2872

0.495            2873

0.495            2874

0.495            2875

0.495            2876

0.495            2877

0.495            2878

0.495            2879

0.495            2880

0.495            2881

0.495            2882

0.495            2883

0.495            2884

0.495            2885

0.495            2886

0.495            2887

0.495            2888

0.495            2889

0.495            2890

0.495            2891

0.495            2892

0.495            2893

0.495            2894

0.495            2895

0.495            2896

0.495            2897

0.495            2898

0.495            2899

0.495            2900

0.495            2901

0.495            2902

0.495            2903

0.495            2904

0.495            2905

0.495            2906

0.495            2907

0.495            2908

0.495            2909

0.495            2910

0.495            2911

0.495            2912

0.495            2913

0.495            2914

0.495            2915

0.495            2916

0.495            2917

0.495            2918

0.495            2919

0.495            2920

0.495            2921

0.495            2922

0.495            2923

0.495            2924

0.495            2925

0.495            2926

0.495            2927

0.495            2928

0.495            2929

0.495            2930

0.495            2931

0.495            2932

0.495            2933

0.495            2934

0.495            2935

0.495            2936

0.495            2937

0.495            2938

0.495            2939

0.495            2940

0.495            2941

0.495            2942

0.495            2943

0.495            2944

0.495            2945

0.495            2946

0.495            2947

0.495            2948

0.495            2949

0.495            2950

0.495            2951

0.495            2952

0.495            2953

0.495            2954

0.495            2955

0.495            2956

0.495            2957

0.495            2958

0.495            2959

0.495            2960

0.495            2961

0.495            2962

0.495            2963

0.495            2964

0.495            2965

0.495            2966

0.495            2967

0.495            2968

0.495            2969

0.495            2970

0.495            2971

0.495            2972

0.495            2973

0.495            2974

0.495            2975

0.495            2976

0.495            2977

0.495            2978

0.495            2979

0.495            2980

0.495            2981

0.495            2982

0.495            2983

0.495            2984

0.495            2985

0.495            2986

0.4975            2987

0.4975            2988

0.4975            2989

0.4975            2990

0.4975            2991

0.4975            2992

0.4975            2993

0.4975            2994

0.4975            2995

0.4975            2996

0.4975            2997

0.4975            2998

0.4975            2999

