0            0

0            1

0            2

0            3

0            4

0            5

0            6

0            7

0            8

0            9

0            10

0            11

0            12

0            13

0            14

0            15

0            16

0            17

0            18

0            19

0            20

0            21

0            22

0            23

0            24

0            25

0            26

0            27

0            28

0            29

0            30

0            31

0            32

0            33

0            34

0            35

0            36

0            37

0            38

0            39

0            40

0            41

0            42

0            43

0            44

0            45

0            46

0            47

0            48

0            49

0            50

0            51

0            52

0            53

0            54

0            55

0            56

0            57

0            58

0            59

0            60

0            61

0            62

0            63

0            64

0            65

0            66

0            67

0            68

0            69

0            70

0            71

0            72

0            73

0            74

0            75

0            76

0            77

0            78

0            79

0            80

0            81

0            82

0            83

0            84

0            85

0            86

0            87

0            88

0            89

0            90

0            91

0            92

0            93

0            94

0            95

0            96

0            97

0            98

0            99

0            100

0            101

0.01            102

0.02            103

0.02            104

0.02            105

0.02            106

0.02            107

0.02            108

0.02            109

0.02            110

0.02            111

0.02            112

0.02            113

0.02            114

0.02            115

0.02            116

0.02            117

0.02            118

0.02            119

0.02            120

0.02            121

0.02            122

0.02            123

0.02            124

0.02            125

0.04            126

0.04            127

0.04            128

0.04            129

0.04            130

0.04            131

0.04            132

0.04            133

0.04            134

0.04            135

0.04            136

0.04            137

0.04            138

0.04            139

0.04            140

0.04            141

0.04            142

0.04            143

0.04            144

0.04            145

0.04            146

0.04            147

0.04            148

0.04            149

0.04            150

0.04            151

0.04            152

0.04            153

0.04            154

0.04            155

0.04            156

0.04            157

0.04            158

0.04            159

0.04            160

0.04            161

0.04            162

0.04            163

0.04            164

0.04            165

0.04            166

0.05            167

0.06            168

0.06            169

0.06            170

0.06            171

0.06            172

0.06            173

0.06            174

0.06            175

0.06            176

0.06            177

0.06            178

0.06            179

0.06            180

0.06            181

0.06            182

0.06            183

0.06            184

0.06            185

0.06            186

0.06            187

0.06            188

0.06            189

0.06            190

0.06            191

0.06            192

0.06            193

0.06            194

0.06            195

0.06            196

0.06            197

0.06            198

0.06            199

0.06            200

0.06            201

0.06            202

0.06            203

0.06            204

0.06            205

0.06            206

0.06            207

0.06            208

0.06            209

0.06            210

0.06            211

0.06            212

0.06            213

0.06            214

0.06            215

0.06            216

0.06            217

0.06            218

0.06            219

0.06            220

0.06            221

0.06            222

0.06            223

0.06            224

0.06            225

0.06            226

0.06            227

0.06            228

0.06            229

0.06            230

0.06            231

0.06            232

0.06            233

0.06            234

0.06            235

0.06            236

0.06            237

0.06            238

0.06            239

0.06            240

0.06            241

0.06            242

0.06            243

0.06            244

0.06            245

0.06            246

0.06            247

0.06            248

0.06            249

0.06            250

0.06            251

0.06            252

0.06            253

0.06            254

0.06            255

0.06            256

0.06            257

0.06            258

0.06            259

0.06            260

0.06            261

0.06            262

0.06            263

0.06            264

0.08            265

0.08            266

0.08            267

0.08            268

0.08            269

0.08            270

0.08            271

0.08            272

0.08            273

0.08            274

0.08            275

0.08            276

0.08            277

0.08            278

0.08            279

0.08            280

0.08            281

0.08            282

0.08            283

0.08            284

0.08            285

0.08            286

0.08            287

0.08            288

0.08            289

0.08            290

0.08            291

0.08            292

0.08            293

0.08            294

0.08            295

0.08            296

0.08            297

0.08            298

0.08            299

0.08            300

0.08            301

0.08            302

0.08            303

0.08            304

0.08            305

0.08            306

0.08            307

0.08            308

0.08            309

0.08            310

0.08            311

0.08            312

0.08            313

0.08            314

0.08            315

0.08            316

0.08            317

0.08            318

0.08            319

0.08            320

0.08            321

0.08            322

0.08            323

0.08            324

0.08            325

0.08            326

0.08            327

0.08            328

0.08            329

0.08            330

0.08            331

0.08            332

0.08            333

0.08            334

0.08            335

0.08            336

0.08            337

0.08            338

0.08            339

0.08            340

0.08            341

0.08            342

0.08            343

0.08            344

0.1            345

0.1            346

0.1            347

0.1            348

0.1            349

0.1            350

0.1            351

0.1            352

0.1            353

0.1            354

0.1            355

0.1            356

0.1            357

0.1            358

0.1            359

0.1            360

0.1            361

0.1            362

0.12            363

0.12            364

0.12            365

0.12            366

0.12            367

0.12            368

0.12            369

0.12            370

0.12            371

0.12            372

0.12            373

0.12            374

0.12            375

0.12            376

0.12            377

0.12            378

0.12            379

0.12            380

0.12            381

0.12            382

0.12            383

0.12            384

0.12            385

0.12            386

0.12            387

0.12            388

0.12            389

0.12            390

0.12            391

0.12            392

0.12            393

0.12            394

0.12            395

0.12            396

0.12            397

0.12            398

0.12            399

0.12            400

0.12            401

0.12            402

0.12            403

0.12            404

0.12            405

0.12            406

0.13            407

0.14            408

0.14            409

0.14            410

0.14            411

0.14            412

0.14            413

0.14            414

0.14            415

0.14            416

0.14            417

0.14            418

0.14            419

0.14            420

0.14            421

0.14            422

0.14            423

0.14            424

0.14            425

0.14            426

0.14            427

0.14            428

0.14            429

0.14            430

0.14            431

0.14            432

0.14            433

0.14            434

0.14            435

0.14            436

0.14            437

0.14            438

0.14            439

0.14            440

0.14            441

0.14            442

0.14            443

0.14            444

0.14            445

0.14            446

0.14            447

0.14            448

0.14            449

0.14            450

0.14            451

0.14            452

0.14            453

0.14            454

0.14            455

0.14            456

0.14            457

0.14            458

0.14            459

0.15            460

0.16            461

0.16            462

0.16            463

0.16            464

0.16            465

0.16            466

0.16            467

0.16            468

0.18            469

0.18            470

0.18            471

0.18            472

0.18            473

0.18            474

0.18            475

0.18            476

0.18            477

0.18            478

0.18            479

0.18            480

0.18            481

0.18            482

0.18            483

0.18            484

0.18            485

0.18            486

0.18            487

0.18            488

0.18            489

0.18            490

0.18            491

0.18            492

0.18            493

0.18            494

0.18            495

0.18            496

0.18            497

0.18            498

0.18            499

0.18            500

0.18            501

0.18            502

0.18            503

0.18            504

0.18            505

0.18            506

0.18            507

0.18            508

0.18            509

0.18            510

0.18            511

0.18            512

0.18            513

0.18            514

0.18            515

0.18            516

0.18            517

0.18            518

0.18            519

0.18            520

0.18            521

0.18            522

0.18            523

0.18            524

0.18            525

0.18            526

0.18            527

0.18            528

0.18            529

0.18            530

0.18            531

0.18            532

0.18            533

0.18            534

0.18            535

0.18            536

0.18            537

0.18            538

0.18            539

0.18            540

0.18            541

0.18            542

0.18            543

0.18            544

0.18            545

0.18            546

0.18            547

0.18            548

0.18            549

0.18            550

0.18            551

0.18            552

0.18            553

0.18            554

0.18            555

0.18            556

0.18            557

0.18            558

0.18            559

0.18            560

0.18            561

0.18            562

0.18            563

0.18            564

0.18            565

0.18            566

0.18            567

0.18            568

0.18            569

0.18            570

0.18            571

0.18            572

0.18            573

0.18            574

0.18            575

0.18            576

0.18            577

0.18            578

0.18            579

0.18            580

0.18            581

0.18            582

0.18            583

0.18            584

0.18            585

0.18            586

0.18            587

0.18            588

0.18            589

0.18            590

0.18            591

0.18            592

0.18            593

0.18            594

0.18            595

0.18            596

0.18            597

0.18            598

0.18            599

0.18            600

0.18            601

0.18            602

0.18            603

0.18            604

0.18            605

0.18            606

0.18            607

0.18            608

0.18            609

0.18            610

0.18            611

0.18            612

0.18            613

0.18            614

0.18            615

0.18            616

0.18            617

0.18            618

0.18            619

0.18            620

0.18            621

0.18            622

0.18            623

0.18            624

0.18            625

0.18            626

0.18            627

0.18            628

0.18            629

0.18            630

0.18            631

0.18            632

0.18            633

0.18            634

0.18            635

0.18            636

0.19            637

0.19            638

0.19            639

0.19            640

0.19            641

0.19            642

0.19            643

0.19            644

0.19            645

0.19            646

0.19            647

0.19            648

0.19            649

0.19            650

0.19            651

0.19            652

0.19            653

0.21            654

0.21            655

0.21            656

0.21            657

0.21            658

0.21            659

0.21            660

0.21            661

0.21            662

0.21            663

0.21            664

0.21            665

0.21            666

0.21            667

0.21            668

0.21            669

0.21            670

0.21            671

0.21            672

0.21            673

0.21            674

0.21            675

0.21            676

0.21            677

0.21            678

0.21            679

0.21            680

0.21            681

0.21            682

0.21            683

0.21            684

0.21            685

0.21            686

0.21            687

0.21            688

0.21            689

0.21            690

0.21            691

0.21            692

0.21            693

0.21            694

0.21            695

0.21            696

0.21            697

0.21            698

0.21            699

0.21            700

0.21            701

0.21            702

0.21            703

0.21            704

0.21            705

0.21            706

0.21            707

0.21            708

0.21            709

0.21            710

0.21            711

0.21            712

0.21            713

0.21            714

0.21            715

0.21            716

0.21            717

0.21            718

0.21            719

0.21            720

0.21            721

0.21            722

0.21            723

0.22            724

0.22            725

0.22            726

0.23            727

0.24            728

0.24            729

0.24            730

0.24            731

0.24            732

0.24            733

0.24            734

0.24            735

0.24            736

0.24            737

0.24            738

0.24            739

0.24            740

0.24            741

0.24            742

0.24            743

0.24            744

0.24            745

0.24            746

0.24            747

0.24            748

0.24            749

0.24            750

0.24            751

0.24            752

0.24            753

0.24            754

0.24            755

0.24            756

0.24            757

0.24            758

0.24            759

0.24            760

0.24            761

0.24            762

0.24            763

0.24            764

0.24            765

0.24            766

0.24            767

0.24            768

0.24            769

0.24            770

0.24            771

0.24            772

0.24            773

0.24            774

0.24            775

0.24            776

0.24            777

0.24            778

0.24            779

0.24            780

0.24            781

0.24            782

0.24            783

0.24            784

0.24            785

0.24            786

0.24            787

0.24            788

0.24            789

0.24            790

0.24            791

0.24            792

0.24            793

0.24            794

0.24            795

0.24            796

0.24            797

0.24            798

0.24            799

0.24            800

0.24            801

0.24            802

0.24            803

0.24            804

0.24            805

0.24            806

0.24            807

0.24            808

0.24            809

0.24            810

0.24            811

0.24            812

0.24            813

0.24            814

0.24            815

0.24            816

0.24            817

0.24            818

0.24            819

0.24            820

0.24            821

0.24            822

0.24            823

0.24            824

0.24            825

0.24            826

0.24            827

0.24            828

0.24            829

0.24            830

0.24            831

0.24            832

0.24            833

0.24            834

0.24            835

0.24            836

0.24            837

0.24            838

0.24            839

0.24            840

0.24            841

0.24            842

0.24            843

0.23            844

0.23            845

0.23            846

0.23            847

0.23            848

0.23            849

0.23            850

0.23            851

0.23            852

0.23            853

0.23            854

0.23            855

0.23            856

0.23            857

0.23            858

0.23            859

0.23            860

0.23            861

0.23            862

0.23            863

0.23            864

0.23            865

0.23            866

0.23            867

0.23            868

0.23            869

0.23            870

0.23            871

0.23            872

0.23            873

0.23            874

0.23            875

0.23            876

0.23            877

0.23            878

0.23            879

0.23            880

0.23            881

0.23            882

0.23            883

0.23            884

0.23            885

0.23            886

0.23            887

0.23            888

0.23            889

0.23            890

0.23            891

0.23            892

0.23            893

0.23            894

0.23            895

0.23            896

0.23            897

0.23            898

0.23            899

0.23            900

0.23            901

0.23            902

0.23            903

0.23            904

0.23            905

0.23            906

0.23            907

0.23            908

0.23            909

0.23            910

0.23            911

0.23            912

0.23            913

0.23            914

0.23            915

0.23            916

0.23            917

0.23            918

0.23            919

0.23            920

0.23            921

0.23            922

0.23            923

0.23            924

0.23            925

0.23            926

0.23            927

0.23            928

0.23            929

0.23            930

0.23            931

0.23            932

0.23            933

0.23            934

0.23            935

0.23            936

0.23            937

0.23            938

0.23            939

0.23            940

0.23            941

0.23            942

0.23            943

0.23            944

0.23            945

0.23            946

0.23            947

0.23            948

0.23            949

0.23            950

0.23            951

0.23            952

0.23            953

0.23            954

0.23            955

0.23            956

0.23            957

0.23            958

0.23            959

0.23            960

0.23            961

0.23            962

0.23            963

0.23            964

0.23            965

0.23            966

0.23            967

0.23            968

0.23            969

0.23            970

0.23            971

0.23            972

0.23            973

0.23            974

0.23            975

0.23            976

0.23            977

0.23            978

0.23            979

0.23            980

0.23            981

0.23            982

0.23            983

0.23            984

0.23            985

0.23            986

0.23            987

0.23            988

0.23            989

0.23            990

0.23            991

0.23            992

0.23            993

0.23            994

0.23            995

0.23            996

0.23            997

0.23            998

0.23            999

0.23            1000

0.23            1001

0.23            1002

0.23            1003

0.23            1004

0.23            1005

0.23            1006

0.23            1007

0.23            1008

0.23            1009

0.23            1010

0.23            1011

0.23            1012

0.23            1013

0.23            1014

0.23            1015

0.23            1016

0.23            1017

0.23            1018

0.23            1019

0.23            1020

0.23            1021

0.23            1022

0.23            1023

0.24            1024

0.24            1025

0.24            1026

0.24            1027

0.24            1028

0.24            1029

0.24            1030

0.24            1031

0.24            1032

0.24            1033

0.24            1034

0.24            1035

0.24            1036

0.24            1037

0.24            1038

0.24            1039

0.24            1040

0.24            1041

0.24            1042

0.24            1043

0.23            1044

0.23            1045

0.23            1046

0.23            1047

0.23            1048

0.23            1049

0.23            1050

0.23            1051

0.23            1052

0.23            1053

0.23            1054

0.23            1055

0.23            1056

0.23            1057

0.23            1058

0.23            1059

0.23            1060

0.23            1061

0.23            1062

0.23            1063

0.23            1064

0.23            1065

0.23            1066

0.23            1067

0.23            1068

0.23            1069

0.23            1070

0.23            1071

0.23            1072

0.23            1073

0.23            1074

0.23            1075

0.23            1076

0.23            1077

0.23            1078

0.23            1079

0.23            1080

0.23            1081

0.23            1082

0.23            1083

0.23            1084

0.23            1085

0.23            1086

0.23            1087

0.23            1088

0.23            1089

0.23            1090

0.23            1091

0.23            1092

0.23            1093

0.23            1094

0.23            1095

0.23            1096

0.23            1097

0.23            1098

0.23            1099

0.23            1100

0.23            1101

0.23            1102

0.23            1103

0.24            1104

0.24            1105

0.24            1106

0.24            1107

0.24            1108

0.24            1109

0.24            1110

0.24            1111

0.24            1112

0.24            1113

0.24            1114

0.24            1115

0.24            1116

0.24            1117

0.24            1118

0.24            1119

0.25            1120

0.25            1121

0.25            1122

0.25            1123

0.25            1124

0.25            1125

0.25            1126

0.25            1127

0.25            1128

0.25            1129

0.25            1130

0.25            1131

0.25            1132

0.25            1133

0.25            1134

0.25            1135

0.25            1136

0.25            1137

0.25            1138

0.25            1139

0.25            1140

0.25            1141

0.25            1142

0.25            1143

0.25            1144

0.25            1145

0.25            1146

0.25            1147

0.25            1148

0.25            1149

0.25            1150

0.25            1151

0.25            1152

0.25            1153

0.25            1154

0.25            1155

0.25            1156

0.25            1157

0.25            1158

0.25            1159

0.25            1160

0.25            1161

0.25            1162

0.25            1163

0.25            1164

0.25            1165

0.25            1166

0.25            1167

0.25            1168

0.25            1169

0.25            1170

0.25            1171

0.27            1172

0.27            1173

0.27            1174

0.27            1175

0.27            1176

0.27            1177

0.27            1178

0.27            1179

0.27            1180

0.27            1181

0.27            1182

0.27            1183

0.27            1184

0.27            1185

0.27            1186

0.27            1187

0.27            1188

0.27            1189

0.27            1190

0.27            1191

0.27            1192

0.27            1193

0.27            1194

0.27            1195

0.27            1196

0.27            1197

0.27            1198

0.27            1199

0.27            1200

0.27            1201

0.27            1202

0.27            1203

0.27            1204

0.27            1205

0.27            1206

0.27            1207

0.27            1208

0.27            1209

0.27            1210

0.27            1211

0.27            1212

0.27            1213

0.27            1214

0.27            1215

0.27            1216

0.27            1217

0.27            1218

0.27            1219

0.27            1220

0.27            1221

0.27            1222

0.27            1223

0.27            1224

0.27            1225

0.27            1226

0.27            1227

0.27            1228

0.27            1229

0.27            1230

0.27            1231

0.27            1232

0.27            1233

0.27            1234

0.27            1235

0.27            1236

0.27            1237

0.27            1238

0.27            1239

0.27            1240

0.27            1241

0.27            1242

0.27            1243

0.27            1244

0.27            1245

0.27            1246

0.27            1247

0.27            1248

0.27            1249

0.27            1250

0.27            1251

0.27            1252

0.27            1253

0.27            1254

0.27            1255

0.27            1256

0.27            1257

0.28            1258

0.28            1259

0.28            1260

0.28            1261

0.29            1262

0.29            1263

0.29            1264

0.29            1265

0.29            1266

0.29            1267

0.29            1268

0.29            1269

0.29            1270

0.29            1271

0.29            1272

0.29            1273

0.29            1274

0.29            1275

0.29            1276

0.29            1277

0.29            1278

0.28            1279

0.28            1280

0.28            1281

0.28            1282

0.28            1283

0.28            1284

0.28            1285

0.28            1286

0.28            1287

0.28            1288

0.28            1289

0.28            1290

0.28            1291

0.28            1292

0.28            1293

0.28            1294

0.29            1295

0.29            1296

0.29            1297

0.29            1298

0.29            1299

0.29            1300

0.29            1301

0.29            1302

0.29            1303

0.29            1304

0.29            1305

0.29            1306

0.29            1307

0.29            1308

0.29            1309

0.29            1310

0.29            1311

0.29            1312

0.29            1313

0.29            1314

0.29            1315

0.29            1316

0.29            1317

0.29            1318

0.29            1319

0.29            1320

0.29            1321

0.29            1322

0.29            1323

0.29            1324

0.29            1325

0.29            1326

0.29            1327

0.29            1328

0.29            1329

0.29            1330

0.29            1331

0.29            1332

0.29            1333

0.29            1334

0.29            1335

0.29            1336

0.29            1337

0.29            1338

0.29            1339

0.29            1340

0.29            1341

0.3            1342

0.3            1343

0.3            1344

0.3            1345

0.3            1346

0.3            1347

0.3            1348

0.31            1349

0.31            1350

0.31            1351

0.31            1352

0.31            1353

0.31            1354

0.31            1355

0.31            1356

0.31            1357

0.31            1358

0.31            1359

0.31            1360

0.31            1361

0.31            1362

0.31            1363

0.31            1364

0.31            1365

0.31            1366

0.31            1367

0.31            1368

0.31            1369

0.31            1370

0.31            1371

0.31            1372

0.31            1373

0.31            1374

0.31            1375

0.31            1376

0.31            1377

0.31            1378

0.31            1379

0.31            1380

0.31            1381

0.31            1382

0.31            1383

0.31            1384

0.31            1385

0.31            1386

0.31            1387

0.31            1388

0.31            1389

0.31            1390

0.31            1391

0.31            1392

0.31            1393

0.31            1394

0.31            1395

0.31            1396

0.31            1397

0.31            1398

0.31            1399

0.31            1400

0.31            1401

0.31            1402

0.31            1403

0.31            1404

0.31            1405

0.31            1406

0.31            1407

0.31            1408

0.31            1409

0.31            1410

0.32            1411

0.32            1412

0.32            1413

0.32            1414

0.32            1415

0.32            1416

0.32            1417

0.32            1418

0.32            1419

0.32            1420

0.32            1421

0.32            1422

0.32            1423

0.32            1424

0.32            1425

0.32            1426

0.32            1427

0.32            1428

0.32            1429

0.32            1430

0.32            1431

0.32            1432

0.32            1433

0.32            1434

0.32            1435

0.32            1436

0.32            1437

0.32            1438

0.32            1439

0.32            1440

0.32            1441

0.32            1442

0.32            1443

0.32            1444

0.32            1445

0.32            1446

0.32            1447

0.32            1448

0.32            1449

0.32            1450

0.32            1451

0.32            1452

0.32            1453

0.32            1454

0.32            1455

0.32            1456

0.32            1457

0.32            1458

0.32            1459

0.32            1460

0.32            1461

0.32            1462

0.32            1463

0.32            1464

0.32            1465

0.32            1466

0.32            1467

0.32            1468

0.32            1469

0.32            1470

0.32            1471

0.32            1472

0.32            1473

0.32            1474

0.32            1475

0.32            1476

0.32            1477

0.32            1478

0.32            1479

0.32            1480

0.32            1481

0.32            1482

0.32            1483

0.32            1484

0.32            1485

0.32            1486

0.32            1487

0.32            1488

0.32            1489

0.32            1490

0.32            1491

0.32            1492

0.32            1493

0.32            1494

0.32            1495

0.32            1496

0.32            1497

0.32            1498

0.32            1499

0.32            1500

0.32            1501

0.32            1502

0.32            1503

0.32            1504

0.32            1505

0.32            1506

0.32            1507

0.32            1508

0.32            1509

0.32            1510

0.32            1511

0.32            1512

0.32            1513

0.32            1514

0.32            1515

0.32            1516

0.32            1517

0.32            1518

0.32            1519

0.32            1520

0.32            1521

0.32            1522

0.32            1523

0.32            1524

0.32            1525

0.32            1526

0.32            1527

0.32            1528

0.32            1529

0.32            1530

0.32            1531

0.32            1532

0.32            1533

0.32            1534

0.32            1535

0.32            1536

0.32            1537

0.32            1538

0.32            1539

0.32            1540

0.32            1541

0.32            1542

0.32            1543

0.32            1544

0.32            1545

0.32            1546

0.32            1547

0.32            1548

0.32            1549

0.32            1550

0.32            1551

0.32            1552

0.32            1553

0.32            1554

0.32            1555

0.32            1556

0.32            1557

0.32            1558

0.32            1559

0.32            1560

0.32            1561

0.32            1562

0.32            1563

0.32            1564

0.32            1565

0.32            1566

0.32            1567

0.32            1568

0.32            1569

0.32            1570

0.32            1571

0.32            1572

0.32            1573

0.32            1574

0.32            1575

0.32            1576

0.32            1577

0.32            1578

0.32            1579

0.32            1580

0.32            1581

0.32            1582

0.32            1583

0.32            1584

0.32            1585

0.32            1586

0.32            1587

0.32            1588

0.32            1589

0.32            1590

0.32            1591

0.32            1592

0.32            1593

0.32            1594

0.32            1595

0.32            1596

0.32            1597

0.32            1598

0.32            1599

0.32            1600

0.32            1601

0.32            1602

0.32            1603

0.32            1604

0.32            1605

0.32            1606

0.32            1607

0.32            1608

0.32            1609

0.32            1610

0.32            1611

0.32            1612

0.32            1613

0.32            1614

0.32            1615

0.32            1616

0.32            1617

0.32            1618

0.32            1619

0.32            1620

0.32            1621

0.32            1622

0.32            1623

0.32            1624

0.32            1625

0.32            1626

0.32            1627

0.32            1628

0.32            1629

0.32            1630

0.32            1631

0.32            1632

0.32            1633

0.32            1634

0.32            1635

0.32            1636

0.32            1637

0.32            1638

0.32            1639

0.32            1640

0.32            1641

0.32            1642

0.32            1643

0.32            1644

0.32            1645

0.32            1646

0.32            1647

0.32            1648

0.32            1649

0.32            1650

0.32            1651

0.32            1652

0.32            1653

0.32            1654

0.32            1655

0.32            1656

0.32            1657

0.32            1658

0.32            1659

0.32            1660

0.32            1661

0.32            1662

0.32            1663

0.32            1664

0.32            1665

0.32            1666

0.32            1667

0.32            1668

0.32            1669

0.32            1670

0.32            1671

0.32            1672

0.32            1673

0.32            1674

0.32            1675

0.32            1676

0.32            1677

0.32            1678

0.32            1679

0.32            1680

0.32            1681

0.32            1682

0.32            1683

0.32            1684

0.32            1685

0.32            1686

0.32            1687

0.32            1688

0.32            1689

0.32            1690

0.32            1691

0.32            1692

0.32            1693

0.32            1694

0.32            1695

0.32            1696

0.32            1697

0.32            1698

0.32            1699

0.32            1700

0.32            1701

0.32            1702

0.32            1703

0.32            1704

0.32            1705

0.32            1706

0.32            1707

0.32            1708

0.32            1709

0.32            1710

0.32            1711

0.32            1712

0.32            1713

0.32            1714

0.32            1715

0.32            1716

0.32            1717

0.32            1718

0.32            1719

0.32            1720

0.32            1721

0.32            1722

0.32            1723

0.32            1724

0.32            1725

0.32            1726

0.32            1727

0.32            1728

0.32            1729

0.32            1730

0.32            1731

0.32            1732

0.32            1733

0.32            1734

0.32            1735

0.32            1736

0.32            1737

0.32            1738

0.32            1739

0.32            1740

0.32            1741

0.34            1742

0.34            1743

0.34            1744

0.34            1745

0.34            1746

0.34            1747

0.34            1748

0.34            1749

0.34            1750

0.34            1751

0.34            1752

0.34            1753

0.34            1754

0.34            1755

0.34            1756

0.34            1757

0.34            1758

0.34            1759

0.34            1760

0.34            1761

0.34            1762

0.34            1763

0.34            1764

0.34            1765

0.34            1766

0.34            1767

0.34            1768

0.34            1769

0.34            1770

0.34            1771

0.34            1772

0.34            1773

0.34            1774

0.34            1775

0.34            1776

0.34            1777

0.34            1778

0.34            1779

0.34            1780

0.34            1781

0.34            1782

0.34            1783

0.34            1784

0.34            1785

0.34            1786

0.34            1787

0.34            1788

0.34            1789

0.34            1790

0.34            1791

0.34            1792

0.34            1793

0.34            1794

0.34            1795

0.34            1796

0.34            1797

0.34            1798

0.34            1799

0.34            1800

0.34            1801

0.34            1802

0.34            1803

0.34            1804

0.34            1805

0.34            1806

0.34            1807

0.34            1808

0.34            1809

0.34            1810

0.34            1811

0.34            1812

0.34            1813

0.34            1814

0.34            1815

0.34            1816

0.34            1817

0.34            1818

0.34            1819

0.34            1820

0.34            1821

0.34            1822

0.34            1823

0.34            1824

0.34            1825

0.34            1826

0.34            1827

0.34            1828

0.34            1829

0.34            1830

0.34            1831

0.34            1832

0.34            1833

0.34            1834

0.34            1835

0.34            1836

0.34            1837

0.34            1838

0.34            1839

0.34            1840

0.34            1841

0.34            1842

0.34            1843

0.34            1844

0.34            1845

0.34            1846

0.34            1847

0.34            1848

0.34            1849

0.34            1850

0.34            1851

0.34            1852

0.34            1853

0.34            1854

0.34            1855

0.34            1856

0.34            1857

0.34            1858

0.34            1859

0.34            1860

0.34            1861

0.34            1862

0.34            1863

0.34            1864

0.34            1865

0.34            1866

0.34            1867

0.34            1868

0.34            1869

0.34            1870

0.34            1871

0.34            1872

0.34            1873

0.34            1874

0.34            1875

0.34            1876

0.34            1877

0.34            1878

0.34            1879

0.34            1880

0.34            1881

0.34            1882

0.34            1883

0.34            1884

0.34            1885

0.34            1886

0.34            1887

0.34            1888

0.34            1889

0.34            1890

0.34            1891

0.34            1892

0.34            1893

0.34            1894

0.34            1895

0.34            1896

0.34            1897

0.34            1898

0.34            1899

0.34            1900

0.34            1901

0.34            1902

0.34            1903

0.34            1904

0.34            1905

0.34            1906

0.34            1907

0.34            1908

0.34            1909

0.34            1910

0.34            1911

0.34            1912

0.34            1913

0.34            1914

0.34            1915

0.34            1916

0.34            1917

0.34            1918

0.34            1919

0.34            1920

0.34            1921

0.34            1922

0.34            1923

0.34            1924

0.34            1925

0.34            1926

0.34            1927

0.34            1928

0.34            1929

0.34            1930

0.34            1931

0.34            1932

0.34            1933

0.34            1934

0.34            1935

0.34            1936

0.34            1937

0.34            1938

0.34            1939

0.34            1940

0.34            1941

0.34            1942

0.34            1943

0.34            1944

0.34            1945

0.34            1946

0.34            1947

0.34            1948

0.34            1949

0.34            1950

0.34            1951

0.34            1952

0.34            1953

0.34            1954

0.34            1955

0.34            1956

0.34            1957

0.34            1958

0.34            1959

0.34            1960

0.34            1961

0.34            1962

0.34            1963

0.34            1964

0.34            1965

0.34            1966

0.34            1967

0.34            1968

0.34            1969

0.34            1970

0.34            1971

0.34            1972

0.34            1973

0.34            1974

0.34            1975

0.34            1976

0.34            1977

0.34            1978

0.34            1979

0.34            1980

0.34            1981

0.34            1982

0.34            1983

0.34            1984

0.34            1985

0.34            1986

0.34            1987

0.34            1988

0.34            1989

0.34            1990

0.34            1991

0.34            1992

0.34            1993

0.34            1994

0.34            1995

0.34            1996

0.34            1997

0.34            1998

0.34            1999

0.34            2000

0.34            2001

0.34            2002

0.34            2003

0.34            2004

0.34            2005

0.34            2006

0.34            2007

0.34            2008

0.34            2009

0.34            2010

0.34            2011

0.34            2012

0.34            2013

0.34            2014

0.34            2015

0.34            2016

0.34            2017

0.34            2018

0.34            2019

0.34            2020

0.34            2021

0.34            2022

0.34            2023

0.34            2024

0.34            2025

0.34            2026

0.34            2027

0.34            2028

0.34            2029

0.34            2030

0.34            2031

0.34            2032

0.34            2033

0.34            2034

0.34            2035

0.34            2036

0.34            2037

0.34            2038

0.34            2039

0.34            2040

0.34            2041

0.34            2042

0.34            2043

0.34            2044

0.34            2045

0.34            2046

0.34            2047

0.34            2048

0.34            2049

0.34            2050

0.34            2051

0.34            2052

0.34            2053

0.34            2054

0.34            2055

0.34            2056

0.34            2057

0.34            2058

0.34            2059

0.34            2060

0.34            2061

0.34            2062

0.35            2063

0.35            2064

0.35            2065

0.35            2066

0.35            2067

0.35            2068

0.35            2069

0.35            2070

0.35            2071

0.35            2072

0.35            2073

0.35            2074

0.35            2075

0.35            2076

0.35            2077

0.35            2078

0.35            2079

0.35            2080

0.35            2081

0.35            2082

0.35            2083

0.35            2084

0.35            2085

0.35            2086

0.35            2087

0.35            2088

0.35            2089

0.35            2090

0.35            2091

0.35            2092

0.35            2093

0.35            2094

0.35            2095

0.35            2096

0.35            2097

0.35            2098

0.35            2099

0.35            2100

0.35            2101

0.35            2102

0.35            2103

0.35            2104

0.35            2105

0.35            2106

0.35            2107

0.35            2108

0.35            2109

0.35            2110

0.35            2111

0.35            2112

0.35            2113

0.35            2114

0.35            2115

0.35            2116

0.35            2117

0.35            2118

0.35            2119

0.35            2120

0.35            2121

0.35            2122

0.35            2123

0.35            2124

0.35            2125

0.35            2126

0.35            2127

0.35            2128

0.35            2129

0.35            2130

0.35            2131

0.35            2132

0.35            2133

0.35            2134

0.35            2135

0.35            2136

0.35            2137

0.35            2138

0.35            2139

0.35            2140

0.35            2141

0.35            2142

0.35            2143

0.35            2144

0.35            2145

0.35            2146

0.35            2147

0.35            2148

0.35            2149

0.35            2150

0.35            2151

0.35            2152

0.35            2153

0.35            2154

0.35            2155

0.35            2156

0.35            2157

0.35            2158

0.35            2159

0.35            2160

0.35            2161

0.35            2162

0.35            2163

0.35            2164

0.35            2165

0.35            2166

0.35            2167

0.35            2168

0.35            2169

0.35            2170

0.35            2171

0.35            2172

0.35            2173

0.35            2174

0.35            2175

0.35            2176

0.35            2177

0.35            2178

0.35            2179

0.35            2180

0.35            2181

0.35            2182

0.35            2183

0.35            2184

0.35            2185

0.35            2186

0.35            2187

0.35            2188

0.35            2189

0.35            2190

0.35            2191

0.35            2192

0.35            2193

0.35            2194

0.35            2195

0.35            2196

0.35            2197

0.35            2198

0.35            2199

0.35            2200

0.35            2201

0.35            2202

0.35            2203

0.35            2204

0.35            2205

0.35            2206

0.35            2207

0.35            2208

0.35            2209

0.35            2210

0.35            2211

0.35            2212

0.35            2213

0.35            2214

0.35            2215

0.35            2216

0.35            2217

0.35            2218

0.35            2219

0.35            2220

0.35            2221

0.35            2222

0.35            2223

0.35            2224

0.35            2225

0.35            2226

0.35            2227

0.35            2228

0.35            2229

0.35            2230

0.35            2231

0.35            2232

0.35            2233

0.35            2234

0.35            2235

0.35            2236

0.35            2237

0.35            2238

0.35            2239

0.35            2240

0.35            2241

0.35            2242

0.35            2243

0.35            2244

0.35            2245

0.35            2246

0.35            2247

0.35            2248

0.35            2249

0.35            2250

0.35            2251

0.35            2252

0.35            2253

0.35            2254

0.35            2255

0.35            2256

0.35            2257

0.35            2258

0.35            2259

0.35            2260

0.35            2261

0.35            2262

0.35            2263

0.35            2264

0.35            2265

0.35            2266

0.35            2267

0.35            2268

0.35            2269

0.35            2270

0.35            2271

0.35            2272

0.35            2273

0.35            2274

0.35            2275

0.35            2276

0.35            2277

0.35            2278

0.35            2279

0.35            2280

0.35            2281

0.35            2282

0.35            2283

0.35            2284

0.35            2285

0.35            2286

0.35            2287

0.35            2288

0.35            2289

0.35            2290

0.35            2291

0.35            2292

0.35            2293

0.35            2294

0.35            2295

0.35            2296

0.35            2297

0.35            2298

0.35            2299

0.35            2300

0.35            2301

0.35            2302

0.35            2303

0.35            2304

0.35            2305

0.35            2306

0.35            2307

0.35            2308

0.35            2309

0.35            2310

0.35            2311

0.35            2312

0.35            2313

0.35            2314

0.35            2315

0.35            2316

0.35            2317

0.35            2318

0.35            2319

0.35            2320

0.35            2321

0.35            2322

0.35            2323

0.35            2324

0.35            2325

0.35            2326

0.35            2327

0.35            2328

0.35            2329

0.35            2330

0.35            2331

0.35            2332

0.35            2333

0.35            2334

0.35            2335

0.35            2336

0.35            2337

0.35            2338

0.35            2339

0.35            2340

0.35            2341

0.35            2342

0.35            2343

0.35            2344

0.35            2345

0.35            2346

0.35            2347

0.35            2348

0.35            2349

0.35            2350

0.35            2351

0.35            2352

0.35            2353

0.35            2354

0.35            2355

0.35            2356

0.35            2357

0.35            2358

0.35            2359

0.35            2360

0.35            2361

0.35            2362

0.35            2363

0.35            2364

0.35            2365

0.35            2366

0.35            2367

0.35            2368

0.35            2369

0.35            2370

0.35            2371

0.35            2372

0.35            2373

0.35            2374

0.35            2375

0.35            2376

0.35            2377

0.35            2378

0.35            2379

0.35            2380

0.35            2381

0.35            2382

0.35            2383

0.35            2384

0.35            2385

0.35            2386

0.35            2387

0.35            2388

0.35            2389

0.35            2390

0.35            2391

0.35            2392

0.35            2393

0.35            2394

0.35            2395

0.35            2396

0.35            2397

0.35            2398

0.35            2399

0.35            2400

0.35            2401

0.35            2402

0.35            2403

0.35            2404

0.35            2405

0.35            2406

0.36            2407

0.36            2408

0.36            2409

0.36            2410

0.36            2411

0.36            2412

0.36            2413

0.36            2414

0.36            2415

0.36            2416

0.36            2417

0.36            2418

0.36            2419

0.36            2420

0.36            2421

0.36            2422

0.36            2423

0.36            2424

0.36            2425

0.36            2426

0.36            2427

0.36            2428

0.36            2429

0.36            2430

0.36            2431

0.36            2432

0.36            2433

0.36            2434

0.36            2435

0.36            2436

0.36            2437

0.36            2438

0.36            2439

0.36            2440

0.36            2441

0.36            2442

0.36            2443

0.36            2444

0.36            2445

0.36            2446

0.36            2447

0.36            2448

0.36            2449

0.36            2450

0.36            2451

0.36            2452

0.36            2453

0.36            2454

0.36            2455

0.36            2456

0.36            2457

0.36            2458

0.36            2459

0.36            2460

0.36            2461

0.36            2462

0.36            2463

0.36            2464

0.36            2465

0.36            2466

0.36            2467

0.36            2468

0.36            2469

0.36            2470

0.36            2471

0.36            2472

0.36            2473

0.36            2474

0.36            2475

0.36            2476

0.36            2477

0.36            2478

0.36            2479

0.36            2480

0.36            2481

0.36            2482

0.36            2483

0.36            2484

0.36            2485

0.36            2486

0.36            2487

0.36            2488

0.36            2489

0.36            2490

0.36            2491

0.36            2492

0.36            2493

0.36            2494

0.36            2495

0.36            2496

0.36            2497

0.36            2498

0.36            2499

0.36            2500

0.36            2501

0.36            2502

0.36            2503

0.36            2504

0.36            2505

0.36            2506

0.36            2507

0.36            2508

0.36            2509

0.36            2510

0.36            2511

0.36            2512

0.36            2513

0.37            2514

0.37            2515

0.37            2516

0.37            2517

0.37            2518

0.37            2519

0.37            2520

0.37            2521

0.37            2522

0.37            2523

0.37            2524

0.37            2525

0.37            2526

0.37            2527

0.37            2528

0.37            2529

0.37            2530

0.37            2531

0.37            2532

0.37            2533

0.37            2534

0.37            2535

0.37            2536

0.37            2537

0.37            2538

0.37            2539

0.37            2540

0.37            2541

0.37            2542

0.37            2543

0.37            2544

0.37            2545

0.37            2546

0.37            2547

0.37            2548

0.37            2549

0.37            2550

0.37            2551

0.37            2552

0.37            2553

0.37            2554

0.37            2555

0.37            2556

0.37            2557

0.37            2558

0.37            2559

0.37            2560

0.37            2561

0.37            2562

0.37            2563

0.37            2564

0.37            2565

0.37            2566

0.37            2567

0.37            2568

0.37            2569

0.37            2570

0.37            2571

0.37            2572

0.37            2573

0.37            2574

0.37            2575

0.37            2576

0.37            2577

0.37            2578

0.37            2579

0.37            2580

0.37            2581

0.37            2582

0.37            2583

0.37            2584

0.37            2585

0.37            2586

0.37            2587

0.37            2588

0.37            2589

0.37            2590

0.37            2591

0.37            2592

0.37            2593

0.37            2594

0.37            2595

0.37            2596

0.37            2597

0.37            2598

0.37            2599

0.37            2600

0.37            2601

0.37            2602

0.37            2603

0.37            2604

0.37            2605

0.37            2606

0.37            2607

0.37            2608

0.37            2609

0.37            2610

0.37            2611

0.37            2612

0.37            2613

0.37            2614

0.37            2615

0.37            2616

0.37            2617

0.37            2618

0.37            2619

0.37            2620

0.37            2621

0.37            2622

0.37            2623

0.37            2624

0.37            2625

0.37            2626

0.37            2627

0.37            2628

0.37            2629

0.37            2630

0.37            2631

0.37            2632

0.37            2633

0.37            2634

0.37            2635

0.37            2636

0.37            2637

0.37            2638

0.37            2639

0.37            2640

0.37            2641

0.37            2642

0.37            2643

0.37            2644

0.37            2645

0.37            2646

0.37            2647

0.37            2648

0.37            2649

0.37            2650

0.37            2651

0.37            2652

0.37            2653

0.37            2654

0.37            2655

0.37            2656

0.37            2657

0.37            2658

0.37            2659

0.37            2660

0.37            2661

0.37            2662

0.37            2663

0.37            2664

0.37            2665

0.37            2666

0.37            2667

0.37            2668

0.37            2669

0.37            2670

0.37            2671

0.37            2672

0.37            2673

0.37            2674

0.37            2675

0.37            2676

0.37            2677

0.37            2678

0.37            2679

0.37            2680

0.37            2681

0.37            2682

0.37            2683

0.37            2684

0.37            2685

0.37            2686

0.37            2687

0.37            2688

0.37            2689

0.37            2690

0.37            2691

0.37            2692

0.37            2693

0.37            2694

0.37            2695

0.37            2696

0.37            2697

0.37            2698

0.37            2699

0.37            2700

0.37            2701

0.37            2702

0.37            2703

0.37            2704

0.37            2705

0.37            2706

0.37            2707

0.37            2708

0.37            2709

0.37            2710

0.37            2711

0.37            2712

0.37            2713

0.37            2714

0.37            2715

0.37            2716

0.37            2717

0.37            2718

0.37            2719

0.37            2720

0.37            2721

0.37            2722

0.37            2723

0.37            2724

0.37            2725

0.37            2726

0.37            2727

0.37            2728

0.37            2729

0.37            2730

0.37            2731

0.37            2732

0.37            2733

0.37            2734

0.37            2735

0.37            2736

0.37            2737

0.37            2738

0.37            2739

0.37            2740

0.37            2741

0.37            2742

0.37            2743

0.37            2744

0.38            2745

0.37            2746

0.37            2747

0.37            2748

0.37            2749

0.37            2750

0.37            2751

0.37            2752

0.37            2753

0.37            2754

0.37            2755

0.37            2756

0.37            2757

0.37            2758

0.37            2759

0.37            2760

0.37            2761

0.37            2762

0.37            2763

0.37            2764

0.37            2765

0.37            2766

0.37            2767

0.37            2768

0.37            2769

0.37            2770

0.37            2771

0.37            2772

0.37            2773

0.37            2774

0.37            2775

0.37            2776

0.37            2777

0.37            2778

0.37            2779

0.37            2780

0.37            2781

0.37            2782

0.37            2783

0.37            2784

0.37            2785

0.37            2786

0.37            2787

0.37            2788

0.37            2789

0.37            2790

0.37            2791

0.37            2792

0.37            2793

0.37            2794

0.37            2795

0.37            2796

0.37            2797

0.37            2798

0.37            2799

0.37            2800

0.37            2801

0.37            2802

0.37            2803

0.37            2804

0.37            2805

0.37            2806

0.37            2807

0.37            2808

0.37            2809

0.37            2810

0.37            2811

0.37            2812

0.37            2813

0.37            2814

0.37            2815

0.37            2816

0.37            2817

0.37            2818

0.37            2819

0.37            2820

0.37            2821

0.37            2822

0.37            2823

0.37            2824

0.37            2825

0.37            2826

0.37            2827

0.37            2828

0.37            2829

0.37            2830

0.37            2831

0.37            2832

0.37            2833

0.37            2834

0.37            2835

0.37            2836

0.37            2837

0.37            2838

0.37            2839

0.37            2840

0.37            2841

0.37            2842

0.37            2843

0.37            2844

0.37            2845

0.37            2846

0.37            2847

0.37            2848

0.37            2849

0.37            2850

0.37            2851

0.37            2852

0.37            2853

0.37            2854

0.37            2855

0.37            2856

0.37            2857

0.37            2858

0.37            2859

0.37            2860

0.37            2861

0.37            2862

0.37            2863

0.37            2864

0.37            2865

0.37            2866

0.37            2867

0.37            2868

0.37            2869

0.37            2870

0.37            2871

0.37            2872

0.37            2873

0.37            2874

0.37            2875

0.37            2876

0.37            2877

0.37            2878

0.37            2879

0.37            2880

0.37            2881

0.37            2882

0.37            2883

0.37            2884

0.37            2885

0.37            2886

0.37            2887

0.37            2888

0.37            2889

0.37            2890

0.37            2891

0.37            2892

0.37            2893

0.37            2894

0.37            2895

0.37            2896

0.37            2897

0.37            2898

0.37            2899

0.37            2900

0.37            2901

0.38            2902

0.38            2903

0.38            2904

0.38            2905

0.38            2906

0.38            2907

0.38            2908

0.38            2909

0.38            2910

0.38            2911

0.38            2912

0.38            2913

0.38            2914

0.38            2915

0.38            2916

0.38            2917

0.38            2918

0.38            2919

0.38            2920

0.38            2921

0.38            2922

0.38            2923

0.38            2924

0.38            2925

0.38            2926

0.38            2927

0.38            2928

0.38            2929

0.38            2930

0.38            2931

0.38            2932

0.38            2933

0.38            2934

0.38            2935

0.38            2936

0.38            2937

0.38            2938

0.38            2939

0.38            2940

0.38            2941

0.38            2942

0.38            2943

0.38            2944

0.38            2945

0.38            2946

0.38            2947

0.38            2948

0.38            2949

0.38            2950

0.38            2951

0.38            2952

0.38            2953

0.38            2954

0.38            2955

0.38            2956

0.38            2957

0.38            2958

0.38            2959

0.38            2960

0.38            2961

0.38            2962

0.38            2963

0.38            2964

0.38            2965

0.38            2966

0.38            2967

0.38            2968

0.38            2969

0.38            2970

0.38            2971

0.38            2972

0.38            2973

0.38            2974

0.38            2975

0.38            2976

0.38            2977

0.38            2978

0.38            2979

0.38            2980

0.38            2981

0.38            2982

0.38            2983

0.38            2984

0.38            2985

0.38            2986

0.38            2987

0.38            2988

0.38            2989

0.38            2990

0.38            2991

0.38            2992

0.38            2993

0.38            2994

0.38            2995

0.38            2996

0.38            2997

0.38            2998

0.38            2999

