100       0       -288965

100       1       -288965

100       2       -288965

100       3       -288964

100       4       -288964

100       5       -288964

100       6       -288963

100       7       -288963

100       8       -288963

100       9       -288962

100       10       -288962

100       11       -288962

100       12       -288961

100       13       -288961

100       14       -288961

100       15       -288960

100       16       -288960

100       17       -288959

100       18       -288959

100       19       -288959

100       20       -288958

100       21       -288958

100       22       -288958

100       23       -288957

100       24       -288957

100       25       -288957

100       26       -288956

100       27       -288956

100       28       -288955

100       29       -288955

100       30       -288955

100       31       -288954

100       32       -288954

100       33       -288953

100       34       -288953

100       35       -288953

100       36       -288952

100       37       -288952

100       38       -288951

100       39       -288951

100       40       -288950

100       41       -288950

100       42       -288949

100       43       -288949

100       44       -288948

100       45       -288948

100       46       -288947

100       47       -288947

100       48       -288946

100       49       -288945

100       50       -288945

100       51       -288944

100       52       -288943

100       53       -288943

100       54       -288942

100       55       -288941

100       56       -288940

100       57       -288940

100       58       -288939

100       59       -288938

100       60       -288937

100       61       -288936

100       62       -288935

100       63       -288934

100       64       -288932

100       65       -288931

100       66       -288929

100       67       -288928

100       68       -288926

100       69       -288924

100       70       -288922

100       71       -288920

100       72       -288917

100       73       -288915

100       74       -288911

100       75       -288908

100       76       -288903

100       77       -288898

100       78       -288893

100       79       -288886

100       80       -288877

100       81       -288867

100       82       -288854

100       83       -288837

100       84       -288814

100       85       -288783

100       86       -288737

100       87       -288666

100       88       -288546

100       89       -288309

100       90       -287724

100       91       -285353

98       92       -281807

98       93       -281806

98       94       -281804

98       95       -281802

98       96       -281800

98       97       -281798

98       98       -281796

98       99       -281793

98       100       -281790

98       101       -281787

98       102       -281783

98       103       -281779

98       104       -281775

98       105       -281770

98       106       -281764

98       107       -281757

98       108       -281750

98       109       -281741

98       110       -281731

98       111       -281718

98       112       -281703

98       113       -281684

98       114       -281658

98       115       -281623

98       116       -281573

98       117       -281493

98       118       -281355

98       119       -281073

98       120       -280300

98       121       -276187

96       122       -275499

96       123       -275495

96       124       -275491

96       125       -275487

96       126       -275483

96       127       -275478

96       128       -275473

96       129       -275468

96       130       -275462

96       131       -275456

96       132       -275449

96       133       -275441

96       134       -275431

96       135       -275417

96       136       -275400

96       137       -275377

96       138       -275348

96       139       -275314

96       140       -275275

96       141       -275233

96       142       -275189

96       143       -275144

96       144       -275099

96       145       -275053

96       146       -275005

96       147       -274955

96       148       -274901

96       149       -274842

96       150       -274777

96       151       -274707

96       152       -274633

96       153       -274555

96       154       -274475

96       155       -274394

96       156       -274313

96       157       -274232

96       158       -274152

96       159       -274074

96       160       -273996

96       161       -273920

96       162       -273845

96       163       -273769

96       164       -273694

96       165       -273618

96       166       -273541

96       167       -273462

96       168       -273379

96       169       -273291

96       170       -273194

96       171       -273081

96       172       -272937

96       173       -272725

96       174       -272326

96       175       -271122

96       176       -257991

96       177       -282910

96       178       -278669

96       179       -277920

96       180       -277593

96       181       -277373

96       182       -277173

96       183       -276937

96       184       -276569

96       185       -275701

96       186       -270820

94       187       -267051

94       188       -263813

94       189       -262418

94       190       -260171

94       191       -260080

94       192       -264910

94       193       -263069

94       194       -262367

94       195       -262036

94       196       -261843

94       197       -261711

94       198       -261612

94       199       -261531

94       200       -261463

94       201       -261403

94       202       -261349

94       203       -261299

94       204       -261252

94       205       -261208

94       206       -261167

94       207       -261127

94       208       -261089

94       209       -261052

94       210       -261016

94       211       -260982

94       212       -260948

94       213       -260915

94       214       -260883

94       215       -260852

94       216       -260821

94       217       -260791

94       218       -260761

94       219       -260732

94       220       -260703

94       221       -260675

94       222       -260647

94       223       -260619

94       224       -260592

94       225       -260565

94       226       -260538

94       227       -260512

94       228       -260485

94       229       -260459

94       230       -260433

94       231       -260406

94       232       -260380

94       233       -260353

94       234       -260326

94       235       -260299

94       236       -260271

94       237       -260242

94       238       -260211

94       239       -260179

94       240       -260143

94       241       -260104

94       242       -260058

94       243       -260003

94       244       -259931

94       245       -259831

94       246       -259674

94       247       -259385

94       248       -258702

94       249       -256082

93       250       -243689

92       251       -252749

92       252       -252732

92       253       -252717

92       254       -252702

92       255       -252688

92       256       -252674

92       257       -252660

92       258       -252646

92       259       -252632

92       260       -252618

92       261       -252602

92       262       -252586

92       263       -252568

92       264       -252547

92       265       -252525

92       266       -252499

92       267       -252471

92       268       -252440

92       269       -252406

92       270       -252369

92       271       -252331

92       272       -252290

92       273       -252249

92       274       -252207

92       275       -252165

92       276       -252123

92       277       -252081

92       278       -252040

92       279       -252000

92       280       -251961

92       281       -251923

92       282       -251886

92       283       -251851

92       284       -251816

92       285       -251783

92       286       -251750

92       287       -251719

92       288       -251689

92       289       -251660

92       290       -251631

92       291       -251604

92       292       -251577

92       293       -251551

92       294       -251526

92       295       -251502

92       296       -251479

92       297       -251456

92       298       -251434

92       299       -251412

92       300       -251392

92       301       -251371

92       302       -251351

92       303       -251332

92       304       -251313

92       305       -251295

92       306       -251277

92       307       -251259

92       308       -251242

92       309       -251225

92       310       -251207

92       311       -251190

92       312       -251173

92       313       -251155

92       314       -251137

92       315       -251119

92       316       -251099

92       317       -251079

92       318       -251057

92       319       -251034

92       320       -251009

92       321       -250981

92       322       -250951

92       323       -250918

92       324       -250881

92       325       -250839

92       326       -250791

92       327       -250736

92       328       -250669

92       329       -250585

92       330       -250470

92       331       -250294

92       332       -249975

92       333       -249208

92       334       -245881

90       335       -243401

90       336       -243363

90       337       -243326

90       338       -243289

90       339       -243252

90       340       -243215

90       341       -243178

90       342       -243141

90       343       -243104

90       344       -243066

90       345       -243028

90       346       -242990

90       347       -242951

90       348       -242910

90       349       -242867

90       350       -242821

90       351       -242770

90       352       -242711

90       353       -242639

90       354       -242544

90       355       -242401

90       356       -242146

90       357       -241540

90       358       -239013

88       359       -235959

88       360       -235925

88       361       -235892

88       362       -235858

88       363       -235825

88       364       -235793

88       365       -235760

88       366       -235728

88       367       -235695

88       368       -235663

88       369       -235632

88       370       -235600

88       371       -235569

88       372       -235537

88       373       -235507

88       374       -235476

88       375       -235446

88       376       -235417

88       377       -235388

88       378       -235361

88       379       -235336

88       380       -235312

88       381       -235292

88       382       -235275

88       383       -235262

88       384       -235255

88       385       -235256

88       386       -235267

88       387       -235290

88       388       -235327

88       389       -235377

88       390       -235430

88       391       -235461

88       392       -235425

88       393       -235296

88       394       -235098

88       395       -234880

88       396       -234670

88       397       -234476

88       398       -234292

88       399       -234104

88       400       -233889

88       401       -233594

88       402       -233050

88       403       -231404

88       404       -215118

88       405       -232156

88       406       -227865

88       407       -227019

88       408       -226671

88       409       -226470

88       410       -226328

88       411       -226214

88       412       -226116

88       413       -226028

88       414       -225945

88       415       -225866

88       416       -225790

88       417       -225716

88       418       -225643

88       419       -225570

88       420       -225499

88       421       -225427

88       422       -225355

88       423       -225283

88       424       -225210

88       425       -225136

88       426       -225061

88       427       -224982

88       428       -224901

88       429       -224814

88       430       -224719

88       431       -224610

88       432       -224479

88       433       -224305

88       434       -224040

88       435       -223545

88       436       -222300

88       437       -218208

88       438       -228452

88       439       -227599

88       440       -226542

88       441       -226055

88       442       -225781

88       443       -225595

88       444       -225450

88       445       -225323

88       446       -225204

88       447       -225083

88       448       -224949

88       449       -224787

88       450       -224558

88       451       -224147

88       452       -223031

88       453       -214888

86       454       -218875

86       455       -218804

86       456       -218733

86       457       -218662

86       458       -218590

86       459       -218518

86       460       -218445

86       461       -218371

86       462       -218295

86       463       -218218

86       464       -218138

86       465       -218054

86       466       -217963

86       467       -217864

86       468       -217747

86       469       -217600

86       470       -217389

86       471       -217023

86       472       -216152

86       473       -212378

85       474       -197438

84       475       -211851

84       476       -211786

84       477       -211711

84       478       -211608

84       479       -211440

84       480       -211086

84       481       -210020

84       482       -203608

84       483       -218754

84       484       -219391

84       485       -217684

84       486       -217007

84       487       -216614

84       488       -216323

84       489       -216069

84       490       -215807

84       491       -215476

84       492       -214921

84       493       -213519

84       494       -207174

84       495       -220017

84       496       -218633

84       497       -217696

84       498       -217117

84       499       -216501

84       500       -215356

84       501       -211911

84       502       -214492

84       503       -218737

84       504       -217137

84       505       -216445

84       506       -216008

84       507       -215572

84       508       -214897

84       509       -213257

84       510       -207278

84       511       -218290

84       512       -215904

84       513       -213541

84       514       -210717

84       515       -218130

84       516       -215896

84       517       -213836

84       518       -208527

84       519       -218558

84       520       -218145

84       521       -217878

84       522       -218234

84       523       -216502

84       524       -213368

84       525       -211009

84       526       -217627

84       527       -215686

84       528       -214880

84       529       -214418

84       530       -214037

84       531       -213586

84       532       -212785

84       533       -210459

84       534       -202986

84       535       -211154

84       536       -208182

84       537       -207415

84       538       -207068

84       539       -206851

84       540       -206686

84       541       -206541

84       542       -206403

84       543       -206258

84       544       -206093

84       545       -205888

84       546       -205600

84       547       -205129

84       548       -204265

84       549       -203427

84       550       -206875

84       551       -207271

84       552       -206575

84       553       -206153

84       554       -205942

84       555       -205838

84       556       -205729

84       557       -205505

84       558       -205033

84       559       -204044

84       560       -202861

84       561       -207295

84       562       -207469

84       563       -206630

84       564       -206101

84       565       -205732

84       566       -205414

84       567       -205078

84       568       -204632

84       569       -203842

84       570       -201715

84       571       -194166

84       572       -205989

84       573       -202538

84       574       -201582

84       575       -201459

84       576       -201695

84       577       -201771

84       578       -201635

84       579       -201442

84       580       -201266

84       581       -201120

84       582       -200999

84       583       -200894

84       584       -200798

84       585       -200706

84       586       -200613

84       587       -200521

84       588       -200428

84       589       -200334

84       590       -200241

84       591       -200148

84       592       -200056

84       593       -199965

84       594       -199875

84       595       -199786

84       596       -199698

84       597       -199610

84       598       -199523

84       599       -199436

84       600       -199349

84       601       -199263

84       602       -199176

84       603       -199089

84       604       -199000

84       605       -198910

84       606       -198818

84       607       -198722

84       608       -198619

84       609       -198508

84       610       -198380

84       611       -198222

84       612       -198004

84       613       -197638

84       614       -196797

84       615       -193103

82       616       -192215

82       617       -192135

82       618       -192054

82       619       -191971

82       620       -191885

82       621       -191795

82       622       -191695

82       623       -191578

82       624       -191424

82       625       -191180

82       626       -190641

82       627       -188400

81       628       -188180

80       629       -188690

80       630       -188648

80       631       -188613

80       632       -188585

80       633       -188569

80       634       -188569

80       635       -188589

80       636       -188634

80       637       -188697

80       638       -188731

80       639       -188645

80       640       -188430

80       641       -188197

80       642       -188008

80       643       -187865

80       644       -187757

80       645       -187673

80       646       -187604

80       647       -187545

80       648       -187495

80       649       -187453

80       650       -187420

80       651       -187394

80       652       -187374

80       653       -187349

80       654       -187307

80       655       -187227

80       656       -187070

80       657       -186748

80       658       -185946

80       659       -182639

79       660       -168926

78       661       -183444

78       662       -183334

78       663       -183215

78       664       -183087

78       665       -182950

78       666       -182805

78       667       -182652

78       668       -182489

78       669       -182318

78       670       -182138

78       671       -181956

78       672       -181784

78       673       -181657

78       674       -181622

78       675       -181690

78       676       -181780

78       677       -181800

78       678       -181735

78       679       -181618

78       680       -181473

78       681       -181313

78       682       -181142

78       683       -180965

78       684       -180783

78       685       -180602

78       686       -180442

78       687       -180339

78       688       -180325

78       689       -180348

78       690       -180307

78       691       -180180

78       692       -180006

78       693       -179814

78       694       -179615

78       695       -179403

78       696       -179165

78       697       -178865

78       698       -178410

78       699       -177495

78       700       -174815

78       701       -175653

78       702       -180089

78       703       -177906

78       704       -177150

78       705       -176798

78       706       -176593

78       707       -176451

78       708       -176335

78       709       -176226

78       710       -176116

78       711       -176004

78       712       -175891

78       713       -175778

78       714       -175665

78       715       -175554

78       716       -175446

78       717       -175342

78       718       -175242

78       719       -175146

78       720       -175053

78       721       -174961

78       722       -174866

78       723       -174763

78       724       -174646

78       725       -174510

78       726       -174344

78       727       -174126

78       728       -173798

78       729       -173162

78       730       -171044

77       731       -167479

77       732       -164730

77       733       -162820

77       734       -162175

77       735       -161589

77       736       -160447

76       737       -159710

75       738       -144337

74       739       -162918

74       740       -162866

74       741       -162765

74       742       -162628

74       743       -162473

74       744       -162312

74       745       -162149

74       746       -161987

74       747       -161826

74       748       -161668

74       749       -161515

74       750       -161376

74       751       -161265

74       752       -161203

74       753       -161197

74       754       -161224

74       755       -161241

74       756       -161227

74       757       -161180

74       758       -161105

74       759       -161005

74       760       -160882

74       761       -160740

74       762       -160585

74       763       -160420

74       764       -160249

74       765       -160070

74       766       -159884

74       767       -159690

74       768       -159494

74       769       -159318

74       770       -159222

74       771       -159269

74       772       -159397

74       773       -159433

74       774       -159338

74       775       -159180

74       776       -159011

74       777       -158851

74       778       -158709

74       779       -158584

74       780       -158477

74       781       -158384

74       782       -158299

74       783       -158215

74       784       -158128

74       785       -158038

74       786       -157941

74       787       -157831

74       788       -157698

74       789       -157529

74       790       -157305

74       791       -157016

74       792       -156746

74       793       -156932

74       794       -157718

74       795       -157955

74       796       -157710

74       797       -157403

74       798       -157128

74       799       -156874

74       800       -156607

74       801       -156265

74       802       -155686

74       803       -154302

74       804       -152484

74       805       -158314

74       806       -156775

74       807       -156094

74       808       -155750

74       809       -155526

74       810       -155352

74       811       -155202

74       812       -155065

74       813       -154937

74       814       -154817

74       815       -154704

74       816       -154599

74       817       -154498

74       818       -154400

74       819       -154305

74       820       -154213

74       821       -154131

74       822       -154065

74       823       -154018

74       824       -153979

74       825       -153933

74       826       -153872

74       827       -153808

74       828       -153768

74       829       -153768

74       830       -153778

74       831       -153742

74       832       -153630

74       833       -153441

74       834       -153156

74       835       -152669

74       836       -151577

74       837       -148801

74       838       -155873

74       839       -156257

74       840       -155025

74       841       -154419

74       842       -154068

74       843       -153824

74       844       -153632

74       845       -153466

74       846       -153317

74       847       -153177

74       848       -153044

74       849       -152914

74       850       -152787

74       851       -152660

74       852       -152533

74       853       -152406

74       854       -152278

74       855       -152148

74       856       -152016

74       857       -151883

74       858       -151748

74       859       -151610

74       860       -151471

74       861       -151329

74       862       -151185

74       863       -151038

74       864       -150887

74       865       -150730

74       866       -150563

74       867       -150380

74       868       -150168

74       869       -149905

74       870       -149555

74       871       -149075

74       872       -148671

74       873       -149519

74       874       -150302

74       875       -149970

74       876       -149528

74       877       -149165

74       878       -148855

74       879       -148563

74       880       -148257

74       881       -147888

74       882       -147331

74       883       -146143

74       884       -141726

74       885       -144402

74       886       -147817

74       887       -144956

74       888       -144090

74       889       -143665

74       890       -143387

74       891       -143174

74       892       -142994

74       893       -142832

74       894       -142682

74       895       -142540

74       896       -142402

74       897       -142268

74       898       -142135

74       899       -142002

74       900       -141869

74       901       -141733

74       902       -141592

74       903       -141444

74       904       -141285

74       905       -141109

74       906       -140907

74       907       -140668

74       908       -140390

74       909       -140132

74       910       -140157

74       911       -140680

74       912       -141034

74       913       -140920

74       914       -140653

74       915       -140405

74       916       -140230

74       917       -140153

74       918       -140162

74       919       -140184

74       920       -140151

74       921       -140057

74       922       -139931

74       923       -139795

74       924       -139661

74       925       -139533

74       926       -139411

74       927       -139292

74       928       -139175

74       929       -139060

74       930       -138944

74       931       -138828

74       932       -138711

74       933       -138592

74       934       -138470

74       935       -138344

74       936       -138213

74       937       -138075

74       938       -137927

74       939       -137767

74       940       -137591

74       941       -137397

74       942       -137197

74       943       -137026

74       944       -136956

74       945       -136988

74       946       -136906

74       947       -136443

74       948       -135596

74       949       -136461

74       950       -138765

74       951       -138374

74       952       -137810

74       953       -137440

74       954       -137183

74       955       -136981

74       956       -136802

74       957       -136640

74       958       -136532

74       959       -136570

74       960       -136735

74       961       -136794

74       962       -136703

74       963       -136558

74       964       -136411

74       965       -136275

74       966       -136147

74       967       -136028

74       968       -135916

74       969       -135811

74       970       -135715

74       971       -135634

74       972       -135574

74       973       -135541

74       974       -135533

74       975       -135537

74       976       -135534

74       977       -135509

74       978       -135458

74       979       -135385

74       980       -135295

74       981       -135191

74       982       -135073

74       983       -134939

74       984       -134783

74       985       -134598

74       986       -134392

74       987       -134279

74       988       -134568

74       989       -135088

74       990       -135193

74       991       -135045

74       992       -134876

74       993       -134735

74       994       -134620

74       995       -134521

74       996       -134431

74       997       -134346

74       998       -134263

74       999       -134179

74       1000       -134095

74       1001       -134009

74       1002       -133921

74       1003       -133832

74       1004       -133742

74       1005       -133650

74       1006       -133558

74       1007       -133466

74       1008       -133374

74       1009       -133283

74       1010       -133196

74       1011       -133114

74       1012       -133042

74       1013       -132980

74       1014       -132931

74       1015       -132891

74       1016       -132852

74       1017       -132802

74       1018       -132726

74       1019       -132607

74       1020       -132413

74       1021       -132078

74       1022       -131411

74       1023       -130127

74       1024       -133134

74       1025       -133998

74       1026       -133161

74       1027       -132840

74       1028       -132664

74       1029       -132457

74       1030       -132260

74       1031       -132358

74       1032       -132798

74       1033       -132871

74       1034       -132569

74       1035       -132053

74       1036       -131086

74       1037       -129710

74       1038       -134214

74       1039       -133838

74       1040       -133091

74       1041       -132632

74       1042       -132280

74       1043       -131938

74       1044       -131565

74       1045       -131244

74       1046       -131458

74       1047       -132373

74       1048       -132733

74       1049       -132547

74       1050       -132222

74       1051       -131847

74       1052       -131527

74       1053       -131692

74       1054       -132327

74       1055       -132420

74       1056       -132216

74       1057       -132103

74       1058       -132109

74       1059       -132109

74       1060       -132049

74       1061       -131961

74       1062       -131867

74       1063       -131769

74       1064       -131661

74       1065       -131544

74       1066       -131423

74       1067       -131304

74       1068       -131193

74       1069       -131090

74       1070       -130995

74       1071       -130907

74       1072       -130831

74       1073       -130784

74       1074       -130806

74       1075       -130916

74       1076       -131053

74       1077       -131105

74       1078       -131030

74       1079       -130858

74       1080       -130658

74       1081       -130573

74       1082       -130745

74       1083       -130873

74       1084       -130754

74       1085       -130552

74       1086       -130366

74       1087       -130221

74       1088       -130124

74       1089       -130068

74       1090       -130037

74       1091       -130007

74       1092       -129954

74       1093       -129863

74       1094       -129734

74       1095       -129575

74       1096       -129392

74       1097       -129195

74       1098       -129014

74       1099       -128945

74       1100       -129094

74       1101       -129324

74       1102       -129380

74       1103       -129297

74       1104       -129244

74       1105       -129267

74       1106       -129239

74       1107       -129072

74       1108       -128756

74       1109       -128226

74       1110       -127534

74       1111       -128614

74       1112       -129994

74       1113       -129623

74       1114       -129301

74       1115       -128882

74       1116       -127866

74       1117       -126734

74       1118       -132179

74       1119       -131154

74       1120       -130091

74       1121       -128917

74       1122       -128223

74       1123       -131592

74       1124       -131238

74       1125       -130450

74       1126       -129974

74       1127       -129687

74       1128       -129568

74       1129       -129637

74       1130       -129779

74       1131       -129800

74       1132       -129693

74       1133       -129536

74       1134       -129374

74       1135       -129224

74       1136       -129091

74       1137       -128985

74       1138       -128916

74       1139       -128893

74       1140       -128906

74       1141       -128930

74       1142       -128938

74       1143       -128921

74       1144       -128877

74       1145       -128809

74       1146       -128725

74       1147       -128636

74       1148       -128558

74       1149       -128492

74       1150       -128426

74       1151       -128345

74       1152       -128245

74       1153       -128122

74       1154       -127978

74       1155       -127959

74       1156       -128405

74       1157       -128765

74       1158       -128217

74       1159       -125349

74       1160       -125423

74       1161       -128305

74       1162       -125880

74       1163       -125194

74       1164       -124858

74       1165       -124622

74       1166       -124413

74       1167       -124201

74       1168       -123958

74       1169       -123631

74       1170       -123060

74       1171       -121665

74       1172       -120488

74       1173       -125363

74       1174       -123679

74       1175       -123025

74       1176       -122726

74       1177       -122562

74       1178       -122469

74       1179       -122439

74       1180       -122505

74       1181       -122665

74       1182       -122754

74       1183       -122663

74       1184       -122461

74       1185       -122205

74       1186       -121875

74       1187       -121315

73       1188       -136179

73       1189       -139139

74       1190       -126564

74       1191       -125481

74       1192       -124477

74       1193       -124009

74       1194       -123739

74       1195       -123597

74       1196       -123600

74       1197       -123679

74       1198       -123678

74       1199       -123562

74       1200       -123382

74       1201       -123179

74       1202       -123017

74       1203       -123140

74       1204       -123624

74       1205       -123815

74       1206       -123736

74       1207       -123608

74       1208       -123463

74       1209       -123291

74       1210       -123118

74       1211       -123038

74       1212       -123152

74       1213       -123420

74       1214       -123634

74       1215       -123609

74       1216       -123469

74       1217       -123443

74       1218       -123558

74       1219       -123588

74       1220       -123474

74       1221       -123311

74       1222       -123160

74       1223       -123043

74       1224       -122970

74       1225       -122937

74       1226       -122929

74       1227       -122929

74       1228       -122941

74       1229       -122976

74       1230       -123018

74       1231       -123034

74       1232       -123005

74       1233       -122937

74       1234       -122849

74       1235       -122770

74       1236       -122746

74       1237       -122830

74       1238       -123017

74       1239       -123198

74       1240       -123277

74       1241       -123266

74       1242       -123218

74       1243       -123175

74       1244       -123188

74       1245       -123294

74       1246       -123400

74       1247       -123390

74       1248       -123297

74       1249       -123186

74       1250       -123086

74       1251       -123001

74       1252       -122933

74       1253       -122876

74       1254       -122824

74       1255       -122772

74       1256       -122719

74       1257       -122662

74       1258       -122601

74       1259       -122536

73       1260       -132679

73       1261       -132565

73       1262       -132448

73       1263       -132326

73       1264       -132198

73       1265       -132060

73       1266       -131908

73       1267       -131729

73       1268       -131499

73       1269       -131175

73       1270       -130682

73       1271       -130004

73       1272       -130095

73       1273       -132282

73       1274       -132728

73       1275       -132258

73       1276       -131951

73       1277       -132021

73       1278       -132272

73       1279       -132324

73       1280       -132194

72       1281       -142075

71       1282       -155730

71       1283       -156079

71       1284       -156451

71       1285       -156837

71       1286       -157233

70       1287       -166970

70       1288       -167283

70       1289       -167522

70       1290       -167632

70       1291       -167483

70       1292       -166655

70       1293       -163264

70       1294       -167859

70       1295       -171484

70       1296       -169447

70       1297       -168764

70       1298       -168730

70       1299       -169190

70       1300       -169495

70       1301       -169440

70       1302       -169258

70       1303       -169063

70       1304       -168872

70       1305       -168683

70       1306       -168492

70       1307       -168299

70       1308       -168108

70       1309       -167919

70       1310       -167729

70       1311       -167529

70       1312       -167307

70       1313       -167061

70       1314       -166794

70       1315       -166521

70       1316       -166263

70       1317       -166057

70       1318       -165928

70       1319       -165850

70       1320       -165746

70       1321       -165576

70       1322       -165370

70       1323       -165178

70       1324       -165014

70       1325       -164837

70       1326       -164612

70       1327       -164344

70       1328       -164058

70       1329       -163772

70       1330       -163493

70       1331       -163221

70       1332       -162956

70       1333       -162697

70       1334       -162440

70       1335       -162184

70       1336       -161928

70       1337       -161671

70       1338       -161411

70       1339       -161139

70       1340       -160837

70       1341       -160454

70       1342       -159828

70       1343       -158197

70       1344       -147174

70       1345       -166857

70       1346       -162744

70       1347       -161678

70       1348       -161159

70       1349       -160800

70       1350       -160493

70       1351       -160187

70       1352       -159826

70       1353       -159293

70       1354       -158204

70       1355       -155546

70       1356       -162280

70       1357       -161869

70       1358       -160902

70       1359       -160401

70       1360       -160087

70       1361       -159852

70       1362       -159653

70       1363       -159473

70       1364       -159302

70       1365       -159137

70       1366       -158974

70       1367       -158814

70       1368       -158655

70       1369       -158496

70       1370       -158338

70       1371       -158179

70       1372       -158017

70       1373       -157853

70       1374       -157682

70       1375       -157501

70       1376       -157305

70       1377       -157086

69       1378       -163427

69       1379       -163090

69       1380       -162641

69       1381       -161989

69       1382       -160995

69       1383       -159938

69       1384       -161658

69       1385       -165599

69       1386       -165045

69       1387       -164108

69       1388       -163472

69       1389       -163038

69       1390       -162716

69       1391       -162458

69       1392       -162239

69       1393       -162044

69       1394       -161866

69       1395       -161699

69       1396       -161541

69       1397       -161389

69       1398       -161243

69       1399       -161100

69       1400       -160962

69       1401       -160827

69       1402       -160695

69       1403       -160566

69       1404       -160440

69       1405       -160316

69       1406       -160195

69       1407       -160076

69       1408       -159960

69       1409       -159845

69       1410       -159733

69       1411       -159622

69       1412       -159512

69       1413       -159404

69       1414       -159297

69       1415       -159191

69       1416       -159085

69       1417       -158981

69       1418       -158877

69       1419       -158774

69       1420       -158671

69       1421       -158569

69       1422       -158468

69       1423       -158367

69       1424       -158267

69       1425       -158167

69       1426       -158069

69       1427       -157970

69       1428       -157872

69       1429       -157775

69       1430       -157677

69       1431       -157580

69       1432       -157483

69       1433       -157386

69       1434       -157287

68       1435       -161824

68       1436       -161719

68       1437       -161611

68       1438       -161497

68       1439       -161372

68       1440       -161229

68       1441       -161050

68       1442       -160793

68       1443       -160345

68       1444       -159414

68       1445       -159295

68       1446       -162522

68       1447       -161681

68       1448       -161121

68       1449       -160816

68       1450       -160616

68       1451       -160463

68       1452       -160333

68       1453       -160213

68       1454       -160099

68       1455       -159985

68       1456       -159869

68       1457       -159747

68       1458       -159617

68       1459       -159474

68       1460       -159313

68       1461       -159127

68       1462       -158897

68       1463       -158539

68       1464       -157592

68       1465       -151720

67       1466       -150638

66       1467       -152050

66       1468       -151969

66       1469       -151868

66       1470       -151761

66       1471       -151656

66       1472       -151553

66       1473       -151454

66       1474       -151357

66       1475       -151263

66       1476       -151170

66       1477       -151078

66       1478       -150987

66       1479       -150896

66       1480       -150806

66       1481       -150716

66       1482       -150626

66       1483       -150536

66       1484       -150446

66       1485       -150357

66       1486       -150267

66       1487       -150178

66       1488       -150089

66       1489       -150002

66       1490       -149918

66       1491       -149836

66       1492       -149759

66       1493       -149687

66       1494       -149620

66       1495       -149557

66       1496       -149495

66       1497       -149432

66       1498       -149366

66       1499       -149296

66       1500       -149221

66       1501       -149143

66       1502       -149064

66       1503       -148983

66       1504       -148901

66       1505       -148820

66       1506       -148739

66       1507       -148658

66       1508       -148577

66       1509       -148497

66       1510       -148417

66       1511       -148338

66       1512       -148259

66       1513       -148180

66       1514       -148102

66       1515       -148024

66       1516       -147948

66       1517       -147871

66       1518       -147796

66       1519       -147721

66       1520       -147646

66       1521       -147572

66       1522       -147497

66       1523       -147422

66       1524       -147346

66       1525       -147270

66       1526       -147192

66       1527       -147113

66       1528       -147033

66       1529       -146953

66       1530       -146874

66       1531       -146796

66       1532       -146720

66       1533       -146647

66       1534       -146579

66       1535       -146515

66       1536       -146455

66       1537       -146398

66       1538       -146341

66       1539       -146285

66       1540       -146226

66       1541       -146164

66       1542       -146100

66       1543       -146034

66       1544       -145969

66       1545       -145904

66       1546       -145843

66       1547       -145785

66       1548       -145730

66       1549       -145675

66       1550       -145616

66       1551       -145550

66       1552       -145476

66       1553       -145394

66       1554       -145303

66       1555       -145205

66       1556       -145099

66       1557       -144986

66       1558       -144863

66       1559       -144727

66       1560       -144572

66       1561       -144390

66       1562       -144169

66       1563       -143915

66       1564       -143728

66       1565       -143953

66       1566       -144602

66       1567       -144850

66       1568       -144685

66       1569       -144432

66       1570       -144194

66       1571       -143983

66       1572       -143815

66       1573       -143785

66       1574       -144031

66       1575       -144338

66       1576       -144382

66       1577       -144255

66       1578       -144094

66       1579       -143944

66       1580       -143811

66       1581       -143692

66       1582       -143585

66       1583       -143486

66       1584       -143391

66       1585       -143300

66       1586       -143207

66       1587       -143110

66       1588       -143006

66       1589       -142889

66       1590       -142749

66       1591       -142568

66       1592       -142303

66       1593       -141829

66       1594       -140643

66       1595       -134800

65       1596       -123215

64       1597       -132172

64       1598       -132092

64       1599       -131996

64       1600       -131893

64       1601       -131793

64       1602       -131706

64       1603       -131638

64       1604       -131589

64       1605       -131548

64       1606       -131501

64       1607       -131442

64       1608       -131373

64       1609       -131300

64       1610       -131231

64       1611       -131170

64       1612       -131121

64       1613       -131083

64       1614       -131056

64       1615       -131036

64       1616       -131017

64       1617       -130992

64       1618       -130953

64       1619       -130891

64       1620       -130806

64       1621       -130699

64       1622       -130574

64       1623       -130438

64       1624       -130296

64       1625       -130150

64       1626       -130005

64       1627       -129862

64       1628       -129723

64       1629       -129588

64       1630       -129459

64       1631       -129335

64       1632       -129217

64       1633       -129106

64       1634       -129000

64       1635       -128900

64       1636       -128805

64       1637       -128713

64       1638       -128624

64       1639       -128536

64       1640       -128445

64       1641       -128349

64       1642       -128248

64       1643       -128140

64       1644       -128026

64       1645       -127907

64       1646       -127785

64       1647       -127661

64       1648       -127536

64       1649       -127411

64       1650       -127286

64       1651       -127162

64       1652       -127038

64       1653       -126915

64       1654       -126793

63       1655       -128604

63       1656       -128482

63       1657       -128360

63       1658       -128240

63       1659       -128121

63       1660       -128004

63       1661       -127889

63       1662       -127775

63       1663       -127665

63       1664       -127556

63       1665       -127450

63       1666       -127347

63       1667       -127246

63       1668       -127147

63       1669       -127051

63       1670       -126955

63       1671       -126861

63       1672       -126767

63       1673       -126673

63       1674       -126579

63       1675       -126484

63       1676       -126389

63       1677       -126294

63       1678       -126199

63       1679       -126104

63       1680       -126009

63       1681       -125915

63       1682       -125821

63       1683       -125729

63       1684       -125637

63       1685       -125546

63       1686       -125457

63       1687       -125369

63       1688       -125282

63       1689       -125197

63       1690       -125114

63       1691       -125032

63       1692       -124952

63       1693       -124874

63       1694       -124798

63       1695       -124723

63       1696       -124650

63       1697       -124577

63       1698       -124506

63       1699       -124434

63       1700       -124363

63       1701       -124292

63       1702       -124221

63       1703       -124149

63       1704       -124077

63       1705       -124004

63       1706       -123930

63       1707       -123856

63       1708       -123781

63       1709       -123704

63       1710       -123626

63       1711       -123545

63       1712       -123460

63       1713       -123369

63       1714       -123266

63       1715       -123144

63       1716       -122988

63       1717       -122765

63       1718       -122413

63       1719       -121910

63       1720       -122192

63       1721       -123968

63       1722       -123927

63       1723       -123516

63       1724       -123234

63       1725       -123049

63       1726       -122915

63       1727       -122810

63       1728       -122722

63       1729       -122644

63       1730       -122572

63       1731       -122505

63       1732       -122441

63       1733       -122379

63       1734       -122318

63       1735       -122258

63       1736       -122198

63       1737       -122136

63       1738       -122073

62       1739       -123742

62       1740       -123670

62       1741       -123590

62       1742       -123497

62       1743       -123381

62       1744       -123219

62       1745       -122955

62       1746       -122401

62       1747       -120522

61       1748       -107971

62       1749       -107834

61       1750       -111572

61       1751       -111045

60       1752       -116384

59       1753       -118728

59       1754       -118678

59       1755       -118627

59       1756       -118577

59       1757       -118527

59       1758       -118478

59       1759       -118428

59       1760       -118380

59       1761       -118332

59       1762       -118284

59       1763       -118237

59       1764       -118191

59       1765       -118146

59       1766       -118102

59       1767       -118059

59       1768       -118017

59       1769       -117976

59       1770       -117936

59       1771       -117897

59       1772       -117859

59       1773       -117822

59       1774       -117785

59       1775       -117748

59       1776       -117711

59       1777       -117673

59       1778       -117635

59       1779       -117596

59       1780       -117555

59       1781       -117514

59       1782       -117472

59       1783       -117428

59       1784       -117384

59       1785       -117339

59       1786       -117294

59       1787       -117247

59       1788       -117200

59       1789       -117152

59       1790       -117103

59       1791       -117053

59       1792       -117002

59       1793       -116949

59       1794       -116894

59       1795       -116836

59       1796       -116774

59       1797       -116707

59       1798       -116630

59       1799       -116538

59       1800       -116418

59       1801       -116240

59       1802       -115909

59       1803       -115006

59       1804       -108795

57       1805       -110916

57       1806       -110897

57       1807       -110896

57       1808       -110912

57       1809       -110936

57       1810       -110946

57       1811       -110915

57       1812       -110836

57       1813       -110732

57       1814       -110630

57       1815       -110542

57       1816       -110470

57       1817       -110410

57       1818       -110359

57       1819       -110314

57       1820       -110275

57       1821       -110242

57       1822       -110218

57       1823       -110206

57       1824       -110205

57       1825       -110209

57       1826       -110210

57       1827       -110199

57       1828       -110171

57       1829       -110129

57       1830       -110077

57       1831       -110018

57       1832       -109954

57       1833       -109888

57       1834       -109816

57       1835       -109739

57       1836       -109653

57       1837       -109555

57       1838       -109447

57       1839       -109329

57       1840       -109203

57       1841       -109074

57       1842       -108943

57       1843       -108811

57       1844       -108680

57       1845       -108551

57       1846       -108424

57       1847       -108298

57       1848       -108174

57       1849       -108053

57       1850       -107934

57       1851       -107817

57       1852       -107701

57       1853       -107588

57       1854       -107476

57       1855       -107366

57       1856       -107258

57       1857       -107150

57       1858       -107043

57       1859       -106937

57       1860       -106830

57       1861       -106723

57       1862       -106614

57       1863       -106504

57       1864       -106391

57       1865       -106279

57       1866       -106173

57       1867       -106083

57       1868       -106032

57       1869       -106033

57       1870       -106072

57       1871       -106100

57       1872       -106080

57       1873       -106015

57       1874       -105925

57       1875       -105826

57       1876       -105727

57       1877       -105631

57       1878       -105538

57       1879       -105449

57       1880       -105362

57       1881       -105278

57       1882       -105195

57       1883       -105113

57       1884       -105032

57       1885       -104950

57       1886       -104867

57       1887       -104781

57       1888       -104690

57       1889       -104592

57       1890       -104479

57       1891       -104341

57       1892       -104152

57       1893       -103842

57       1894       -103174

57       1895       -100758

57       1896       -66731.2

55       1897       -96825.9

55       1898       -96785.9

55       1899       -96746.9

55       1900       -96708.9

55       1901       -96671.8

55       1902       -96635.5

55       1903       -96599.8

55       1904       -96564.5

55       1905       -96529.4

55       1906       -96494.3

55       1907       -96458.7

55       1908       -96422.3

55       1909       -96384.6

55       1910       -96344.9

55       1911       -96302.4

55       1912       -96256.3

55       1913       -96205.3

55       1914       -96148

55       1915       -96083.3

55       1916       -96009.6

55       1917       -95926.2

55       1918       -95833

55       1919       -95730.9

55       1920       -95621.7

55       1921       -95507.8

55       1922       -95391.8

55       1923       -95275.6

55       1924       -95160.5

55       1925       -95047.3

55       1926       -94936.4

55       1927       -94828.4

55       1928       -94723.9

55       1929       -94623.3

55       1930       -94527.1

55       1931       -94435.1

55       1932       -94347

55       1933       -94262.2

55       1934       -94179.8

55       1935       -94099.1

55       1936       -94019.4

55       1937       -93940.4

55       1938       -93862.1

55       1939       -93784.4

55       1940       -93707.4

55       1941       -93631.3

55       1942       -93556.1

55       1943       -93482

55       1944       -93409

55       1945       -93337.1

55       1946       -93266.3

55       1947       -93196.4

55       1948       -93127.5

55       1949       -93059.5

55       1950       -92992.2

55       1951       -92925.7

55       1952       -92859.7

55       1953       -92794.4

55       1954       -92729.5

55       1955       -92665

55       1956       -92600.9

55       1957       -92537.1

55       1958       -92473.5

55       1959       -92410.2

55       1960       -92346.9

55       1961       -92283.7

55       1962       -92220.5

55       1963       -92157.2

55       1964       -92093.6

55       1965       -92029.7

55       1966       -91965.4

55       1967       -91900.6

55       1968       -91835.3

55       1969       -91769.3

55       1970       -91702.6

55       1971       -91635.3

55       1972       -91567.4

55       1973       -91498.8

55       1974       -91429.7

55       1975       -91360

55       1976       -91289.9

55       1977       -91219.4

55       1978       -91148.5

55       1979       -91077.4

55       1980       -91006.1

55       1981       -90934.7

55       1982       -90863.4

55       1983       -90792.4

55       1984       -90722

55       1985       -90652.4

55       1986       -90584.2

55       1987       -90517.7

55       1988       -90453.4

55       1989       -90391.5

55       1990       -90331.8

55       1991       -90273.7

55       1992       -90216.1

55       1993       -90157.3

55       1994       -90095.7

55       1995       -90030.2

55       1996       -89960.3

55       1997       -89886.7

55       1998       -89811.9

55       1999       -89741.2

55       2000       -89684.3

55       2001       -89652.8

55       2002       -89651.2

55       2003       -89664.6

55       2004       -89665.4

55       2005       -89637.3

55       2006       -89583.4

55       2007       -89514.4

55       2008       -89439.5

55       2009       -89363.8

55       2010       -89289.8

55       2011       -89218.3

55       2012       -89149.5

55       2013       -89083.2

55       2014       -89019.6

55       2015       -88958.4

55       2016       -88899.7

55       2017       -88843.5

55       2018       -88789.8

55       2019       -88738.7

55       2020       -88689.9

55       2021       -88643.2

55       2022       -88598

55       2023       -88553.8

55       2024       -88509.9

55       2025       -88465.8

55       2026       -88421

55       2027       -88375.1

55       2028       -88328.2

55       2029       -88280.1

55       2030       -88231

55       2031       -88181.2

55       2032       -88130.9

55       2033       -88080.2

55       2034       -88029.3

55       2035       -87978.4

55       2036       -87927.6

55       2037       -87877

55       2038       -87826.6

55       2039       -87776.4

55       2040       -87726.5

55       2041       -87676.9

55       2042       -87627.6

55       2043       -87578.6

55       2044       -87530

55       2045       -87481.6

55       2046       -87433.5

55       2047       -87385.7

55       2048       -87338.2

55       2049       -87290.9

55       2050       -87243.9

55       2051       -87197.1

55       2052       -87150.5

55       2053       -87104.2

55       2054       -87058

55       2055       -87012.1

55       2056       -86966.3

55       2057       -86920.7

55       2058       -86875.3

55       2059       -86830

55       2060       -86784.8

55       2061       -86739.8

55       2062       -86694.9

55       2063       -86650

55       2064       -86605.3

55       2065       -86560.6

55       2066       -86516

55       2067       -86471.4

55       2068       -86426.8

55       2069       -86382.3

55       2070       -86337.7

55       2071       -86293.1

55       2072       -86248.5

55       2073       -86203.9

55       2074       -86159.2

55       2075       -86114.5

55       2076       -86069.9

55       2077       -86025.4

55       2078       -85981

55       2079       -85937.1

55       2080       -85893.8

55       2081       -85851.5

55       2082       -85810.5

55       2083       -85771.3

55       2084       -85734.5

55       2085       -85700.5

55       2086       -85669.5

55       2087       -85641.3

55       2088       -85615.3

55       2089       -85590.7

55       2090       -85566.1

55       2091       -85540.3

55       2092       -85512.4

55       2093       -85481.7

55       2094       -85448.3

55       2095       -85412.4

55       2096       -85374.3

55       2097       -85334.6

55       2098       -85293.7

55       2099       -85252

55       2100       -85209.7

55       2101       -85167.2

55       2102       -85124.6

55       2103       -85082.1

55       2104       -85039.8

55       2105       -84997.7

55       2106       -84956.1

55       2107       -84915.2

55       2108       -84875

55       2109       -84836

55       2110       -84798.4

55       2111       -84762.4

55       2112       -84728.4

55       2113       -84696.4

55       2114       -84666.5

55       2115       -84638.2

55       2116       -84610.9

55       2117       -84583.9

55       2118       -84556.4

55       2119       -84527.6

55       2120       -84497.1

55       2121       -84464.6

55       2122       -84430.2

55       2123       -84394.1

55       2124       -84356.4

55       2125       -84317.3

55       2126       -84277.2

55       2127       -84236

55       2128       -84193.9

55       2129       -84150.9

55       2130       -84106.8

55       2131       -84061.7

55       2132       -84015.4

55       2133       -83968.1

55       2134       -83920.1

55       2135       -83872.3

55       2136       -83826.9

55       2137       -83787.2

55       2138       -83758.3

55       2139       -83745.3

55       2140       -83749

55       2141       -83762

55       2142       -83769.2

55       2143       -83755.4

55       2144       -83711

55       2145       -83629.1

55       2146       -83495.6

55       2147       -83267.2

55       2148       -82807.4

55       2149       -81661.5

55       2150       -80582.1

55       2151       -85652.4

55       2152       -84419.4

55       2153       -83801.7

55       2154       -83514.9

55       2155       -83353.3

55       2156       -83247

55       2157       -83168.4

55       2158       -83105.5

55       2159       -83052.1

55       2160       -83004.8

55       2161       -82961.7

55       2162       -82921.4

55       2163       -82883.3

55       2164       -82846.8

55       2165       -82811.4

55       2166       -82776.9

55       2167       -82743

55       2168       -82709.5

55       2169       -82676.3

55       2170       -82643.2

55       2171       -82610

55       2172       -82576.7

55       2173       -82542.9

55       2174       -82508.6

55       2175       -82473.3

55       2176       -82436.8

55       2177       -82398.5

55       2178       -82357.6

55       2179       -82313

55       2180       -82262.9

55       2181       -82204.3

55       2182       -82131.8

55       2183       -82035.4

55       2184       -81894.2

55       2185       -81659.5

55       2186       -81201.4

55       2187       -80156.8

55       2188       -78924.6

55       2189       -84149.4

55       2190       -83679.6

55       2191       -82995.8

55       2192       -82648.6

55       2193       -82455.3

55       2194       -82332.6

55       2195       -82245.6

55       2196       -82178.3

55       2197       -82122.8

55       2198       -82074.7

55       2199       -82031.3

55       2200       -81991.3

55       2201       -81953.6

55       2202       -81917.7

55       2203       -81883.3

55       2204       -81850.6

55       2205       -81819.9

55       2206       -81791.9

55       2207       -81767.6

55       2208       -81747.8

55       2209       -81733.2

55       2210       -81723.6

55       2211       -81717.4

55       2212       -81711.9

55       2213       -81704.3

55       2214       -81692.8

55       2215       -81676.8

55       2216       -81656.7

55       2217       -81633.5

55       2218       -81608.4

55       2219       -81582.2

55       2220       -81555.5

55       2221       -81528.8

55       2222       -81502.4

55       2223       -81476.3

55       2224       -81450.6

55       2225       -81425.5

55       2226       -81400.7

55       2227       -81376.5

55       2228       -81352.6

55       2229       -81329.1

55       2230       -81306

55       2231       -81283.1

55       2232       -81260.6

55       2233       -81238.3

55       2234       -81216.3

55       2235       -81194.5

55       2236       -81172.8

55       2237       -81151.3

55       2238       -81129.9

55       2239       -81108.6

55       2240       -81087.5

55       2241       -81066.3

55       2242       -81045.3

55       2243       -81024.3

55       2244       -81003.3

55       2245       -80982.3

55       2246       -80961.4

55       2247       -80940.5

55       2248       -80919.6

55       2249       -80898.8

55       2250       -80878

55       2251       -80857.1

55       2252       -80836.4

55       2253       -80815.6

55       2254       -80794.9

55       2255       -80774.2

55       2256       -80753.6

55       2257       -80733

55       2258       -80712.5

55       2259       -80692

55       2260       -80671.6

55       2261       -80651.3

55       2262       -80631

55       2263       -80610.7

55       2264       -80590.6

55       2265       -80570.5

55       2266       -80550.4

55       2267       -80530.5

55       2268       -80510.6

55       2269       -80490.8

55       2270       -80471

55       2271       -80451.4

55       2272       -80431.8

55       2273       -80412.2

55       2274       -80392.8

55       2275       -80373.4

55       2276       -80354.1

55       2277       -80334.8

55       2278       -80315.7

55       2279       -80296.6

55       2280       -80277.5

55       2281       -80258.6

55       2282       -80239.7

55       2283       -80220.9

55       2284       -80202.1

55       2285       -80183.5

55       2286       -80164.9

55       2287       -80146.3

55       2288       -80127.9

55       2289       -80109.5

55       2290       -80091.1

55       2291       -80072.9

55       2292       -80054.7

55       2293       -80036.6

55       2294       -80018.6

55       2295       -80000.6

55       2296       -79982.7

55       2297       -79964.9

55       2298       -79947.1

55       2299       -79929.5

55       2300       -79911.9

55       2301       -79894.3

55       2302       -79876.8

55       2303       -79859.4

55       2304       -79842

55       2305       -79824.7

55       2306       -79807.4

55       2307       -79790.2

55       2308       -79773

55       2309       -79755.9

55       2310       -79738.7

55       2311       -79721.6

55       2312       -79704.4

55       2313       -79687.3

55       2314       -79670.1

55       2315       -79652.9

55       2316       -79635.7

55       2317       -79618.3

55       2318       -79601

55       2319       -79583.5

55       2320       -79565.9

55       2321       -79548.2

55       2322       -79530.4

55       2323       -79512.4

55       2324       -79494.2

55       2325       -79475.9

55       2326       -79457.3

55       2327       -79438.6

55       2328       -79419.6

55       2329       -79400.4

55       2330       -79380.9

55       2331       -79361.1

55       2332       -79341

55       2333       -79320.6

55       2334       -79299.8

55       2335       -79278.7

55       2336       -79257.2

55       2337       -79235.3

55       2338       -79213.1

55       2339       -79190.5

55       2340       -79167.7

55       2341       -79144.6

55       2342       -79121.5

55       2343       -79098.4

55       2344       -79075.7

55       2345       -79053.6

55       2346       -79032.5

55       2347       -79012.6

55       2348       -78994.1

55       2349       -78977.2

55       2350       -78961.2

55       2351       -78945.4

55       2352       -78928.4

55       2353       -78908.1

55       2354       -78882.2

55       2355       -78847.6

55       2356       -78800

55       2357       -78732.5

55       2358       -78631.9

55       2359       -78469.1

55       2360       -78171.4

55       2361       -77526.1

55       2362       -75951.8

55       2363       -76991.3

55       2364       -80737

55       2365       -79572.6

55       2366       -78982

55       2367       -78692.3

55       2368       -78522.8

55       2369       -78406.7

55       2370       -78316.1

55       2371       -78237.9

55       2372       -78165.8

55       2373       -78098

55       2374       -78038.6

55       2375       -78000.8

55       2376       -78007.6

55       2377       -78074.8

55       2378       -78177.5

55       2379       -78257

55       2380       -78281.1

55       2381       -78260.6

55       2382       -78217.9

55       2383       -78168.1

55       2384       -78118.3

55       2385       -78070.5

55       2386       -78024.9

55       2387       -77980.6

55       2388       -77936.4

55       2389       -77890.8

55       2390       -77841.7

55       2391       -77786.2

55       2392       -77719.6

55       2393       -77633.8

55       2394       -77514.4

55       2395       -77333

55       2396       -77037.4

55       2397       -76582.7

55       2398       -76444.5

55       2399       -78122.1

55       2400       -78855.3

55       2401       -78558.9

55       2402       -78263.8

55       2403       -78072.2

55       2404       -77947.2

55       2405       -77860.5

55       2406       -77796.3

55       2407       -77746

55       2408       -77704.5

55       2409       -77669.1

55       2410       -77637.8

55       2411       -77609.5

55       2412       -77583.5

55       2413       -77559.1

55       2414       -77536.1

55       2415       -77514

55       2416       -77492.8

55       2417       -77472.3

55       2418       -77452.4

55       2419       -77432.9

55       2420       -77413.8

55       2421       -77395

55       2422       -77376.6

55       2423       -77358.4

55       2424       -77340.5

55       2425       -77322.7

55       2426       -77305.1

55       2427       -77287.7

55       2428       -77270.4

55       2429       -77253.3

55       2430       -77236.2

55       2431       -77219.3

55       2432       -77202.5

55       2433       -77185.7

55       2434       -77169.1

55       2435       -77152.5

55       2436       -77136

55       2437       -77119.5

55       2438       -77103.1

55       2439       -77086.7

55       2440       -77070.4

55       2441       -77054.1

55       2442       -77037.8

55       2443       -77021.5

55       2444       -77005.3

55       2445       -76989.1

55       2446       -76972.9

55       2447       -76956.7

55       2448       -76940.5

55       2449       -76924.3

55       2450       -76908.2

55       2451       -76892.1

55       2452       -76876

55       2453       -76860.1

55       2454       -76844.2

55       2455       -76828.6

55       2456       -76813.2

55       2457       -76798.2

55       2458       -76783.6

55       2459       -76769.5

55       2460       -76756.1

55       2461       -76743.5

55       2462       -76731.6

55       2463       -76720.7

55       2464       -76710.4

55       2465       -76700.8

55       2466       -76691.6

55       2467       -76682.4

55       2468       -76673.1

55       2469       -76663.3

55       2470       -76652.9

55       2471       -76641.8

55       2472       -76629.9

55       2473       -76617.3

55       2474       -76604.1

55       2475       -76590.4

55       2476       -76576.2

55       2477       -76561.7

55       2478       -76547.1

55       2479       -76532.2

55       2480       -76517.3

55       2481       -76502.4

55       2482       -76487.5

55       2483       -76472.6

55       2484       -76457.7

55       2485       -76442.9

55       2486       -76428.1

55       2487       -76413.4

55       2488       -76398.8

55       2489       -76384.2

55       2490       -76369.7

55       2491       -76355.2

55       2492       -76340.7

55       2493       -76326.3

55       2494       -76312

55       2495       -76297.6

55       2496       -76283.3

55       2497       -76268.9

55       2498       -76254.6

55       2499       -76240.2

55       2500       -76225.8

55       2501       -76211.4

55       2502       -76197

55       2503       -76182.4

55       2504       -76167.8

55       2505       -76153

55       2506       -76138.1

55       2507       -76123

55       2508       -76107.7

55       2509       -76092.1

55       2510       -76076.1

55       2511       -76059.7

55       2512       -76042.8

55       2513       -76025.1

55       2514       -76006.4

55       2515       -75986.6

55       2516       -75965.1

55       2517       -75941.3

55       2518       -75914.3

55       2519       -75882.7

55       2520       -75844

55       2521       -75794.2

55       2522       -75725.3

55       2523       -75621.2

55       2524       -75443.7

55       2525       -75084.1

55       2526       -74128.9

55       2527       -70184.8

55       2528       -76250.6

55       2529       -78499.2

55       2530       -76513

55       2531       -75895

55       2532       -75630.7

55       2533       -75490.2

55       2534       -75403.6

55       2535       -75344.2

55       2536       -75300.2

55       2537       -75265.5

55       2538       -75236.7

55       2539       -75212

55       2540       -75190.1

55       2541       -75170.2

55       2542       -75151.8

55       2543       -75134.6

55       2544       -75118.2

55       2545       -75102.5

55       2546       -75087.4

55       2547       -75072.8

55       2548       -75058.5

55       2549       -75044.6

55       2550       -75030.9

55       2551       -75017.5

55       2552       -75004.3

55       2553       -74991.4

55       2554       -74978.7

55       2555       -74966.2

55       2556       -74954.1

55       2557       -74942.3

55       2558       -74930.9

55       2559       -74919.8

55       2560       -74909.2

55       2561       -74899.1

55       2562       -74889.5

55       2563       -74880.3

55       2564       -74871.5

55       2565       -74863.1

55       2566       -74855

55       2567       -74847.1

55       2568       -74839.2

55       2569       -74831.3

55       2570       -74823.1

55       2571       -74814.7

55       2572       -74805.9

55       2573       -74796.7

55       2574       -74787

55       2575       -74776.9

55       2576       -74766.4

55       2577       -74755.5

55       2578       -74744.2

55       2579       -74732.7

55       2580       -74720.9

55       2581       -74709

55       2582       -74696.8

55       2583       -74684.6

55       2584       -74672.2

55       2585       -74659.8

55       2586       -74647.4

55       2587       -74634.9

55       2588       -74622.3

55       2589       -74609.8

55       2590       -74597.2

55       2591       -74584.6

55       2592       -74572

55       2593       -74559.3

55       2594       -74546.7

55       2595       -74534

55       2596       -74521.2

55       2597       -74508.4

55       2598       -74495.5

55       2599       -74482.5

55       2600       -74469.5

55       2601       -74456.3

55       2602       -74443

55       2603       -74429.6

55       2604       -74416

55       2605       -74402.3

55       2606       -74388.4

55       2607       -74374.3

55       2608       -74360

55       2609       -74345.6

55       2610       -74331

55       2611       -74316.3

55       2612       -74301.6

55       2613       -74287

55       2614       -74272.7

55       2615       -74258.8

55       2616       -74245.6

55       2617       -74233.5

55       2618       -74222.7

55       2619       -74213.7

55       2620       -74206.5

55       2621       -74201.4

55       2622       -74198.2

55       2623       -74196.4

55       2624       -74195.4

55       2625       -74194.3

55       2626       -74192.4

55       2627       -74189

55       2628       -74183.9

55       2629       -74176.9

55       2630       -74168.3

55       2631       -74158.6

55       2632       -74148.4

55       2633       -74138.4

55       2634       -74129.2

55       2635       -74121.5

55       2636       -74115.8

55       2637       -74112.4

55       2638       -74111.3

55       2639       -74112.4

55       2640       -74114.8

55       2641       -74117.9

55       2642       -74120.8

55       2643       -74122.5

55       2644       -74122.5

55       2645       -74120.5

55       2646       -74116.5

55       2647       -74110.5

55       2648       -74102.7

55       2649       -74093.5

55       2650       -74083.1

55       2651       -74071.8

55       2652       -74059.9

55       2653       -74047.5

55       2654       -74034.7

55       2655       -74021.8

55       2656       -74008.8

55       2657       -73995.8

55       2658       -73982.9

55       2659       -73970.1

55       2660       -73957.4

55       2661       -73944.8

55       2662       -73932.5

55       2663       -73920.3

55       2664       -73908.4

55       2665       -73896.6

55       2666       -73885

55       2667       -73873.7

55       2668       -73862.4

55       2669       -73851.4

55       2670       -73840.5

55       2671       -73829.7

55       2672       -73819.1

55       2673       -73808.5

55       2674       -73798

55       2675       -73787.6

55       2676       -73777.3

55       2677       -73767

55       2678       -73756.7

55       2679       -73746.5

55       2680       -73736.3

55       2681       -73726.1

55       2682       -73715.9

55       2683       -73705.7

55       2684       -73695.5

55       2685       -73685.4

55       2686       -73675.2

55       2687       -73665.1

55       2688       -73655

55       2689       -73645

55       2690       -73634.9

55       2691       -73625

55       2692       -73615

55       2693       -73605.1

55       2694       -73595.3

55       2695       -73585.6

55       2696       -73575.9

55       2697       -73566.3

55       2698       -73556.7

55       2699       -73547.2

55       2700       -73537.9

55       2701       -73528.6

55       2702       -73519.3

55       2703       -73510.2

55       2704       -73501.1

55       2705       -73492.1

55       2706       -73483.2

55       2707       -73474.3

55       2708       -73465.4

55       2709       -73456.6

55       2710       -73447.8

55       2711       -73439

55       2712       -73430.3

55       2713       -73421.5

55       2714       -73412.8

55       2715       -73404

55       2716       -73395.2

55       2717       -73386.3

55       2718       -73377.5

55       2719       -73368.6

55       2720       -73359.7

55       2721       -73350.7

55       2722       -73341.7

55       2723       -73332.7

55       2724       -73323.6

55       2725       -73314.5

55       2726       -73305.4

55       2727       -73296.3

55       2728       -73287.1

55       2729       -73277.9

55       2730       -73268.7

55       2731       -73259.5

55       2732       -73250.3

55       2733       -73241

55       2734       -73231.8

55       2735       -73222.5

55       2736       -73213.2

55       2737       -73203.9

55       2738       -73194.6

55       2739       -73185.3

55       2740       -73176

55       2741       -73166.6

55       2742       -73157.3

55       2743       -73147.9

55       2744       -73138.5

55       2745       -73129.2

55       2746       -73119.8

55       2747       -73110.4

55       2748       -73100.9

55       2749       -73091.5

55       2750       -73082.1

55       2751       -73072.6

55       2752       -73063.1

55       2753       -73053.6

55       2754       -73044.1

55       2755       -73034.6

55       2756       -73025

55       2757       -73015.4

55       2758       -73005.8

55       2759       -72996.2

55       2760       -72986.5

55       2761       -72976.8

55       2762       -72967.1

55       2763       -72957.3

55       2764       -72947.5

55       2765       -72937.7

55       2766       -72927.8

55       2767       -72917.8

55       2768       -72907.8

55       2769       -72897.8

55       2770       -72887.7

55       2771       -72877.5

55       2772       -72867.2

55       2773       -72856.9

55       2774       -72846.4

55       2775       -72835.9

55       2776       -72825.2

55       2777       -72814.4

55       2778       -72803.4

55       2779       -72792.3

55       2780       -72780.9

55       2781       -72769.4

55       2782       -72757.5

55       2783       -72745.4

55       2784       -72733

55       2785       -72720.3

55       2786       -72707.2

55       2787       -72693.7

55       2788       -72679.8

55       2789       -72665.4

55       2790       -72650.5

55       2791       -72634.8

55       2792       -72618

55       2793       -72599.3

55       2794       -72577.4

55       2795       -72549.5

55       2796       -72510.6

55       2797       -72450.9

55       2798       -72350.4

55       2799       -72161.9

55       2800       -71754.5

55       2801       -70687.9

55       2802       -68184.5

55       2803       -75498.9

55       2804       -74854.7

55       2805       -74065.1

55       2806       -73707.4

55       2807       -73524.9

55       2808       -73418.4

55       2809       -73349.2

55       2810       -73300.3

55       2811       -73263.4

55       2812       -73234.1

55       2813       -73209.9

55       2814       -73189.1

55       2815       -73171

55       2816       -73154.7

55       2817       -73139.9

55       2818       -73126.2

55       2819       -73113.3

55       2820       -73101.3

55       2821       -73089.8

55       2822       -73078.7

55       2823       -73068.1

55       2824       -73057.8

55       2825       -73047.7

55       2826       -73037.9

55       2827       -73028.3

55       2828       -73018.8

55       2829       -73009.5

55       2830       -73000.3

55       2831       -72991.1

55       2832       -72982.1

55       2833       -72973.1

55       2834       -72964.2

55       2835       -72955.3

55       2836       -72946.4

55       2837       -72937.6

55       2838       -72928.9

55       2839       -72920.1

55       2840       -72911.4

55       2841       -72902.7

55       2842       -72894

55       2843       -72885.4

55       2844       -72876.7

55       2845       -72868.1

55       2846       -72859.5

55       2847       -72850.9

55       2848       -72842.3

55       2849       -72833.7

55       2850       -72825.1

55       2851       -72816.5

55       2852       -72807.9

55       2853       -72799.4

55       2854       -72790.8

55       2855       -72782.2

55       2856       -72773.6

55       2857       -72765.1

55       2858       -72756.5

55       2859       -72747.9

55       2860       -72739.3

55       2861       -72730.7

55       2862       -72722.1

55       2863       -72713.4

55       2864       -72704.8

55       2865       -72696.2

55       2866       -72687.5

55       2867       -72678.9

55       2868       -72670.2

55       2869       -72661.6

55       2870       -72653

55       2871       -72644.4

55       2872       -72635.8

55       2873       -72627.3

55       2874       -72618.9

55       2875       -72610.6

55       2876       -72602.5

55       2877       -72594.5

55       2878       -72586.7

55       2879       -72579.3

55       2880       -72572.1

55       2881       -72565.3

55       2882       -72559

55       2883       -72553.2

55       2884       -72547.8

55       2885       -72543

55       2886       -72538.7

55       2887       -72534.9

55       2888       -72531.5

55       2889       -72528.4

55       2890       -72525.5

55       2891       -72522.6

55       2892       -72519.7

55       2893       -72516.4

55       2894       -72512.9

55       2895       -72508.9

55       2896       -72504.4

55       2897       -72499.5

55       2898       -72494

55       2899       -72488

55       2900       -72481.6

55       2901       -72474.7

55       2902       -72467.5

55       2903       -72460.1

55       2904       -72452.4

55       2905       -72444.4

55       2906       -72436.4

55       2907       -72428.2

55       2908       -72419.9

55       2909       -72411.6

55       2910       -72403.2

55       2911       -72394.7

55       2912       -72386.3

55       2913       -72377.9

55       2914       -72369.4

55       2915       -72361

55       2916       -72352.6

55       2917       -72344.3

55       2918       -72335.9

55       2919       -72327.7

55       2920       -72319.5

55       2921       -72311.3

55       2922       -72303.2

55       2923       -72295.3

55       2924       -72287.4

55       2925       -72279.7

55       2926       -72272.1

55       2927       -72264.7

55       2928       -72257.4

55       2929       -72250.4

55       2930       -72243.6

55       2931       -72236.9

55       2932       -72230.5

55       2933       -72224.3

55       2934       -72218.3

55       2935       -72212.4

55       2936       -72206.6

55       2937       -72200.8

55       2938       -72195

55       2939       -72189

55       2940       -72182.9

55       2941       -72176.4

55       2942       -72169.5

55       2943       -72162.2

55       2944       -72154.3

55       2945       -72145.8

55       2946       -72136.6

55       2947       -72126.5

55       2948       -72115.3

55       2949       -72103

55       2950       -72089.2

55       2951       -72073.4

55       2952       -72055

55       2953       -72033.1

55       2954       -72006.1

55       2955       -71971.5

55       2956       -71924.8

55       2957       -71857.6

55       2958       -71752.6

55       2959       -71570.2

55       2960       -71202.9

55       2961       -70304.4

55       2962       -68033.8

55       2963       -73608.7

55       2964       -74375.1

55       2965       -73450.4

55       2966       -73016

55       2967       -72801.2

54       2968       -73674.2

54       2969       -73598.6

54       2970       -73547.1

54       2971       -73509.6

54       2972       -73480.8

54       2973       -73457.7

54       2974       -73438.4

54       2975       -73421.9

54       2976       -73407.3

54       2977       -73394.3

54       2978       -73382.4

54       2979       -73371.3

54       2980       -73360.9

54       2981       -73351.1

54       2982       -73341.7

54       2983       -73332.7

54       2984       -73324

54       2985       -73315.5

54       2986       -73307.2

54       2987       -73299.1

54       2988       -73291.1

54       2989       -73283.2

54       2990       -73275.4

54       2991       -73267.6

54       2992       -73259.9

54       2993       -73252.3

54       2994       -73244.7

54       2995       -73237

54       2996       -73229.4

54       2997       -73221.8

54       2998       -73214.2

54       2999       -73206.6

