100       0       -292282

100       1       -292282

100       2       -292282

100       3       -292281

100       4       -292281

100       5       -292281

100       6       -292280

100       7       -292280

100       8       -292280

100       9       -292279

100       10       -292279

100       11       -292279

100       12       -292278

100       13       -292278

100       14       -292278

100       15       -292277

100       16       -292277

100       17       -292277

100       18       -292276

100       19       -292276

100       20       -292276

100       21       -292275

100       22       -292275

100       23       -292275

100       24       -292274

100       25       -292274

100       26       -292274

100       27       -292273

100       28       -292273

100       29       -292273

100       30       -292272

100       31       -292272

100       32       -292272

100       33       -292271

100       34       -292271

100       35       -292271

100       36       -292270

100       37       -292270

100       38       -292269

100       39       -292269

100       40       -292269

100       41       -292268

100       42       -292268

100       43       -292267

100       44       -292267

100       45       -292266

100       46       -292266

100       47       -292265

100       48       -292265

100       49       -292265

100       50       -292264

100       51       -292264

100       52       -292263

100       53       -292262

100       54       -292262

100       55       -292261

100       56       -292261

100       57       -292260

100       58       -292259

100       59       -292259

100       60       -292258

100       61       -292257

100       62       -292257

100       63       -292256

100       64       -292255

100       65       -292254

100       66       -292253

100       67       -292252

100       68       -292251

100       69       -292250

100       70       -292249

100       71       -292248

100       72       -292246

100       73       -292245

100       74       -292243

100       75       -292242

100       76       -292240

100       77       -292238

100       78       -292235

100       79       -292232

100       80       -292229

100       81       -292226

100       82       -292222

100       83       -292217

100       84       -292212

100       85       -292205

100       86       -292197

100       87       -292187

100       88       -292174

100       89       -292157

100       90       -292133

100       91       -292100

100       92       -292049

100       93       -291966

100       94       -291813

100       95       -291469

100       96       -290359

100       97       -280230

100       98       -308492

100       99       -288460

100       100       -285343

100       101       -282188

100       102       -281581

100       103       -281357

100       104       -281249

100       105       -281188

100       106       -281149

100       107       -281122

100       108       -281102

100       109       -281087

100       110       -281074

100       111       -281063

100       112       -281053

100       113       -281043

100       114       -281032

100       115       -281021

100       116       -281009

100       117       -280993

100       118       -280974

100       119       -280950

100       120       -280915

100       121       -280863

100       122       -280777

100       123       -280620

100       124       -280264

100       125       -279081

100       126       -267017

100       127       -301741

100       128       -286053

98       129       -275281

98       130       -275280

98       131       -275279

98       132       -275277

98       133       -275276

98       134       -275274

98       135       -275273

98       136       -275271

98       137       -275269

98       138       -275267

98       139       -275265

98       140       -275262

98       141       -275260

98       142       -275256

98       143       -275253

98       144       -275249

98       145       -275244

98       146       -275238

98       147       -275231

98       148       -275223

98       149       -275212

98       150       -275199

98       151       -275182

98       152       -275159

98       153       -275128

98       154       -275082

98       155       -275010

98       156       -274887

98       157       -274648

98       158       -274054

98       159       -271639

96       160       -269155

96       161       -269155

96       162       -269154

96       163       -269153

96       164       -269152

96       165       -269151

96       166       -269149

96       167       -269147

96       168       -269145

96       169       -269142

96       170       -269139

96       171       -269135

96       172       -269131

96       173       -269126

96       174       -269120

96       175       -269112

96       176       -269103

96       177       -269092

96       178       -269078

96       179       -269059

96       180       -269034

96       181       -268999

96       182       -268947

96       183       -268864

96       184       -268718

96       185       -268421

96       186       -267650

96       187       -264571

96       188       -260788

96       189       -263808

96       190       -261124

96       191       -260504

96       192       -260267

96       193       -260151

96       194       -260083

96       195       -260040

96       196       -260011

96       197       -259988

96       198       -259971

96       199       -259957

96       200       -259945

96       201       -259935

96       202       -259925

96       203       -259916

96       204       -259908

96       205       -259900

96       206       -259892

96       207       -259884

96       208       -259876

96       209       -259868

96       210       -259860

96       211       -259851

96       212       -259843

96       213       -259835

96       214       -259826

96       215       -259817

96       216       -259808

96       217       -259798

96       218       -259789

96       219       -259779

96       220       -259769

96       221       -259759

96       222       -259749

96       223       -259739

96       224       -259728

96       225       -259718

96       226       -259707

96       227       -259696

96       228       -259685

96       229       -259674

96       230       -259663

96       231       -259652

96       232       -259641

96       233       -259629

96       234       -259618

96       235       -259606

96       236       -259595

96       237       -259583

96       238       -259571

96       239       -259559

96       240       -259547

96       241       -259535

96       242       -259522

96       243       -259509

96       244       -259496

96       245       -259482

96       246       -259468

96       247       -259454

96       248       -259439

96       249       -259424

96       250       -259407

96       251       -259390

96       252       -259372

96       253       -259353

96       254       -259332

96       255       -259309

96       256       -259283

96       257       -259254

96       258       -259219

96       259       -259177

96       260       -259123

96       261       -259048

96       262       -258933

96       263       -258728

96       264       -258268

96       265       -256668

95       266       -251877

96       267       -248816

95       268       -253284

95       269       -252789

95       270       -252572

95       271       -252446

95       272       -252361

95       273       -252297

95       274       -252245

95       275       -252201

95       276       -252163

95       277       -252128

95       278       -252096

95       279       -252065

95       280       -252037

95       281       -252009

95       282       -251982

95       283       -251956

95       284       -251930

95       285       -251905

95       286       -251880

95       287       -251855

95       288       -251831

95       289       -251807

95       290       -251783

95       291       -251760

95       292       -251736

95       293       -251712

95       294       -251689

95       295       -251666

95       296       -251643

95       297       -251619

95       298       -251596

95       299       -251573

95       300       -251550

95       301       -251528

95       302       -251505

95       303       -251482

95       304       -251459

95       305       -251436

95       306       -251413

95       307       -251390

95       308       -251368

95       309       -251345

95       310       -251322

95       311       -251299

95       312       -251275

95       313       -251252

95       314       -251229

95       315       -251205

95       316       -251181

95       317       -251157

95       318       -251132

95       319       -251107

95       320       -251081

95       321       -251054

95       322       -251027

95       323       -250997

95       324       -250967

95       325       -250933

95       326       -250896

95       327       -250854

95       328       -250805

95       329       -250743

95       330       -250660

95       331       -250539

95       332       -250335

95       333       -249912

95       334       -248658

95       335       -239875

95       336       -257345

95       337       -259306

95       338       -256225

95       339       -255477

95       340       -255163

95       341       -254983

95       342       -254853

95       343       -254742

95       344       -254627

95       345       -254487

95       346       -254283

95       347       -253904

95       348       -252888

95       349       -246567

93       350       -247620

93       351       -247458

93       352       -247160

93       353       -246449

93       354       -243614

91       355       -235814

91       356       -235787

91       357       -235761

91       358       -235734

91       359       -235706

91       360       -235679

91       361       -235651

91       362       -235623

91       363       -235595

91       364       -235566

91       365       -235537

91       366       -235508

91       367       -235478

91       368       -235448

91       369       -235418

91       370       -235387

91       371       -235356

91       372       -235324

91       373       -235292

91       374       -235259

91       375       -235225

91       376       -235191

91       377       -235155

91       378       -235119

91       379       -235082

91       380       -235043

91       381       -235004

91       382       -234964

91       383       -234923

91       384       -234882

91       385       -234839

91       386       -234796

91       387       -234751

91       388       -234705

91       389       -234656

91       390       -234603

91       391       -234546

91       392       -234482

91       393       -234411

91       394       -234334

91       395       -234251

91       396       -234164

91       397       -234075

91       398       -233986

91       399       -233896

91       400       -233807

91       401       -233720

91       402       -233632

91       403       -233546

91       404       -233461

91       405       -233375

91       406       -233290

91       407       -233203

90       408       -235447

90       409       -235354

90       410       -235257

90       411       -235153

90       412       -235038

90       413       -234906

90       414       -234743

90       415       -234520

90       416       -234157

90       417       -233374

90       418       -230652

90       419       -213796

90       420       -217948

88       421       -228937

88       422       -228887

88       423       -228846

88       424       -228821

88       425       -228818

88       426       -228848

88       427       -228917

88       428       -228989

88       429       -228938

88       430       -228726

88       431       -228479

88       432       -228255

88       433       -228049

88       434       -227836

88       435       -227573

88       436       -227145

88       437       -226051

88       438       -219718

88       439       -234494

88       440       -232408

88       441       -231605

88       442       -231237

88       443       -231006

88       444       -230827

88       445       -230664

88       446       -230498

88       447       -230307

88       448       -230058

88       449       -229677

88       450       -228945

88       451       -226965

88       452       -216362

86       453       -226969

86       454       -226916

86       455       -226077

86       456       -225620

86       457       -225271

86       458       -224873

86       459       -224195

86       460       -222486

86       461       -219778

86       462       -226068

86       463       -224366

86       464       -223712

86       465       -223366

86       466       -223127

86       467       -222931

86       468       -222750

86       469       -222568

86       470       -222365

86       471       -222107

86       472       -221704

86       473       -220833

86       474       -217716

86       475       -219046

86       476       -222476

86       477       -220554

86       478       -219935

86       479       -219617

86       480       -219399

86       481       -219225

86       482       -219071

86       483       -218927

86       484       -218789

86       485       -218654

86       486       -218519

86       487       -218384

86       488       -218247

86       489       -218108

86       490       -217967

86       491       -217824

86       492       -217677

86       493       -217528

86       494       -217376

86       495       -217219

86       496       -217054

86       497       -216875

86       498       -216666

86       499       -216381

86       500       -215868

86       501       -214320

86       502       -198627

86       503       -207862

85       504       -210393

85       505       -209908

85       506       -209640

85       507       -209436

85       508       -209253

85       509       -209069

85       510       -208866

85       511       -208610

85       512       -208212

85       513       -207326

85       514       -203468

85       515       -187625

84       516       -196952

83       517       -203322

83       518       -203190

83       519       -203032

83       520       -202817

83       521       -202454

83       522       -201571

83       523       -197494

83       524       -203040

83       525       -204919

83       526       -203076

83       527       -202517

83       528       -202250

83       529       -202083

83       530       -201958

83       531       -201856

83       532       -201767

83       533       -201686

83       534       -201611

83       535       -201539

83       536       -201471

83       537       -201404

83       538       -201340

83       539       -201277

83       540       -201215

83       541       -201154

83       542       -201094

83       543       -201034

83       544       -200975

83       545       -200916

83       546       -200856

83       547       -200796

83       548       -200735

83       549       -200672

83       550       -200608

83       551       -200539

83       552       -200466

83       553       -200386

83       554       -200293

83       555       -200182

83       556       -200036

83       557       -199821

83       558       -199448

83       559       -198599

83       560       -195710

83       561       -194512

83       562       -198956

83       563       -196313

83       564       -195476

83       565       -195044

83       566       -194905

83       567       -195224

83       568       -195689

83       569       -195799

83       570       -195668

83       571       -195494

83       572       -195337

83       573       -195207

83       574       -195097

83       575       -195001

83       576       -194915

83       577       -194837

83       578       -194763

83       579       -194693

83       580       -194626

83       581       -194561

83       582       -194497

83       583       -194435

83       584       -194373

83       585       -194312

83       586       -194248

83       587       -194182

83       588       -194110

83       589       -194028

83       590       -193929

83       591       -193806

83       592       -193650

83       593       -193464

83       594       -193330

83       595       -193498

83       596       -193993

83       597       -194221

83       598       -194109

83       599       -193890

83       600       -193647

83       601       -193372

83       602       -193017

83       603       -192429

83       604       -190541

82       605       -178917

81       606       -190777

81       607       -190869

81       608       -190796

81       609       -190677

81       610       -190563

81       611       -190463

81       612       -190374

81       613       -190295

81       614       -190222

81       615       -190151

81       616       -190082

81       617       -190012

81       618       -189937

81       619       -189856

81       620       -189761

81       621       -189641

81       622       -189471

81       623       -189180

81       624       -188500

81       625       -185714

81       626       -174019

80       627       -179468

79       628       -184393

79       629       -184296

79       630       -184174

79       631       -184000

79       632       -183712

79       633       -183103

79       634       -181233

79       635       -175673

79       636       -183443

79       637       -180763

79       638       -180037

79       639       -179721

79       640       -179535

79       641       -179404

79       642       -179298

79       643       -179206

79       644       -179122

79       645       -179043

79       646       -178967

79       647       -178893

79       648       -178819

79       649       -178745

79       650       -178671

79       651       -178596

79       652       -178519

79       653       -178441

79       654       -178359

79       655       -178273

79       656       -178180

79       657       -178076

79       658       -177954

79       659       -177795

79       660       -177555

79       661       -177098

79       662       -175822

79       663       -168436

79       664       -187098

79       665       -185810

79       666       -184610

79       667       -184111

79       668       -183851

79       669       -183691

79       670       -183558

79       671       -183348

79       672       -182859

79       673       -181479

79       674       -176284

79       675       -186810

79       676       -186487

79       677       -185486

79       678       -184896

79       679       -184393

79       680       -183719

79       681       -182317

79       682       -178715

79       683       -185567

79       684       -186209

79       685       -185309

79       686       -184662

79       687       -184000

79       688       -182902

79       689       -180479

79       690       -181804

79       691       -185955

79       692       -184780

79       693       -183883

79       694       -182888

79       695       -180666

78       696       -184451

79       697       -182986

79       698       -183632

79       699       -184659

79       700       -183420

79       701       -182612

79       702       -181913

79       703       -180918

79       704       -178808

79       705       -177710

79       706       -183775

79       707       -182494

79       708       -181708

79       709       -181168

79       710       -180611

79       711       -179750

79       712       -177769

79       713       -174372

79       714       -183221

79       715       -181595

79       716       -180879

79       717       -180453

79       718       -180110

79       719       -179773

79       720       -179352

79       721       -178641

79       722       -176849

79       723       -170920

79       724       -182416

79       725       -180200

79       726       -179309

79       727       -178852

79       728       -178533

79       729       -178254

79       730       -177967

79       731       -177629

79       732       -177153

79       733       -176264

79       734       -173676

79       735       -166344

79       736       -174333

79       737       -169367

79       738       -147560

79       739       -156250

78       740       -161940

78       741       -161522

78       742       -161388

78       743       -161331

78       744       -161286

77       745       -165781

77       746       -165754

77       747       -165702

77       748       -165616

77       749       -165499

77       750       -165361

77       751       -165211

77       752       -165054

77       753       -164889

77       754       -164714

77       755       -164512

77       756       -164244

77       757       -163781

77       758       -162595

77       759       -156387

77       760       -168966

77       761       -170263

77       762       -168051

77       763       -167290

77       764       -166879

77       765       -166585

77       766       -166338

77       767       -166114

77       768       -165905

77       769       -165720

77       770       -165588

77       771       -165545

77       772       -165559

77       773       -165519

77       774       -165375

77       775       -165157

77       776       -164894

77       777       -164589

77       778       -164235

77       779       -163849

77       780       -163614

77       781       -163861

77       782       -164123

77       783       -164026

77       784       -164253

77       785       -164594

77       786       -164406

77       787       -163988

77       788       -163607

77       789       -163388

77       790       -163315

77       791       -163056

77       792       -161971

77       793       -156853

77       794       -161412

77       795       -164163

77       796       -161458

77       797       -160653

77       798       -160240

77       799       -159936

77       800       -159649

77       801       -159321

77       802       -158869

77       803       -158043

77       804       -155566

77       805       -139886

77       806       -142578

77       807       -138762

77       808       -141685

77       809       -141527

77       810       -140698

77       811       -140184

77       812       -139837

77       813       -139563

77       814       -139319

77       815       -139079

77       816       -138821

77       817       -138514

77       818       -138091

77       819       -137319

77       820       -134654

75       821       -131202

75       822       -130959

75       823       -130443

75       824       -128292

74       825       -110205

73       826       -126979

73       827       -113556

72       828       -126498

72       829       -126238

72       830       -125899

72       831       -125592

72       832       -125327

72       833       -125069

72       834       -124764

72       835       -124381

72       836       -123957

72       837       -123533

72       838       -123123

72       839       -122718

72       840       -122324

72       841       -122034

72       842       -122101

72       843       -122467

72       844       -122543

72       845       -122318

72       846       -122020

72       847       -121732

72       848       -121457

72       849       -121174

72       850       -120847

72       851       -120405

72       852       -119630

72       853       -117270

71       854       -112468

71       855       -110571

71       856       -108794

71       857       -108246

70       858       -113480

70       859       -113259

70       860       -113012

70       861       -112713

70       862       -112304

70       863       -111662

70       864       -110644

70       865       -110875

70       866       -114054

70       867       -113752

70       868       -113034

70       869       -112553

70       870       -112220

70       871       -111974

70       872       -111790

70       873       -111661

70       874       -111573

70       875       -111498

70       876       -111406

70       877       -111289

70       878       -111156

70       879       -111015

70       880       -110875

70       881       -110737

70       882       -110603

70       883       -110472

70       884       -110345

70       885       -110221

70       886       -110100

70       887       -109980

70       888       -109861

70       889       -109743

70       890       -109625

70       891       -109508

70       892       -109390

70       893       -109271

70       894       -109151

70       895       -109032

70       896       -108917

70       897       -108815

70       898       -108748

70       899       -108748

70       900       -108835

70       901       -108971

70       902       -109095

70       903       -109188

70       904       -109259

70       905       -109279

70       906       -109190

70       907       -108984

70       908       -108714

70       909       -108431

70       910       -108155

70       911       -107889

70       912       -107630

70       913       -107370

70       914       -107108

70       915       -106845

70       916       -106599

70       917       -106408

70       918       -106295

70       919       -106204

70       920       -106040

70       921       -105784

70       922       -105469

70       923       -105138

70       924       -104854

70       925       -104754

70       926       -104908

70       927       -105045

70       928       -104945

70       929       -104698

70       930       -104420

70       931       -104156

70       932       -103918

70       933       -103707

70       934       -103519

70       935       -103344

70       936       -103156

70       937       -102925

70       938       -102647

70       939       -102346

70       940       -102046

70       941       -101760

70       942       -101492

70       943       -101246

70       944       -101025

70       945       -100832

70       946       -100663

70       947       -100510

70       948       -100359

70       949       -100194

70       950       -100003

70       951       -99779.7

70       952       -99525.2

70       953       -99245

70       954       -98951.4

70       955       -98667.4

70       956       -98433.1

70       957       -98288.3

70       958       -98204

70       959       -98083.9

70       960       -97888.3

70       961       -97647.2

70       962       -97393.7

70       963       -97142.9

70       964       -96899.1

70       965       -96662.7

70       966       -96433

70       967       -96209.1

70       968       -95990.3

70       969       -95776

70       970       -95565.4

70       971       -95357.5

70       972       -95151

70       973       -94943.9

70       974       -94734.5

70       975       -94521

70       976       -94303.2

70       977       -94081.8

70       978       -93858.8

70       979       -93636.3

70       980       -93416.7

70       981       -93201.9

70       982       -92993.3

70       983       -92792

70       984       -92598.1

70       985       -92410.8

70       986       -92228

70       987       -92046.5

70       988       -91863.1

70       989       -91675.5

70       990       -91482.8

70       991       -91285.3

70       992       -91084.4

70       993       -90881.7

70       994       -90678.5

70       995       -90476.1

70       996       -90275.3

70       997       -90076.7

70       998       -89880.3

70       999       -89686.3

70       1000       -89494.4

70       1001       -89304.4

70       1002       -89115.9

70       1003       -88928.1

70       1004       -88740.3

70       1005       -88550.9

70       1006       -88358.3

70       1007       -88160.5

70       1008       -87956.8

70       1009       -87751.5

70       1010       -87566.1

70       1011       -87457.3

70       1012       -87492

70       1013       -87612.7

70       1014       -87647.4

70       1015       -87555.3

70       1016       -87401.8

70       1017       -87235

70       1018       -87071.2

70       1019       -86912.6

70       1020       -86757.9

70       1021       -86605.2

70       1022       -86453.3

70       1023       -86301

70       1024       -86147

70       1025       -85990.1

70       1026       -85828.8

70       1027       -85661.5

70       1028       -85487

70       1029       -85304

70       1030       -85112.9

70       1031       -84920.5

70       1032       -84750.3

70       1033       -84655.8

70       1034       -84690.4

70       1035       -84799.4

70       1036       -84834.3

70       1037       -84744.2

70       1038       -84580.8

70       1039       -84396.3

70       1040       -84215.3

70       1041       -84044.6

70       1042       -83882.3

70       1043       -83723.3

70       1044       -83563

70       1045       -83399.9

70       1046       -83235.8

70       1047       -83076.1

70       1048       -82929.7

70       1049       -82809.6

70       1050       -82726.1

70       1051       -82673.3

70       1052       -82623.7

70       1053       -82551.2

70       1054       -82450.3

70       1055       -82328.1

70       1056       -82189.6

70       1057       -82032.5

70       1058       -81848

70       1059       -81622.2

70       1060       -81342.7

70       1061       -81037.5

70       1062       -80916.4

70       1063       -81271.2

70       1064       -81483.9

70       1065       -81256.9

70       1066       -81397.6

70       1067       -81954.4

70       1068       -81910.2

70       1069       -81570.1

70       1070       -81248.1

70       1071       -80987.2

70       1072       -80775.2

70       1073       -80599.5

70       1074       -80452

70       1075       -80325.9

70       1076       -80212.6

70       1077       -80102.8

70       1078       -79988.4

70       1079       -79864.7

70       1080       -79729.3

70       1081       -79579.6

70       1082       -79410.7

70       1083       -79213

70       1084       -78969.7

70       1085       -78658.4

70       1086       -78290

70       1087       -78137.3

70       1088       -78919.7

70       1089       -79776.5

70       1090       -79734.4

70       1091       -79434.8

70       1092       -79170.9

70       1093       -78965.1

70       1094       -78795.9

70       1095       -78645.7

70       1096       -78505.3

70       1097       -78371.4

70       1098       -78244.3

70       1099       -78125.2

70       1100       -78013.7

70       1101       -77905

70       1102       -77791.3

70       1103       -77665.9

70       1104       -77527.1

70       1105       -77377.7

70       1106       -77222.9

70       1107       -77069.7

70       1108       -76927.6

70       1109       -76809.2

70       1110       -76725.4

70       1111       -76669.4

70       1112       -76598.4

70       1113       -76450.9

70       1114       -76249.2

70       1115       -76442.7

70       1116       -77314.4

70       1117       -77473.4

70       1118       -77226.2

70       1119       -76988.2

70       1120       -76808.8

70       1121       -76678.5

70       1122       -76584.8

70       1123       -76513.6

70       1124       -76449.3

70       1125       -76379.2

70       1126       -76295.7

70       1127       -76196.6

70       1128       -76083.8

70       1129       -75961.4

70       1130       -75836.3

70       1131       -75722

70       1132       -75642.5

70       1133       -75623.9

70       1134       -75654.4

70       1135       -75673.6

70       1136       -75645.8

70       1137       -75591.6

70       1138       -75542.9

70       1139       -75510.5

70       1140       -75483.2

70       1141       -75444.2

70       1142       -75385.2

70       1143       -75306.7

70       1144       -75213.1

70       1145       -75109.8

70       1146       -75002.2

70       1147       -74895.2

70       1148       -74792.9

69       1149       -77610.4

69       1150       -77521.1

69       1151       -77435.7

69       1152       -77349.3

69       1153       -77257.8

69       1154       -77159.6

69       1155       -77056.3

69       1156       -76953.1

69       1157       -76861.1

69       1158       -76800.7

69       1159       -76790.3

69       1160       -76812.6

69       1161       -76811.7

69       1162       -76756.8

69       1163       -76663.2

69       1164       -76561.9

69       1165       -76482.3

69       1166       -76443.6

69       1167       -76437

69       1168       -76426.2

69       1169       -76388.2

69       1170       -76330.8

69       1171       -76268

69       1172       -76199.2

69       1173       -76115.2

69       1174       -76020.9

69       1175       -75950.4

69       1176       -75939.5

69       1177       -75933.5

69       1178       -75781.8

69       1179       -75355.8

69       1180       -74769.9

69       1181       -76321.6

69       1182       -77462.4

69       1183       -76932.3

69       1184       -76512.7

69       1185       -76226.1

69       1186       -75971.2

69       1187       -75684.4

69       1188       -75343.4

69       1189       -75154.5

69       1190       -75760

69       1191       -76197

69       1192       -75911.2

69       1193       -75519.4

69       1194       -75180.4

69       1195       -74902.9

69       1196       -74660.9

69       1197       -74363

69       1198       -73924.6

69       1199       -72890.3

68       1200       -70438.8

69       1201       -62437

68       1202       -72755.3

68       1203       -72243.8

68       1204       -72010.4

68       1205       -71857.1

68       1206       -71638.2

68       1207       -71205.7

68       1208       -70501.7

68       1209       -70523.5

68       1210       -72373.1

68       1211       -73036.7

68       1212       -73234.1

68       1213       -72689.5

68       1214       -72038.7

68       1215       -71312.8

68       1216       -70414.4

68       1217       -70952.9

68       1218       -72868.1

68       1219       -72156.2

67       1220       -84001.8

67       1221       -85143.7

67       1222       -85020.7

67       1223       -84622.2

67       1224       -84341.3

67       1225       -84184.4

66       1226       -96569.5

66       1227       -96481.2

66       1228       -96377.4

66       1229       -96140.1

66       1230       -95471.7

66       1231       -93527.9

65       1232       -108682

65       1233       -109693

65       1234       -108580

65       1235       -108117

65       1236       -107881

65       1237       -107739

65       1238       -107651

65       1239       -107609

65       1240       -107610

65       1241       -107659

65       1242       -107770

65       1243       -107957

65       1244       -108236

65       1245       -108577

65       1246       -108756

65       1247       -108325

65       1248       -107329

65       1249       -106330

65       1250       -105581

65       1251       -105047

65       1252       -104662

65       1253       -104378

65       1254       -104167

65       1255       -104014

65       1256       -103908

65       1257       -103841

65       1258       -103809

65       1259       -103811

65       1260       -103846

65       1261       -103914

65       1262       -104021

65       1263       -104172

65       1264       -104380

65       1265       -104672

65       1266       -105125

65       1267       -105973

64       1268       -117789

64       1269       -123628

64       1270       -121302

64       1271       -118200

64       1272       -116849

64       1273       -116008

64       1274       -115373

64       1275       -114835

64       1276       -114357

64       1277       -113982

64       1278       -113859

64       1279       -113948

64       1280       -113856

64       1281       -113547

64       1282       -113178

64       1283       -112818

64       1284       -112477

64       1285       -112153

64       1286       -111843

64       1287       -111543

64       1288       -111251

64       1289       -110967

64       1290       -110687

64       1291       -110408

64       1292       -110124

64       1293       -109825

64       1294       -109493

64       1295       -109084

64       1296       -108501

64       1297       -107554

64       1298       -107071

64       1299       -109975

64       1300       -109731

64       1301       -109057

64       1302       -108590

64       1303       -108243

64       1304       -107958

64       1305       -107706

64       1306       -107474

64       1307       -107255

64       1308       -107043

64       1309       -106837

64       1310       -106635

64       1311       -106435

64       1312       -106234

64       1313       -106030

64       1314       -105819

64       1315       -105597

64       1316       -105365

64       1317       -105151

64       1318       -105054

64       1319       -105176

64       1320       -105322

63       1321       -116275

63       1322       -116103

63       1323       -115876

63       1324       -115643

63       1325       -115419

63       1326       -115206

63       1327       -115003

63       1328       -114808

63       1329       -114621

63       1330       -114441

63       1331       -114266

63       1332       -114096

63       1333       -113930

63       1334       -113767

63       1335       -113607

63       1336       -113450

63       1337       -113295

63       1338       -113141

63       1339       -112989

63       1340       -112839

63       1341       -112689

63       1342       -112539

63       1343       -112391

63       1344       -112242

63       1345       -112094

63       1346       -111946

63       1347       -111797

63       1348       -111649

63       1349       -111501

63       1350       -111352

63       1351       -111203

63       1352       -111053

63       1353       -110904

63       1354       -110754

63       1355       -110603

63       1356       -110453

63       1357       -110302

63       1358       -110150

63       1359       -109999

63       1360       -109847

63       1361       -109694

63       1362       -109542

63       1363       -109388

63       1364       -109235

63       1365       -109080

63       1366       -108925

63       1367       -108769

63       1368       -108612

63       1369       -108455

63       1370       -108297

63       1371       -108139

63       1372       -107984

63       1373       -107833

63       1374       -107695

63       1375       -107579

63       1376       -107499

63       1377       -107463

63       1378       -107457

63       1379       -107447

63       1380       -107403

63       1381       -107320

63       1382       -107207

63       1383       -107079

63       1384       -106943

63       1385       -106805

63       1386       -106665

63       1387       -106523

63       1388       -106378

63       1389       -106229

63       1390       -106074

63       1391       -105909

63       1392       -105730

63       1393       -105525

63       1394       -105280

63       1395       -104971

63       1396       -104593

63       1397       -104347

63       1398       -104955

63       1399       -105943

63       1400       -106017

63       1401       -105722

63       1402       -105435

63       1403       -105207

63       1404       -105022

63       1405       -104866

63       1406       -104726

63       1407       -104598

63       1408       -104476

63       1409       -104360

63       1410       -104248

63       1411       -104139

63       1412       -104032

63       1413       -103928

63       1414       -103826

63       1415       -103725

63       1416       -103625

63       1417       -103527

63       1418       -103429

63       1419       -103331

63       1420       -103234

63       1421       -103137

63       1422       -103041

63       1423       -102945

63       1424       -102851

63       1425       -102760

63       1426       -102673

63       1427       -102592

63       1428       -102519

63       1429       -102452

63       1430       -102391

63       1431       -102332

63       1432       -102268

63       1433       -102196

63       1434       -102114

63       1435       -102023

63       1436       -101922

63       1437       -101815

63       1438       -101705

62       1439       -105582

62       1440       -105469

62       1441       -105358

62       1442       -105242

62       1443       -105098

62       1444       -104884

62       1445       -104553

62       1446       -104200

62       1447       -104678

62       1448       -105812

62       1449       -105843

62       1450       -105538

62       1451       -105275

62       1452       -105074

62       1453       -104912

62       1454       -104774

62       1455       -104651

62       1456       -104537

62       1457       -104432

62       1458       -104336

62       1459       -104254

62       1460       -104189

62       1461       -104141

62       1462       -104103

62       1463       -104064

62       1464       -104012

62       1465       -103946

62       1466       -103867

62       1467       -103782

62       1468       -103695

62       1469       -103606

62       1470       -103519

62       1471       -103433

62       1472       -103349

62       1473       -103266

62       1474       -103184

62       1475       -103103

62       1476       -103023

62       1477       -102944

62       1478       -102866

62       1479       -102788

62       1480       -102711

62       1481       -102635

62       1482       -102558

62       1483       -102483

62       1484       -102407

62       1485       -102332

62       1486       -102257

62       1487       -102182

62       1488       -102107

62       1489       -102033

62       1490       -101958

62       1491       -101884

62       1492       -101810

62       1493       -101736

62       1494       -101662

62       1495       -101588

62       1496       -101515

62       1497       -101441

62       1498       -101367

62       1499       -101292

62       1500       -101218

62       1501       -101143

62       1502       -101067

62       1503       -100990

62       1504       -100913

62       1505       -100833

62       1506       -100751

62       1507       -100665

62       1508       -100574

62       1509       -100475

62       1510       -100365

62       1511       -100234

62       1512       -100070

62       1513       -99845.7

62       1514       -99509.9

62       1515       -99004.3

62       1516       -98650.2

62       1517       -100071

62       1518       -101137

62       1519       -100868

62       1520       -100505

62       1521       -100245

62       1522       -100059

62       1523       -99916.4

62       1524       -99798.5

62       1525       -99696

62       1526       -99603.3

62       1527       -99517

62       1528       -99435

62       1529       -99356.2

62       1530       -99279.5

62       1531       -99204.5

62       1532       -99130.5

62       1533       -99057.4

62       1534       -98984.8

62       1535       -98912.7

62       1536       -98840.8

62       1537       -98769

62       1538       -98697.2

62       1539       -98625

62       1540       -98552.2

62       1541       -98478.2

62       1542       -98402.3

62       1543       -98323

62       1544       -98238.6

62       1545       -98146.1

62       1546       -98041.2

62       1547       -97917.3

62       1548       -97763.9

62       1549       -97565.2

62       1550       -97299.5

62       1551       -96949.6

62       1552       -96572.7

62       1553       -96526.9

62       1554       -97465.5

62       1555       -98849.9

62       1556       -99274.9

62       1557       -99025.4

62       1558       -98678.7

62       1559       -98391.3

62       1560       -98169.3

62       1561       -97994.9

62       1562       -97852.7

62       1563       -97732.2

62       1564       -97626.6

62       1565       -97531.3

62       1566       -97443.4

62       1567       -97360.8

62       1568       -97282.2

62       1569       -97206.8

62       1570       -97134

62       1571       -97063.7

62       1572       -96996.1

62       1573       -96932

61       1574       -100176

60       1575       -103849

60       1576       -103795

60       1577       -103750

60       1578       -103711

60       1579       -103677

60       1580       -103645

60       1581       -103609

60       1582       -103568

60       1583       -103521

60       1584       -103468

60       1585       -103410

60       1586       -103349

60       1587       -103286

60       1588       -103223

60       1589       -103160

60       1590       -103097

60       1591       -103034

60       1592       -102972

60       1593       -102911

60       1594       -102851

60       1595       -102791

60       1596       -102732

60       1597       -102674

60       1598       -102616

60       1599       -102558

60       1600       -102501

60       1601       -102444

60       1602       -102387

60       1603       -102331

60       1604       -102274

60       1605       -102217

60       1606       -102161

60       1607       -102104

60       1608       -102046

60       1609       -101989

60       1610       -101931

60       1611       -101872

60       1612       -101812

60       1613       -101751

60       1614       -101688

60       1615       -101622

60       1616       -101554

60       1617       -101479

60       1618       -101397

60       1619       -101300

60       1620       -101176

60       1621       -100996

60       1622       -100683

60       1623       -99936.3

60       1624       -96952.8

60       1625       -93002.7

60       1626       -94604.4

60       1627       -92187

59       1628       -96722.5

59       1629       -96500.2

59       1630       -96358.2

59       1631       -96252.6

59       1632       -96165.8

59       1633       -96089.7

59       1634       -96020

59       1635       -95953.8

59       1636       -95889.6

59       1637       -95826

59       1638       -95762.3

59       1639       -95697.8

59       1640       -95632

59       1641       -95564.8

59       1642       -95496.1

59       1643       -95426

59       1644       -95354.7

59       1645       -95282.5

59       1646       -95209.9

59       1647       -95137.3

59       1648       -95065

59       1649       -94993.5

59       1650       -94923.1

59       1651       -94853.9

59       1652       -94786.1

59       1653       -94719.9

59       1654       -94655.2

59       1655       -94592

59       1656       -94530.3

59       1657       -94469.9

59       1658       -94410.7

59       1659       -94352.5

59       1660       -94295.3

59       1661       -94238.9

59       1662       -94183.1

59       1663       -94127.7

59       1664       -94072.7

59       1665       -94017.9

59       1666       -93963.2

59       1667       -93908.6

59       1668       -93853.8

59       1669       -93798.8

59       1670       -93743.4

59       1671       -93687.4

59       1672       -93630.5

59       1673       -93572.4

59       1674       -93512.5

59       1675       -93450.1

59       1676       -93384.1

59       1677       -93312.8

59       1678       -93233.4

59       1679       -93141.3

59       1680       -93028.5

59       1681       -92879.7

59       1682       -92664.7

59       1683       -92321.4

59       1684       -91747.9

59       1685       -91164.8

59       1686       -92843.7

59       1687       -94362.3

59       1688       -94011

59       1689       -93589.7

59       1690       -93314.8

59       1691       -93132.9

59       1692       -93002.5

59       1693       -92901.4

59       1694       -92818

59       1695       -92745.8

59       1696       -92680.9

59       1697       -92621.2

59       1698       -92565

59       1699       -92511.4

59       1700       -92459.8

59       1701       -92409.7

59       1702       -92360.6

59       1703       -92312.3

59       1704       -92264.5

59       1705       -92217.2

59       1706       -92170

59       1707       -92122.8

59       1708       -92075.4

59       1709       -92027.6

59       1710       -91979

59       1711       -91929.2

59       1712       -91877.7

59       1713       -91823.8

59       1714       -91766.2

59       1715       -91703.1

59       1716       -91631.3

59       1717       -91545.4

59       1718       -91434.8

59       1719       -91276.9

59       1720       -91017.4

59       1721       -90498.5

59       1722       -89162.5

59       1723       -86258.7

59       1724       -94550

59       1725       -93158.7

59       1726       -92341.9

59       1727       -91968

59       1728       -91761.8

59       1729       -91628.6

59       1730       -91531.6

59       1731       -91454.6

59       1732       -91389.6

59       1733       -91332.2

59       1734       -91279.9

59       1735       -91231.2

59       1736       -91185.1

59       1737       -91141

59       1738       -91098.4

59       1739       -91056.9

59       1740       -91016.5

59       1741       -90976.8

59       1742       -90937.8

59       1743       -90899.4

59       1744       -90861.5

59       1745       -90824.1

59       1746       -90787

59       1747       -90750.3

59       1748       -90713.9

59       1749       -90677.8

59       1750       -90641.9

59       1751       -90606.2

59       1752       -90570.6

59       1753       -90535.3

59       1754       -90500

59       1755       -90464.9

59       1756       -90429.8

59       1757       -90394.9

59       1758       -90360

59       1759       -90325.2

59       1760       -90290.5

59       1761       -90256

59       1762       -90221.7

59       1763       -90187.5

59       1764       -90153.7

59       1765       -90120.2

59       1766       -90087.1

59       1767       -90054.5

59       1768       -90022.4

59       1769       -89990.9

59       1770       -89960

59       1771       -89929.6

59       1772       -89899.8

59       1773       -89870.3

59       1774       -89841.1

59       1775       -89812

59       1776       -89782.7

59       1777       -89753.3

59       1778       -89723.4

59       1779       -89693

59       1780       -89662.2

59       1781       -89630.8

59       1782       -89598.8

59       1783       -89566.4

59       1784       -89533.6

59       1785       -89500.4

59       1786       -89466.9

59       1787       -89433.1

59       1788       -89399.1

59       1789       -89364.9

59       1790       -89330.5

59       1791       -89296

59       1792       -89261.3

59       1793       -89226.4

58       1794       -90631.8

58       1795       -90598.7

58       1796       -90565.4

58       1797       -90531.7

58       1798       -90497.5

57       1799       -93183.1

57       1800       -93147.2

57       1801       -93110.5

57       1802       -93073.1

57       1803       -93034.8

57       1804       -92995.4

57       1805       -92954.9

57       1806       -92913.2

57       1807       -92870.2

57       1808       -92826.2

57       1809       -92781.6

57       1810       -92737.4

57       1811       -92695.2

57       1812       -92657.3

57       1813       -92626.6

57       1814       -92604.9

57       1815       -92591.1

57       1816       -92578.7

57       1817       -92555.7

57       1818       -92506.9

57       1819       -92415.1

57       1820       -92259.4

57       1821       -92017.4

57       1822       -91730.3

57       1823       -91843.7

57       1824       -92889.2

57       1825       -93398.7

57       1826       -93245.7

57       1827       -93015.9

57       1828       -92839.1

57       1829       -92710.5

57       1830       -92613.7

57       1831       -92536.9

57       1832       -92473.2

57       1833       -92418.2

57       1834       -92369.2

57       1835       -92324.5

57       1836       -92283

57       1837       -92243.9

57       1838       -92206.6

57       1839       -92170.6

57       1840       -92135.8

57       1841       -92101.7

57       1842       -92068.4

57       1843       -92035.5

57       1844       -92002.9

57       1845       -91970.5

57       1846       -91938.2

57       1847       -91905.8

57       1848       -91873.2

57       1849       -91840.2

57       1850       -91806.6

57       1851       -91772

57       1852       -91736.1

57       1853       -91698.3

57       1854       -91657.8

57       1855       -91613.3

57       1856       -91562.6

57       1857       -91502.4

57       1858       -91426

57       1859       -91320.4

57       1860       -91155.4

57       1861       -90847.8

57       1862       -90092.6

57       1863       -87005.3

56       1864       -84470.9

56       1865       -81779.1

56       1866       -80107.3

56       1867       -79691

56       1868       -79500.8

55       1869       -84384.8

55       1870       -84359.8

55       1871       -84334.3

55       1872       -84308.1

55       1873       -84281.2

55       1874       -84253.6

54       1875       -86666.3

54       1876       -86638.2

54       1877       -86609.5

54       1878       -86580.1

54       1879       -86550.3

54       1880       -86520.3

54       1881       -86490.3

54       1882       -86461

54       1883       -86432.9

54       1884       -86406.8

54       1885       -86383.6

54       1886       -86363.7

54       1887       -86347.3

54       1888       -86333.4

54       1889       -86320.6

54       1890       -86306.5

54       1891       -86288.4

54       1892       -86264.3

54       1893       -86232.5

54       1894       -86191.8

54       1895       -86141.3

54       1896       -86079.7

54       1897       -86005.3

54       1898       -85916.4

54       1899       -85813.8

54       1900       -85709.2

54       1901       -85644.6

54       1902       -85709.4

54       1903       -85959.7

54       1904       -86248.6

54       1905       -86382.1

54       1906       -86365.7

54       1907       -86285.6

54       1908       -86194.2

54       1909       -86109.5

54       1910       -86035.1

54       1911       -85969.9

54       1912       -85912.1

54       1913       -85859.8

54       1914       -85811.8

54       1915       -85766.8

54       1916       -85724.2

54       1917       -85683.2

54       1918       -85643.5

54       1919       -85604.5

54       1920       -85566

54       1921       -85527.7

54       1922       -85489.2

54       1923       -85450.2

54       1924       -85410.4

54       1925       -85369.3

54       1926       -85326.2

54       1927       -85280.4

54       1928       -85230.7

54       1929       -85175.1

54       1930       -85110.7

54       1931       -85032.6

54       1932       -84932.1

54       1933       -84792.2

54       1934       -84577.2

54       1935       -84202

54       1936       -83434.1

54       1937       -81627

54       1938       -80441.5

54       1939       -88385.4

54       1940       -87029.1

54       1941       -86017.9

54       1942       -85533

54       1943       -85271.3

54       1944       -85111

54       1945       -85002.2

54       1946       -84921.9

54       1947       -84858.5

54       1948       -84805.8

54       1949       -84760

54       1950       -84718.8

54       1951       -84681

54       1952       -84645.4

54       1953       -84611.6

54       1954       -84579.1

54       1955       -84547.6

54       1956       -84516.9

54       1957       -84486.8

54       1958       -84457.2

54       1959       -84427.9

54       1960       -84398.9

54       1961       -84370.1

54       1962       -84341.4

54       1963       -84312.6

54       1964       -84283.7

54       1965       -84254.5

54       1966       -84224.9

54       1967       -84194.8

54       1968       -84164

54       1969       -84132.4

54       1970       -84099.9

54       1971       -84066.3

54       1972       -84031.4

54       1973       -83995.1

54       1974       -83957.4

55       1975       -81661.4

55       1976       -81628.2

55       1977       -81593.8

55       1978       -81558

55       1979       -81521.2

55       1980       -81483.4

55       1981       -81444.9

55       1982       -81405.8

55       1983       -81366.4

55       1984       -81326.9

55       1985       -81287.5

55       1986       -81248.4

55       1987       -81209.6

55       1988       -81171.3

55       1989       -81133.7

55       1990       -81096.7

55       1991       -81060.5

55       1992       -81025

55       1993       -80990.4

55       1994       -80956.4

55       1995       -80923.3

55       1996       -80890.9

55       1997       -80859.2

55       1998       -80828.3

55       1999       -80798

55       2000       -80768.3

55       2001       -80739.3

55       2002       -80710.8

55       2003       -80682.9

55       2004       -80655.4

55       2005       -80628.4

55       2006       -80601.8

55       2007       -80575.6

55       2008       -80549.7

55       2009       -80524

55       2010       -80498.6

55       2011       -80473.3

55       2012       -80448.1

55       2013       -80422.9

55       2014       -80397.7

55       2015       -80372.5

55       2016       -80347

55       2017       -80321.4

55       2018       -80295.4

55       2019       -80269

55       2020       -80242.3

55       2021       -80215

55       2022       -80187.2

55       2023       -80158.8

55       2024       -80129.8

55       2025       -80100.2

55       2026       -80070

55       2027       -80039.3

55       2028       -80008

55       2029       -79976.2

55       2030       -79943.9

55       2031       -79911.3

55       2032       -79878.3

55       2033       -79845.1

55       2034       -79811.6

55       2035       -79778.1

55       2036       -79744.4

55       2037       -79710.7

55       2038       -79676.9

55       2039       -79643.2

55       2040       -79609.5

55       2041       -79576

55       2042       -79542.5

55       2043       -79509.1

55       2044       -79475.9

55       2045       -79442.7

55       2046       -79409.8

55       2047       -79376.9

55       2048       -79344.2

55       2049       -79311.6

55       2050       -79279.1

55       2051       -79246.7

55       2052       -79214.5

55       2053       -79182.3

55       2054       -79150.2

55       2055       -79118.1

55       2056       -79086.1

55       2057       -79054.1

55       2058       -79022.1

55       2059       -78990.1

55       2060       -78958

55       2061       -78925.8

55       2062       -78893.4

55       2063       -78860.9

55       2064       -78828.2

55       2065       -78795.2

55       2066       -78761.8

55       2067       -78728

55       2068       -78693.8

55       2069       -78659

55       2070       -78623.6

55       2071       -78587.6

55       2072       -78551.1

55       2073       -78514.2

55       2074       -78477.3

55       2075       -78441.1

55       2076       -78406.8

55       2077       -78376.1

55       2078       -78351.3

55       2079       -78334.9

55       2080       -78328.5

55       2081       -78331.5

55       2082       -78340.3

55       2083       -78349

55       2084       -78351.7

55       2085       -78345.1

55       2086       -78328.6

55       2087       -78303.7

55       2088       -78272.7

55       2089       -78237.7

55       2090       -78200.3

55       2091       -78161.5

55       2092       -78121.8

55       2093       -78081.4

55       2094       -78040.2

55       2095       -77997.7

55       2096       -77953.5

55       2097       -77906.6

55       2098       -77855.6

55       2099       -77798.2

55       2100       -77731

55       2101       -77647.4

55       2102       -77535.7

55       2103       -77371.1

55       2104       -77097.1

55       2105       -76566.7

55       2106       -75409.7

55       2107       -74452

55       2108       -79739.7

55       2109       -79326.8

55       2110       -78589.5

55       2111       -78199.7

55       2112       -77978.5

55       2113       -77836.1

55       2114       -77733.6

55       2115       -77652.5

55       2116       -77583.3

55       2117       -77520.6

55       2118       -77460.8

55       2119       -77400.9

55       2120       -77338.7

55       2121       -77271.5

55       2122       -77196.8

55       2123       -77111.8

55       2124       -77015.8

55       2125       -76914.8

55       2126       -76835

55       2127       -76842.3

55       2128       -77017

55       2129       -77312.8

55       2130       -77532.3

55       2131       -77587

55       2132       -77538.3

55       2133       -77455.6

55       2134       -77371.7

55       2135       -77296.4

55       2136       -77231.2

55       2137       -77174.6

55       2138       -77124.9

55       2139       -77080.6

55       2140       -77040.5

55       2141       -77003.9

55       2142       -76969.9

55       2143       -76938.1

55       2144       -76908.1

55       2145       -76879.6

55       2146       -76852.3

55       2147       -76826

55       2148       -76800.5

55       2149       -76775.7

55       2150       -76751.3

55       2151       -76727.2

55       2152       -76703.2

55       2153       -76679.3

55       2154       -76655.2

55       2155       -76630.9

55       2156       -76606.3

55       2157       -76581.4

55       2158       -76556

55       2159       -76530.1

55       2160       -76503.6

55       2161       -76476.5

55       2162       -76448.6

55       2163       -76419.8

55       2164       -76389.9

55       2165       -76358.7

55       2166       -76325.8

55       2167       -76290.8

55       2168       -76252.9

55       2169       -76211.5

55       2170       -76165.3

55       2171       -76113.1

55       2172       -76054.2

55       2173       -75989.5

55       2174       -75926.5

55       2175       -75888.4

55       2176       -75920.4

55       2177       -76054.2

55       2178       -76226.9

55       2179       -76326.4

55       2180       -76330.7

55       2181       -76283.3

55       2182       -76220.9

55       2183       -76159.4

55       2184       -76103.4

55       2185       -76053

55       2186       -76007.3

55       2187       -75965.1

55       2188       -75925.4

55       2189       -75887.3

55       2190       -75850.2

55       2191       -75813.4

55       2192       -75776.8

55       2193       -75740.1

55       2194       -75703.4

55       2195       -75667.4

55       2196       -75633.4

55       2197       -75604

55       2198       -75583

55       2199       -75575.3

55       2200       -75584.4

55       2201       -75609.5

55       2202       -75643.2

55       2203       -75673.7

55       2204       -75691.3

55       2205       -75692.4

55       2206       -75679.3

55       2207       -75656.5

55       2208       -75628

55       2209       -75597.1

55       2210       -75565.5

55       2211       -75534.3

55       2212       -75504

55       2213       -75474.6

55       2214       -75446.3

55       2215       -75418.9

55       2216       -75392.4

55       2217       -75366.6

55       2218       -75341.5

55       2219       -75316.9

55       2220       -75292.8

55       2221       -75269.1

55       2222       -75245.6

55       2223       -75222.4

55       2224       -75199.5

55       2225       -75176.6

55       2226       -75153.8

55       2227       -75131

55       2228       -75108.2

55       2229       -75085.3

55       2230       -75062.1

55       2231       -75038.7

55       2232       -75014.9

55       2233       -74990.6

55       2234       -74965.5

55       2235       -74939.5

55       2236       -74912.2

55       2237       -74883.1

55       2238       -74851.7

55       2239       -74817

55       2240       -74777.4

55       2241       -74730.7

55       2242       -74672.9

55       2243       -74596.9

55       2244       -74489.2

55       2245       -74321

55       2246       -74024.1

55       2247       -73415.4

55       2248       -72049.7

55       2249       -71970.2

55       2250       -76907.1

55       2251       -76003.7

55       2252       -75321.2

55       2253       -74981.2

55       2254       -74792.8

55       2255       -74675.2

55       2256       -74594.3

55       2257       -74534

55       2258       -74486.2

55       2259       -74446.4

55       2260       -74412

55       2261       -74381.4

55       2262       -74353.5

55       2263       -74327.6

55       2264       -74303.2

55       2265       -74280

55       2266       -74257.8

55       2267       -74236.2

55       2268       -74215.3

55       2269       -74194.9

55       2270       -74174.9

55       2271       -74155.3

55       2272       -74135.9

55       2273       -74116.9

55       2274       -74098

55       2275       -74079.4

55       2276       -74060.9

55       2277       -74042.6

55       2278       -74024.4

55       2279       -74006.4

55       2280       -73988.4

55       2281       -73970.6

55       2282       -73952.9

55       2283       -73935.2

55       2284       -73917.7

55       2285       -73900.2

55       2286       -73882.7

55       2287       -73865.4

55       2288       -73848.1

55       2289       -73830.9

55       2290       -73813.7

55       2291       -73796.5

55       2292       -73779.4

55       2293       -73762.4

55       2294       -73745.4

55       2295       -73728.4

55       2296       -73711.5

55       2297       -73694.5

55       2298       -73677.6

55       2299       -73660.8

55       2300       -73643.9

55       2301       -73627.1

55       2302       -73610.3

55       2303       -73593.4

55       2304       -73576.6

55       2305       -73559.8

55       2306       -73543

55       2307       -73526.1

55       2308       -73509.2

55       2309       -73492.3

55       2310       -73475.4

55       2311       -73458.4

55       2312       -73441.3

55       2313       -73424.2

55       2314       -73406.9

55       2315       -73389.6

55       2316       -73372.1

55       2317       -73354.5

55       2318       -73336.7

55       2319       -73318.8

55       2320       -73300.5

55       2321       -73282

55       2322       -73263.3

55       2323       -73244.1

55       2324       -73224.7

55       2325       -73204.9

55       2326       -73184.7

55       2327       -73164.3

55       2328       -73143.8

55       2329       -73123.5

55       2330       -73104.1

55       2331       -73086.2

55       2332       -73071

55       2333       -73059.9

55       2334       -73054.4

55       2335       -73055

55       2336       -73061.3

55       2337       -73071

55       2338       -73080.6

55       2339       -73086.7

55       2340       -73087.3

55       2341       -73081.8

55       2342       -73070.9

55       2343       -73056.2

55       2344       -73038.8

55       2345       -73020

55       2346       -73000.5

55       2347       -72980.8

55       2348       -72961.3

55       2349       -72942

55       2350       -72923.2

55       2351       -72904.7

55       2352       -72886.7

55       2353       -72869

55       2354       -72851.7

55       2355       -72834.8

55       2356       -72818.1

55       2357       -72801.6

55       2358       -72785.5

55       2359       -72769.5

55       2360       -72753.7

55       2361       -72738.1

55       2362       -72722.6

55       2363       -72707.3

55       2364       -72692.1

55       2365       -72677.1

55       2366       -72662.1

55       2367       -72647.2

55       2368       -72632.4

55       2369       -72617.7

55       2370       -72603.1

55       2371       -72588.6

55       2372       -72574.1

55       2373       -72559.6

55       2374       -72545.2

55       2375       -72530.9

55       2376       -72516.6

55       2377       -72502.4

55       2378       -72488.2

55       2379       -72474.1

55       2380       -72460

55       2381       -72445.9

55       2382       -72431.9

55       2383       -72417.9

55       2384       -72403.9

55       2385       -72389.9

55       2386       -72376

55       2387       -72362.1

55       2388       -72348.3

55       2389       -72334.4

55       2390       -72320.6

55       2391       -72306.8

55       2392       -72293

55       2393       -72279.2

55       2394       -72265.4

55       2395       -72251.6

55       2396       -72237.7

55       2397       -72223.9

55       2398       -72210.1

55       2399       -72196.2

55       2400       -72182.3

55       2401       -72168.4

55       2402       -72154.4

55       2403       -72140.4

55       2404       -72126.3

55       2405       -72112.1

55       2406       -72097.9

55       2407       -72083.6

55       2408       -72069.3

55       2409       -72054.9

55       2410       -72040.5

55       2411       -72026

55       2412       -72011.6

55       2413       -71997.2

55       2414       -71982.9

55       2415       -71968.9

55       2416       -71955.1

55       2417       -71941.7

55       2418       -71928.8

55       2419       -71916.6

55       2420       -71905.2

55       2421       -71894.6

55       2422       -71884.8

55       2423       -71875.8

55       2424       -71867.4

55       2425       -71859.3

55       2426       -71851.1

55       2427       -71842.6

55       2428       -71833.2

55       2429       -71822.8

55       2430       -71810.9

55       2431       -71797.5

55       2432       -71782.3

55       2433       -71765.4

55       2434       -71746.4

55       2435       -71725.1

55       2436       -71701.1

55       2437       -71673.6

55       2438       -71641.3

55       2439       -71602.1

55       2440       -71552.4

55       2441       -71485.1

55       2442       -71386.7

55       2443       -71226

55       2444       -70920.2

55       2445       -70183.8

55       2446       -67525.1

55       2447       -56783.1

55       2448       -62442.5

54       2449       -68260.9

54       2450       -67710.9

54       2451       -67458.4

54       2452       -67311.2

54       2453       -67213.1

54       2454       -67141.9

54       2455       -67087.1

54       2456       -67042.9

54       2457       -67006.1

54       2458       -66974.5

54       2459       -66947

54       2460       -66922.4

54       2461       -66900.2

54       2462       -66879.9

54       2463       -66861

54       2464       -66843.3

54       2465       -66826.6

54       2466       -66810.8

54       2467       -66795.6

54       2468       -66781

54       2469       -66766.9

54       2470       -66753.1

54       2471       -66739.7

54       2472       -66726.6

54       2473       -66713.7

54       2474       -66700.9

54       2475       -66688.4

54       2476       -66675.9

54       2477       -66663.6

54       2478       -66651.3

54       2479       -66639.1

54       2480       -66626.9

54       2481       -66614.8

54       2482       -66602.6

54       2483       -66590.5

54       2484       -66578.3

54       2485       -66566.1

54       2486       -66554

54       2487       -66541.7

54       2488       -66529.5

54       2489       -66517.2

54       2490       -66504.9

54       2491       -66492.5

54       2492       -66480

54       2493       -66467.6

54       2494       -66455

54       2495       -66442.4

54       2496       -66429.8

54       2497       -66417.1

54       2498       -66404.3

54       2499       -66391.4

54       2500       -66378.5

54       2501       -66365.5

54       2502       -66352.4

54       2503       -66339.2

54       2504       -66326

54       2505       -66312.6

54       2506       -66299.1

54       2507       -66285.5

54       2508       -66271.7

54       2509       -66257.8

54       2510       -66243.7

54       2511       -66229.5

54       2512       -66215

54       2513       -66200.4

54       2514       -66185.5

54       2515       -66170.4

54       2516       -66155.1

54       2517       -66139.4

54       2518       -66123.5

54       2519       -66107.3

54       2520       -66090.8

54       2521       -66074

54       2522       -66056.9

54       2523       -66039.4

54       2524       -66021.7

54       2525       -66003.7

54       2526       -65985.5

54       2527       -65967.1

54       2528       -65948.6

54       2529       -65930

54       2530       -65911.4

54       2531       -65892.9

54       2532       -65874.6

54       2533       -65856.6

54       2534       -65839.1

54       2535       -65822

54       2536       -65805.5

54       2537       -65789.5

54       2538       -65774

54       2539       -65758.9

54       2540       -65744

54       2541       -65729

54       2542       -65713.9

54       2543       -65698.2

54       2544       -65681.9

54       2545       -65664.8

54       2546       -65646.8

54       2547       -65627.9

54       2548       -65608

54       2549       -65587.4

54       2550       -65565.9

54       2551       -65543.9

54       2552       -65521.3

54       2553       -65498.2

54       2554       -65474.8

54       2555       -65451.2

54       2556       -65427.4

54       2557       -65403.6

54       2558       -65379.7

54       2559       -65356

54       2560       -65332.4

54       2561       -65309.1

54       2562       -65286.2

54       2563       -65263.8

54       2564       -65242.1

54       2565       -65221

54       2566       -65200.9

54       2567       -65181.6

54       2568       -65163.4

54       2569       -65146.1

54       2570       -65129.8

54       2571       -65114.2

54       2572       -65099.1

54       2573       -65084.2

54       2574       -65069.3

54       2575       -65054.1

54       2576       -65038.4

54       2577       -65021.9

54       2578       -65004.7

53       2579       -65998.6

53       2580       -65980.1

53       2581       -65960.9

53       2582       -65941.1

53       2583       -65920.9

53       2584       -65900.2

53       2585       -65879.3

53       2586       -65858.2

53       2587       -65836.9

53       2588       -65815.6

53       2589       -65794.1

53       2590       -65772.6

53       2591       -65751.1

53       2592       -65729.5

53       2593       -65707.8

53       2594       -65686

53       2595       -65664.1

53       2596       -65642

53       2597       -65619.7

53       2598       -65597

53       2599       -65574

53       2600       -65550.4

53       2601       -65526.1

53       2602       -65500.9

53       2603       -65474.6

53       2604       -65446.8

53       2605       -65417.2

53       2606       -65385.2

53       2607       -65350

53       2608       -65311

53       2609       -65266.9

53       2610       -65216.7

53       2611       -65159.8

53       2612       -65097.2

53       2613       -65035.1

53       2614       -64991

53       2615       -65000.3

53       2616       -65103.5

53       2617       -65291.4

53       2618       -65474.5

53       2619       -65571.5

53       2620       -65581.8

53       2621       -65544.3

53       2622       -65490.2

53       2623       -65435

53       2624       -65384.2

53       2625       -65339.2

53       2626       -65299.4

53       2627       -65264.1

53       2628       -65232.4

53       2629       -65203.6

53       2630       -65177.1

53       2631       -65152.5

53       2632       -65129.3

53       2633       -65107.4

53       2634       -65086.5

53       2635       -65066.4

53       2636       -65047

53       2637       -65028.2

53       2638       -65009.8

53       2639       -64991.9

53       2640       -64974.4

53       2641       -64957.2

53       2642       -64940.2

53       2643       -64923.5

53       2644       -64907.1

53       2645       -64890.8

53       2646       -64874.7

53       2647       -64858.8

53       2648       -64843.1

53       2649       -64827.4

53       2650       -64811.9

53       2651       -64796.6

53       2652       -64781.3

53       2653       -64766.2

53       2654       -64751.1

53       2655       -64736.2

53       2656       -64721.4

53       2657       -64706.7

53       2658       -64692

53       2659       -64677.5

53       2660       -64663.1

53       2661       -64648.8

53       2662       -64634.6

53       2663       -64620.5

53       2664       -64606.6

53       2665       -64592.7

53       2666       -64579

53       2667       -64565.4

53       2668       -64552

53       2669       -64538.7

53       2670       -64525.5

53       2671       -64512.5

53       2672       -64499.6

53       2673       -64486.8

53       2674       -64474.2

53       2675       -64461.7

53       2676       -64449.4

53       2677       -64437.1

53       2678       -64424.9

53       2679       -64412.8

53       2680       -64400.7

53       2681       -64388.7

53       2682       -64376.7

53       2683       -64364.7

53       2684       -64352.6

53       2685       -64340.6

53       2686       -64328.5

53       2687       -64316.3

53       2688       -64304.1

53       2689       -64291.9

53       2690       -64279.5

53       2691       -64267.1

53       2692       -64254.7

53       2693       -64242.2

53       2694       -64229.6

53       2695       -64216.9

53       2696       -64204.2

53       2697       -64191.5

53       2698       -64178.7

53       2699       -64165.9

53       2700       -64153

53       2701       -64140.1

53       2702       -64127.2

53       2703       -64114.2

53       2704       -64101.2

53       2705       -64088.1

53       2706       -64075.1

53       2707       -64061.9

53       2708       -64048.8

53       2709       -64035.6

53       2710       -64022.3

53       2711       -64009

53       2712       -63995.7

53       2713       -63982.2

53       2714       -63968.7

53       2715       -63955.1

53       2716       -63941.4

53       2717       -63927.6

53       2718       -63913.6

53       2719       -63899.5

53       2720       -63885.3

53       2721       -63870.9

53       2722       -63856.4

53       2723       -63841.6

53       2724       -63826.7

53       2725       -63811.7

53       2726       -63796.5

53       2727       -63781.2

53       2728       -63766

53       2729       -63750.9

53       2730       -63736.1

53       2731       -63722.1

53       2732       -63709

53       2733       -63697.4

53       2734       -63687.9

53       2735       -63680.9

53       2736       -63676.9

53       2737       -63676.1

53       2738       -63678

53       2739       -63681.9

53       2740       -63686.6

53       2741       -63690.8

53       2742       -63693.2

53       2743       -63693

53       2744       -63689.8

53       2745       -63683.7

53       2746       -63675

53       2747       -63664.4

53       2748       -63652.2

53       2749       -63639

53       2750       -63625.3

53       2751       -63611.2

53       2752       -63596.9

53       2753       -63582.8

53       2754       -63568.7

53       2755       -63554.8

53       2756       -63541.1

53       2757       -63527.6

53       2758       -63514.2

53       2759       -63501.1

53       2760       -63488.1

53       2761       -63475.2

53       2762       -63462.5

53       2763       -63449.7

53       2764       -63437

53       2765       -63424.3

53       2766       -63411.5

53       2767       -63398.6

53       2768       -63385.6

53       2769       -63372.4

53       2770       -63358.9

53       2771       -63345.1

53       2772       -63331

53       2773       -63316.2

53       2774       -63300.9

53       2775       -63284.6

53       2776       -63267.3

53       2777       -63248.4

53       2778       -63227.5

53       2779       -63203.8

53       2780       -63175.8

53       2781       -63141.5

53       2782       -63097

53       2783       -63035

53       2784       -62940.3

53       2785       -62775

53       2786       -62421.7

53       2787       -61333.8

53       2788       -52511.3

52       2789       -37612.7

51       2790       -57791.7

51       2791       -57780.3

51       2792       -57767.7

51       2793       -57753.8

51       2794       -57738.4

51       2795       -57721

51       2796       -57701.8

51       2797       -57680.4

51       2798       -57657

51       2799       -57631.5

51       2800       -57604.3

51       2801       -57575.5

51       2802       -57545.5

51       2803       -57514.4

51       2804       -57482.8

51       2805       -57450.8

51       2806       -57418.7

51       2807       -57386.8

51       2808       -57355.3

51       2809       -57324.2

51       2810       -57293.5

51       2811       -57263

51       2812       -57232.2

51       2813       -57200.7

51       2814       -57167.6

51       2815       -57132.2

51       2816       -57093.6

51       2817       -57051.5

51       2818       -57005.7

51       2819       -56956.7

51       2820       -56905.4

51       2821       -56852.6

51       2822       -56799.2

51       2823       -56746.1

51       2824       -56693.8

51       2825       -56642.6

51       2826       -56592.8

51       2827       -56544.5

51       2828       -56497.7

51       2829       -56452.3

51       2830       -56408.3

51       2831       -56365.5

51       2832       -56324

51       2833       -56283.5

51       2834       -56244

51       2835       -56205.3

51       2836       -56167.5

51       2837       -56130.4

51       2838       -56093.8

51       2839       -56057.8

51       2840       -56022.3

51       2841       -55987.2

51       2842       -55952.5

51       2843       -55918.1

51       2844       -55884

51       2845       -55850.2

51       2846       -55816.6

51       2847       -55783.4

51       2848       -55750.3

51       2849       -55717.5

51       2850       -55685

51       2851       -55652.7

51       2852       -55620.6

51       2853       -55588.8

51       2854       -55557.2

51       2855       -55525.9

51       2856       -55494.8

51       2857       -55463.9

51       2858       -55433.2

51       2859       -55402.8

51       2860       -55372.5

51       2861       -55342.4

51       2862       -55312.5

51       2863       -55282.7

51       2864       -55253

51       2865       -55223.3

51       2866       -55193.7

51       2867       -55163.9

51       2868       -55134.1

51       2869       -55103.9

51       2870       -55073.3

51       2871       -55042.1

51       2872       -55010.1

51       2873       -54976.7

51       2874       -54941.6

51       2875       -54903.7

51       2876       -54861.9

51       2877       -54813.9

51       2878       -54755.8

51       2879       -54680.6

51       2880       -54572.9

51       2881       -54395.5

51       2882       -54035

51       2883       -52978.4

50       2884       -54957.9

49       2885       -54047.1

49       2886       -54025

49       2887       -54003

49       2888       -53981.3

49       2889       -53959.9

49       2890       -53938.6

49       2891       -53917.5

49       2892       -53896.6

49       2893       -53875.9

49       2894       -53855.4

49       2895       -53835

49       2896       -53814.8

49       2897       -53794.8

49       2898       -53774.9

49       2899       -53755.2

49       2900       -53735.6

49       2901       -53716.2

49       2902       -53696.8

49       2903       -53677.6

49       2904       -53658.6

49       2905       -53639.6

49       2906       -53620.7

49       2907       -53601.9

49       2908       -53583.2

49       2909       -53564.6

49       2910       -53546.1

49       2911       -53527.7

49       2912       -53509.3

49       2913       -53491

49       2914       -53472.7

49       2915       -53454.5

49       2916       -53436.4

49       2917       -53418.3

49       2918       -53400.2

49       2919       -53382.2

49       2920       -53364.3

49       2921       -53346.4

49       2922       -53328.5

49       2923       -53310.8

49       2924       -53293.1

49       2925       -53275.5

49       2926       -53258

49       2927       -53240.7

49       2928       -53223.5

49       2929       -53206.6

49       2930       -53189.8

49       2931       -53173.3

49       2932       -53157

49       2933       -53141.1

49       2934       -53125.4

49       2935       -53110.1

49       2936       -53095.1

49       2937       -53080.4

49       2938       -53066

49       2939       -53051.7

49       2940       -53037.6

49       2941       -53023.5

49       2942       -53009.4

49       2943       -52995.1

49       2944       -52980.7

49       2945       -52966.1

49       2946       -52951.2

49       2947       -52936

49       2948       -52920.6

49       2949       -52904.9

49       2950       -52888.9

49       2951       -52872.8

49       2952       -52856.5

49       2953       -52840

49       2954       -52823.4

49       2955       -52806.7

49       2956       -52790

49       2957       -52773.2

49       2958       -52756.4

49       2959       -52739.7

49       2960       -52722.9

49       2961       -52706.2

49       2962       -52689.5

49       2963       -52672.9

49       2964       -52656.3

49       2965       -52639.8

49       2966       -52623.3

49       2967       -52606.9

49       2968       -52590.6

49       2969       -52574.3

49       2970       -52558.1

49       2971       -52542

49       2972       -52525.9

49       2973       -52509.9

49       2974       -52494

49       2975       -52478.1

49       2976       -52462.3

49       2977       -52446.6

49       2978       -52431

49       2979       -52415.4

49       2980       -52399.8

49       2981       -52384.4

49       2982       -52369

49       2983       -52353.6

49       2984       -52338.4

49       2985       -52323.1

49       2986       -52308

49       2987       -52292.9

49       2988       -52277.8

49       2989       -52262.8

49       2990       -52247.9

49       2991       -52233

49       2992       -52218.1

49       2993       -52203.3

49       2994       -52188.6

49       2995       -52173.9

49       2996       -52159.2

49       2997       -52144.6

49       2998       -52130.1

49       2999       -52115.6

