-284073            0

-284073            1

-284073            2

-284073            3

-284073            4

-284073            5

-284073            6

-284073            7

-284073            8

-284073            9

-284073            10

-284073            11

-284073            12

-284073            13

-284073            14

-284073            15

-284073            16

-284073            17

-284073            18

-284073            19

-284073            20

-284073            21

-284073            22

-284073            23

-284073            24

-284073            25

-284073            26

-284073            27

-284073            28

-284073            29

-284073            30

-284073            31

-284073            32

-284073            33

-284073            34

-284073            35

-284073            36

-284073            37

-284073            38

-284073            39

-284073            40

-284073            41

-284073            42

-284073            43

-284073            44

-284073            45

-284073            46

-284073            47

-284073            48

-284073            49

-284073            50

-284073            51

-284073            52

-284073            53

-284073            54

-284073            55

-284073            56

-284073            57

-284073            58

-284073            59

-284073            60

-284073            61

-284073            62

-284073            63

-284073            64

-284073            65

-284073            66

-284073            67

-284073            68

-284073            69

-284073            70

-284073            71

-284073            72

-284073            73

-284073            74

-284073            75

-284073            76

-284073            77

-284073            78

-284073            79

-284073            80

-284073            81

-284073            82

-284073            83

-284073            84

-284073            85

-284073            86

-284073            87

-284073            88

-284073            89

-284073            90

-284073            91

-284073            92

-284073            93

-284073            94

-284073            95

-284073            96

-284073            97

-284073            98

-284073            99

-284073            100

-284073            101

-284073            102

-284073            103

-284073            104

-284073            105

-284073            106

-284073            107

-284073            108

-284073            109

-284073            110

-284073            111

-284073            112

-284073            113

-284073            114

-284073            115

-284073            116

-284073            117

-284073            118

-284073            119

-284073            120

-284073            121

-284073            122

-284073            123

-284073            124

-284073            125

-284073            126

-284073            127

-284073            128

-284073            129

-284073            130

-284073            131

-284073            132

-284073            133

-284073            134

-284073            135

-284073            136

-284073            137

-284073            138

-284073            139

-284073            140

-284073            141

-284073            142

-284073            143

-284073            144

-284073            145

-284073            146

-284073            147

-284073            148

-284073            149

-284073            150

-284073            151

-284073            152

-284073            153

-284073            154

-284073            155

-284073            156

-284073            157

-284073            158

-284073            159

-284073            160

-284073            161

-284073            162

-284073            163

-284073            164

-284073            165

-284073            166

-284073            167

-284073            168

-284073            169

-284073            170

-284073            171

-284073            172

-284073            173

-284073            174

-284073            175

-284073            176

-284073            177

-284073            178

-284073            179

-284073            180

-284073            181

-284073            182

-284073            183

-284073            184

-284073            185

-284073            186

-284073            187

-284073            188

-284073            189

-284073            190

-284073            191

-284073            192

-284073            193

-284073            194

-284073            195

-284073            196

-284073            197

-284073            198

-284073            199

-284073            200

-284073            201

-284073            202

-284073            203

-284073            204

-284073            205

-284073            206

-284073            207

-284073            208

-284073            209

-284073            210

-284073            211

-284073            212

-284073            213

-284073            214

-284073            215

-284073            216

-284073            217

-284073            218

-284073            219

-284073            220

-284073            221

-284073            222

-284073            223

-284073            224

-284073            225

-284073            226

-284073            227

-284073            228

-284073            229

-284073            230

-284073            231

-284073            232

-284073            233

-284073            234

-284073            235

-284073            236

-284073            237

-284073            238

-284073            239

-284072            240

-284072            241

-284072            242

-284072            243

-284072            244

-284072            245

-284072            246

-284072            247

-284072            248

-284072            249

-284072            250

-284072            251

-284072            252

-284072            253

-284072            254

-284072            255

-284072            256

-284072            257

-284072            258

-284072            259

-284072            260

-284072            261

-284072            262

-284072            263

-284072            264

-284072            265

-284072            266

-284072            267

-284072            268

-284072            269

-284072            270

-284072            271

-284072            272

-284072            273

-284072            274

-284072            275

-284072            276

-284072            277

-284072            278

-284072            279

-284072            280

-284072            281

-284072            282

-284072            283

-284072            284

-284072            285

-284072            286

-284072            287

-284072            288

-284072            289

-284072            290

-284072            291

-284072            292

-284072            293

-284072            294

-284072            295

-284072            296

-284072            297

-284072            298

-284072            299

-284072            300

-284072            301

-284072            302

-284072            303

-284072            304

-284072            305

-284072            306

-284072            307

-284072            308

-284072            309

-284072            310

-284072            311

-284072            312

-284072            313

-284072            314

-284072            315

-284072            316

-284072            317

-284072            318

-284072            319

-284072            320

-284072            321

-284072            322

-284072            323

-284072            324

-284072            325

-284072            326

-284072            327

-284072            328

-284072            329

-284072            330

-284072            331

-284072            332

-284072            333

-284072            334

-284072            335

-284072            336

-284072            337

-284072            338

-284072            339

-284072            340

-284072            341

-284072            342

-284072            343

-284072            344

-284072            345

-284072            346

-284072            347

-284072            348

-284072            349

-284072            350

-284072            351

-284072            352

-284072            353

-284072            354

-284072            355

-284072            356

-284072            357

-284072            358

-284072            359

-284072            360

-284072            361

-284072            362

-284072            363

-284072            364

-284072            365

-284072            366

-284072            367

-284072            368

-284072            369

-284072            370

-284072            371

-284072            372

-284072            373

-284072            374

-284072            375

-284072            376

-284072            377

-284072            378

-284072            379

-284072            380

-284072            381

-284072            382

-284072            383

-284072            384

-284072            385

-284072            386

-284072            387

-284072            388

-284072            389

-284072            390

-284072            391

-284072            392

-284072            393

-284072            394

-284072            395

-284072            396

-284072            397

-284072            398

-284072            399

-284072            400

-284072            401

-284072            402

-284072            403

-284072            404

-284072            405

-284072            406

-284072            407

-284072            408

-284072            409

-284072            410

-284072            411

-284072            412

-284072            413

-284072            414

-284072            415

-284072            416

-284072            417

-284072            418

-284072            419

-284072            420

-284072            421

-284072            422

-284072            423

-284072            424

-284072            425

-284072            426

-284072            427

-284072            428

-284072            429

-284072            430

-284072            431

-284072            432

-284072            433

-284072            434

-284072            435

-284072            436

-284072            437

-284072            438

-284072            439

-284072            440

-284072            441

-284072            442

-284072            443

-284072            444

-284072            445

-284072            446

-284072            447

-284072            448

-284072            449

-284072            450

-284072            451

-284072            452

-284072            453

-284072            454

-284072            455

-284072            456

-284072            457

-284072            458

-284072            459

-284072            460

-284072            461

-284072            462

-284072            463

-284072            464

-284072            465

-284072            466

-284072            467

-284072            468

-284072            469

-284072            470

-284072            471

-284072            472

-284072            473

-284072            474

-284072            475

-284072            476

-284072            477

-284071            478

-284071            479

-284071            480

-284071            481

-284071            482

-284071            483

-284071            484

-284071            485

-284071            486

-284071            487

-284071            488

-284071            489

-284071            490

-284071            491

-284071            492

-284071            493

-284071            494

-284071            495

-284071            496

-284071            497

-284071            498

-284071            499

-284071            500

-284071            501

-284071            502

-284071            503

-284071            504

-284071            505

-284071            506

-284071            507

-284071            508

-284071            509

-284071            510

-284071            511

-284071            512

-284071            513

-284071            514

-284071            515

-284071            516

-284071            517

-284071            518

-284071            519

-284071            520

-284071            521

-284071            522

-284071            523

-284071            524

-284071            525

-284071            526

-284071            527

-284071            528

-284071            529

-284071            530

-284071            531

-284071            532

-284071            533

-284071            534

-284071            535

-284071            536

-284071            537

-284071            538

-284071            539

-284071            540

-284071            541

-284071            542

-284071            543

-284071            544

-284071            545

-284071            546

-284071            547

-284071            548

-284071            549

-284071            550

-284071            551

-284071            552

-284071            553

-284071            554

-284071            555

-284071            556

-284071            557

-284071            558

-284071            559

-284071            560

-284071            561

-284071            562

-284071            563

-284071            564

-284071            565

-284071            566

-284071            567

-284071            568

-284071            569

-284071            570

-284071            571

-284071            572

-284071            573

-284071            574

-284071            575

-284071            576

-284071            577

-284071            578

-284071            579

-284071            580

-284071            581

-284071            582

-284071            583

-284071            584

-284071            585

-284071            586

-284071            587

-284071            588

-284071            589

-284071            590

-284071            591

-284071            592

-284071            593

-284071            594

-284071            595

-284071            596

-284071            597

-284071            598

-284071            599

-284071            600

-284071            601

-284071            602

-284071            603

-284071            604

-284071            605

-284071            606

-284071            607

-284071            608

-284071            609

-284071            610

-284071            611

-284071            612

-284071            613

-284071            614

-284071            615

-284071            616

-284071            617

-284071            618

-284070            619

-284070            620

-284070            621

-284070            622

-284070            623

-284070            624

-284070            625

-284070            626

-284070            627

-284070            628

-284070            629

-284070            630

-284070            631

-284070            632

-284070            633

-284070            634

-284070            635

-284070            636

-284070            637

-284070            638

-284070            639

-284070            640

-284070            641

-284070            642

-284070            643

-284070            644

-284070            645

-284070            646

-284070            647

-284070            648

-284070            649

-284070            650

-284070            651

-284070            652

-284070            653

-284070            654

-284070            655

-284070            656

-284070            657

-284070            658

-284070            659

-284070            660

-284070            661

-284070            662

-284070            663

-284070            664

-284070            665

-284070            666

-284070            667

-284070            668

-284070            669

-284070            670

-284070            671

-284070            672

-284070            673

-284070            674

-284070            675

-284070            676

-284070            677

-284070            678

-284070            679

-284070            680

-284070            681

-284070            682

-284070            683

-284070            684

-284070            685

-284070            686

-284070            687

-284070            688

-284070            689

-284070            690

-284070            691

-284070            692

-284070            693

-284070            694

-284070            695

-284069            696

-284069            697

-284069            698

-284069            699

-284069            700

-284069            701

-284069            702

-284069            703

-284069            704

-284069            705

-284069            706

-284069            707

-284069            708

-284069            709

-284069            710

-284069            711

-284069            712

-284069            713

-284069            714

-284069            715

-284069            716

-284069            717

-284069            718

-284069            719

-284069            720

-284069            721

-284069            722

-284069            723

-284069            724

-284069            725

-284069            726

-284069            727

-284069            728

-284069            729

-284069            730

-284069            731

-284069            732

-284069            733

-284069            734

-284069            735

-284069            736

-284069            737

-284069            738

-284069            739

-284069            740

-284069            741

-284068            742

-284068            743

-284068            744

-284068            745

-284068            746

-284068            747

-284068            748

-284068            749

-284068            750

-284068            751

-284068            752

-284068            753

-284068            754

-284068            755

-284068            756

-284068            757

-284068            758

-284068            759

-284068            760

-284068            761

-284068            762

-284068            763

-284068            764

-284068            765

-284068            766

-284068            767

-284068            768

-284068            769

-284068            770

-284067            771

-284067            772

-284067            773

-284067            774

-284067            775

-284067            776

-284067            777

-284067            778

-284067            779

-284067            780

-284067            781

-284067            782

-284067            783

-284067            784

-284067            785

-284067            786

-284067            787

-284067            788

-284067            789

-284067            790

-284067            791

-284066            792

-284066            793

-284066            794

-284066            795

-284066            796

-284066            797

-284066            798

-284066            799

-284066            800

-284066            801

-284066            802

-284066            803

-284066            804

-284066            805

-284066            806

-284065            807

-284065            808

-284065            809

-284065            810

-284065            811

-284065            812

-284065            813

-284065            814

-284065            815

-284065            816

-284065            817

-284065            818

-284064            819

-284064            820

-284064            821

-284064            822

-284064            823

-284064            824

-284064            825

-284064            826

-284064            827

-284063            828

-284063            829

-284063            830

-284063            831

-284063            832

-284063            833

-284063            834

-284062            835

-284062            836

-284062            837

-284062            838

-284062            839

-284062            840

-284062            841

-284061            842

-284061            843

-284061            844

-284061            845

-284061            846

-284060            847

-284060            848

-284060            849

-284060            850

-284060            851

-284059            852

-284059            853

-284059            854

-284059            855

-284058            856

-284058            857

-284058            858

-284058            859

-284057            860

-284057            861

-284057            862

-284056            863

-284056            864

-284056            865

-284055            866

-284055            867

-284054            868

-284054            869

-284054            870

-284053            871

-284053            872

-284052            873

-284052            874

-284051            875

-284051            876

-284050            877

-284049            878

-284049            879

-284048            880

-284047            881

-284047            882

-284046            883

-284045            884

-284044            885

-284043            886

-284042            887

-284041            888

-284040            889

-284039            890

-284038            891

-284037            892

-284035            893

-284034            894

-284032            895

-284031            896

-284029            897

-284027            898

-284025            899

-284023            900

-284020            901

-284018            902

-284015            903

-284012            904

-284009            905

-284005            906

-284002            907

-283997            908

-283993            909

-283988            910

-283982            911

-283975            912

-283968            913

-283960            914

-283951            915

-283940            916

-283928            917

-283915            918

-283898            919

-283879            920

-283857            921

-283830            922

-283796            923

-283755            924

-283703            925

-283636            926

-283546            927

-283424            928

-283247            929

-282979            930

-282538            931

-281726            932

-279921            933

-274217            934

-226467            935

-86219.3            936

29770.5            937

40000.8            938

42028.5            939

42760.6            940

43105.7            941

43295.4            942

43410.8            943

43486.3            944

43538.3            945

43575.6            946

43603.3            947

43624.5            948

43641            949

43654.2            950

43664.8            951

43673.5            952

43680.7            953

43686.8            954

43691.9            955

43696.3            956

43700.1            957

43703.4            958

43706.3            959

43708.8            960

43711            961

43713            962

43714.8            963

43716.4            964

43717.8            965

43719.1            966

43720.2            967

43721.3            968

43722.3            969

43723.1            970

43723.9            971

43724.7            972

43725.4            973

43726            974

43726.6            975

43727.1            976

43727.6            977

43728.1            978

43728.5            979

43728.9            980

43729.3            981

43729.7            982

43730            983

43730.3            984

43730.6            985

43730.9            986

43731.1            987

43731.4            988

43731.6            989

43731.8            990

43732.1            991

43732.3            992

43732.4            993

43732.6            994

43732.8            995

43733            996

43733.1            997

43733.3            998

43733.4            999

43733.5            1000

43733.7            1001

43733.8            1002

43733.9            1003

43734            1004

43734.1            1005

43734.2            1006

43734.3            1007

43734.4            1008

43734.5            1009

43734.6            1010

43734.7            1011

43734.8            1012

43734.9            1013

43735            1014

43735            1015

43735.1            1016

43735.2            1017

43735.2            1018

43735.3            1019

43735.4            1020

43735.4            1021

43735.5            1022

43735.6            1023

43735.6            1024

43735.7            1025

43735.7            1026

43735.8            1027

43735.8            1028

43735.9            1029

43735.9            1030

43736            1031

43736            1032

43736.1            1033

43736.1            1034

43736.2            1035

43736.2            1036

43736.3            1037

43736.3            1038

43736.3            1039

43736.4            1040

43736.4            1041

43736.5            1042

43736.5            1043

43736.5            1044

43736.6            1045

43736.6            1046

43736.6            1047

43736.7            1048

43736.7            1049

43736.7            1050

43736.8            1051

43736.8            1052

43736.8            1053

43736.9            1054

43736.9            1055

43736.9            1056

43737            1057

43737            1058

43737            1059

43737.1            1060

43737.1            1061

43737.1            1062

43737.2            1063

43737.2            1064

43737.2            1065

43737.2            1066

43737.3            1067

43737.3            1068

43737.3            1069

43737.4            1070

43737.4            1071

43737.4            1072

43737.4            1073

43737.5            1074

43737.5            1075

43737.5            1076

43737.6            1077

43737.6            1078

43737.6            1079

43737.6            1080

43737.7            1081

43737.7            1082

43737.7            1083

43737.8            1084

43737.8            1085

43737.8            1086

43737.8            1087

43737.9            1088

43737.9            1089

43737.9            1090

43738            1091

43738            1092

43738            1093

43738            1094

43738.1            1095

43738.1            1096

43738.1            1097

43738.2            1098

43738.2            1099

43738.2            1100

43738.2            1101

43738.3            1102

43738.3            1103

43738.3            1104

43738.4            1105

43738.4            1106

43738.4            1107

43738.5            1108

43738.5            1109

43738.5            1110

43738.6            1111

43738.6            1112

43738.6            1113

43738.7            1114

43738.7            1115

43738.7            1116

43738.8            1117

43738.8            1118

43738.8            1119

43738.9            1120

43738.9            1121

43738.9            1122

43739            1123

43739            1124

43739.1            1125

43739.1            1126

43739.1            1127

43739.2            1128

43739.2            1129

43739.2            1130

43739.3            1131

43739.3            1132

43739.4            1133

43739.4            1134

43739.5            1135

43739.5            1136

43739.5            1137

43739.6            1138

43739.6            1139

43739.7            1140

43739.7            1141

43739.8            1142

43739.8            1143

43739.9            1144

43739.9            1145

43740            1146

43740            1147

43740.1            1148

43740.1            1149

43740.2            1150

43740.2            1151

43740.3            1152

43740.3            1153

43740.4            1154

43740.5            1155

43740.5            1156

43740.6            1157

43740.6            1158

43740.7            1159

43740.8            1160

43740.8            1161

43740.9            1162

43741            1163

43741            1164

43741.1            1165

43741.2            1166

43741.3            1167

43741.3            1168

43741.4            1169

43741.5            1170

43741.6            1171

43741.6            1172

43741.7            1173

43741.8            1174

43741.9            1175

43742            1176

43742.1            1177

43742.2            1178

43742.3            1179

43742.4            1180

43742.5            1181

43742.6            1182

43742.7            1183

43742.8            1184

43742.9            1185

43743            1186

43743.1            1187

43743.2            1188

43743.3            1189

43743.5            1190

43743.6            1191

43743.7            1192

43743.9            1193

43744            1194

43744.1            1195

43744.3            1196

43744.4            1197

43744.6            1198

43744.7            1199

43744.9            1200

43745.1            1201

43745.2            1202

43745.4            1203

43745.6            1204

43745.8            1205

43746            1206

43746.2            1207

43746.4            1208

43746.6            1209

43746.8            1210

43747.1            1211

43747.3            1212

43747.6            1213

43747.8            1214

43748.1            1215

43748.3            1216

43748.6            1217

43748.9            1218

43749.2            1219

43749.5            1220

43749.9            1221

43750.2            1222

43750.6            1223

43751            1224

43751.3            1225

43751.7            1226

43752.2            1227

43752.6            1228

43753.1            1229

43753.5            1230

43754.1            1231

43754.6            1232

43755.1            1233

43755.7            1234

43756.3            1235

43757            1236

43757.6            1237

43758.3            1238

43759.1            1239

43759.9            1240

43760.7            1241

43761.6            1242

43762.5            1243

43763.5            1244

43764.6            1245

43765.7            1246

43766.9            1247

43768.2            1248

43769.6            1249

43771            1250

43772.6            1251

43774.3            1252

43776.1            1253

43778            1254

43780.2            1255

43782.5            1256

43785            1257

43787.7            1258

43790.6            1259

43793.9            1260

43797.5            1261

43801.5            1262

43805.9            1263

43810.8            1264

43816.2            1265

43822.4            1266

43829.3            1267

43837.2            1268

43846.2            1269

43856.6            1270

43868.7            1271

43882.8            1272

43899.5            1273

43919.5            1274

43943.8            1275

43973.7            1276

44011            1277

44058.9            1278

44121.5            1279

44206.3            1280

44325.4            1281

44501.4            1282

44779.5            1283

45263.1            1284

46237.1            1285

48769.9            1286

60381.6            1287

990045            1288

1.10892e+006            1289

1.11284e+006            1290

1.11365e+006            1291

1.11395e+006            1292

1.11409e+006            1293

1.11417e+006            1294

1.11421e+006            1295

1.11424e+006            1296

1.11426e+006            1297

1.11428e+006            1298

1.11429e+006            1299

1.1143e+006            1300

1.11431e+006            1301

1.11431e+006            1302

1.11432e+006            1303

1.11432e+006            1304

1.11432e+006            1305

1.11432e+006            1306

1.11433e+006            1307

1.11433e+006            1308

1.11433e+006            1309

1.11433e+006            1310

1.11433e+006            1311

1.11433e+006            1312

1.11433e+006            1313

1.11433e+006            1314

1.11434e+006            1315

1.11434e+006            1316

1.11434e+006            1317

1.11434e+006            1318

1.11434e+006            1319

1.11434e+006            1320

1.11434e+006            1321

1.11434e+006            1322

1.11434e+006            1323

1.11434e+006            1324

1.11434e+006            1325

1.11434e+006            1326

1.11434e+006            1327

1.11434e+006            1328

1.11434e+006            1329

1.11434e+006            1330

1.11434e+006            1331

1.11434e+006            1332

1.11434e+006            1333

1.11434e+006            1334

1.11434e+006            1335

1.11434e+006            1336

1.11434e+006            1337

1.11434e+006            1338

1.11434e+006            1339

1.11434e+006            1340

1.11434e+006            1341

1.11434e+006            1342

1.11434e+006            1343

1.11434e+006            1344

1.11434e+006            1345

1.11434e+006            1346

1.11434e+006            1347

1.11434e+006            1348

1.11434e+006            1349

1.11434e+006            1350

1.11434e+006            1351

1.11434e+006            1352

1.11434e+006            1353

1.11434e+006            1354

1.11434e+006            1355

1.11434e+006            1356

1.11434e+006            1357

1.11434e+006            1358

1.11434e+006            1359

1.11434e+006            1360

1.11434e+006            1361

1.11434e+006            1362

1.11434e+006            1363

1.11434e+006            1364

1.11434e+006            1365

1.11434e+006            1366

1.11434e+006            1367

1.11434e+006            1368

1.11434e+006            1369

1.11434e+006            1370

1.11434e+006            1371

1.11434e+006            1372

1.11434e+006            1373

1.11434e+006            1374

1.11434e+006            1375

1.11434e+006            1376

1.11434e+006            1377

1.11434e+006            1378

1.11434e+006            1379

1.11434e+006            1380

1.11434e+006            1381

1.11434e+006            1382

1.11434e+006            1383

1.11434e+006            1384

1.11434e+006            1385

1.11434e+006            1386

1.11434e+006            1387

1.11434e+006            1388

1.11434e+006            1389

1.11434e+006            1390

1.11434e+006            1391

1.11434e+006            1392

1.11434e+006            1393

1.11434e+006            1394

1.11434e+006            1395

1.11434e+006            1396

1.11434e+006            1397

1.11434e+006            1398

1.11434e+006            1399

1.11434e+006            1400

1.11434e+006            1401

1.11434e+006            1402

1.11434e+006            1403

1.11434e+006            1404

1.11435e+006            1405

1.11435e+006            1406

1.11435e+006            1407

1.11435e+006            1408

1.11435e+006            1409

1.11435e+006            1410

1.11435e+006            1411

1.11435e+006            1412

1.11435e+006            1413

1.11435e+006            1414

1.11435e+006            1415

1.11435e+006            1416

1.11435e+006            1417

1.11435e+006            1418

1.11435e+006            1419

1.11435e+006            1420

1.11435e+006            1421

1.11435e+006            1422

1.11435e+006            1423

1.11435e+006            1424

1.11435e+006            1425

1.11435e+006            1426

1.11435e+006            1427

1.11435e+006            1428

1.11435e+006            1429

1.11435e+006            1430

1.11435e+006            1431

1.11435e+006            1432

1.11435e+006            1433

1.11435e+006            1434

1.11435e+006            1435

1.11435e+006            1436

1.11435e+006            1437

1.11435e+006            1438

1.11435e+006            1439

1.11435e+006            1440

1.11435e+006            1441

1.11435e+006            1442

1.11435e+006            1443

1.11435e+006            1444

1.11435e+006            1445

1.11435e+006            1446

1.11435e+006            1447

1.11435e+006            1448

1.11435e+006            1449

1.11435e+006            1450

1.11435e+006            1451

1.11435e+006            1452

1.11435e+006            1453

1.11435e+006            1454

1.11435e+006            1455

1.11435e+006            1456

1.11435e+006            1457

1.11435e+006            1458

1.11435e+006            1459

1.11435e+006            1460

1.11435e+006            1461

1.11435e+006            1462

1.11435e+006            1463

1.11435e+006            1464

1.11435e+006            1465

1.11435e+006            1466

1.11435e+006            1467

1.11435e+006            1468

1.11435e+006            1469

1.11435e+006            1470

1.11435e+006            1471

1.11435e+006            1472

1.11435e+006            1473

1.11435e+006            1474

1.11435e+006            1475

1.11435e+006            1476

1.11435e+006            1477

1.11435e+006            1478

1.11435e+006            1479

1.11435e+006            1480

1.11435e+006            1481

1.11435e+006            1482

1.11435e+006            1483

1.11435e+006            1484

1.11435e+006            1485

1.11435e+006            1486

1.11435e+006            1487

1.11435e+006            1488

1.11435e+006            1489

1.11435e+006            1490

1.11435e+006            1491

1.11435e+006            1492

1.11435e+006            1493

1.11435e+006            1494

1.11435e+006            1495

1.11435e+006            1496

1.11435e+006            1497

1.11435e+006            1498

1.11435e+006            1499

1.11435e+006            1500

1.11435e+006            1501

1.11435e+006            1502

1.11435e+006            1503

1.11435e+006            1504

1.11435e+006            1505

1.11435e+006            1506

1.11435e+006            1507

1.11435e+006            1508

1.11435e+006            1509

1.11435e+006            1510

1.11435e+006            1511

1.11435e+006            1512

1.11435e+006            1513

1.11435e+006            1514

1.11435e+006            1515

1.11435e+006            1516

1.11435e+006            1517

1.11435e+006            1518

1.11435e+006            1519

1.11435e+006            1520

1.11435e+006            1521

1.11435e+006            1522

1.11435e+006            1523

1.11435e+006            1524

1.11435e+006            1525

1.11435e+006            1526

1.11435e+006            1527

1.11435e+006            1528

1.11435e+006            1529

1.11435e+006            1530

1.11435e+006            1531

1.11435e+006            1532

1.11435e+006            1533

1.11435e+006            1534

1.11435e+006            1535

1.11435e+006            1536

1.11435e+006            1537

1.11435e+006            1538

1.11435e+006            1539

1.11435e+006            1540

1.11435e+006            1541

1.11435e+006            1542

1.11435e+006            1543

1.11435e+006            1544

1.11436e+006            1545

1.11436e+006            1546

1.11436e+006            1547

1.11436e+006            1548

1.11436e+006            1549

1.11436e+006            1550

1.11436e+006            1551

1.11436e+006            1552

1.11436e+006            1553

1.11436e+006            1554

1.11436e+006            1555

1.11436e+006            1556

1.11436e+006            1557

1.11436e+006            1558

1.11436e+006            1559

1.11436e+006            1560

1.11436e+006            1561

1.11436e+006            1562

1.11436e+006            1563

1.11436e+006            1564

1.11436e+006            1565

1.11436e+006            1566

1.11436e+006            1567

1.11437e+006            1568

1.11437e+006            1569

1.11437e+006            1570

1.11437e+006            1571

1.11437e+006            1572

1.11437e+006            1573

1.11437e+006            1574

1.11437e+006            1575

1.11437e+006            1576

1.11437e+006            1577

1.11437e+006            1578

1.11438e+006            1579

1.11438e+006            1580

1.11438e+006            1581

1.11438e+006            1582

1.11438e+006            1583

1.11438e+006            1584

1.11439e+006            1585

1.11439e+006            1586

1.11439e+006            1587

1.11439e+006            1588

1.11439e+006            1589

1.1144e+006            1590

1.1144e+006            1591

1.1144e+006            1592

1.11441e+006            1593

1.11441e+006            1594

1.11442e+006            1595

1.11442e+006            1596

1.11443e+006            1597

1.11443e+006            1598

1.11444e+006            1599

1.11445e+006            1600

1.11445e+006            1601

1.11446e+006            1602

1.11447e+006            1603

1.11449e+006            1604

1.1145e+006            1605

1.11452e+006            1606

1.11454e+006            1607

1.11456e+006            1608

1.11459e+006            1609

1.11462e+006            1610

1.11467e+006            1611

1.11472e+006            1612

1.11479e+006            1613

1.11488e+006            1614

1.11502e+006            1615

1.1152e+006            1616

1.11549e+006            1617

1.11598e+006            1618

1.1169e+006            1619

1.11903e+006            1620

1.12641e+006            1621

1.21678e+006            1622

1.08252e+006            1623

1.1083e+006            1624

1.11249e+006            1625

1.11396e+006            1626

1.11466e+006            1627

1.11505e+006            1628

1.11529e+006            1629

1.11545e+006            1630

1.11557e+006            1631

1.11565e+006            1632

1.11572e+006            1633

1.11576e+006            1634

1.1158e+006            1635

1.11584e+006            1636

1.11586e+006            1637

1.11588e+006            1638

1.1159e+006            1639

1.11592e+006            1640

1.11593e+006            1641

1.11594e+006            1642

1.11595e+006            1643

1.11596e+006            1644

1.11597e+006            1645

1.11598e+006            1646

1.11598e+006            1647

1.11599e+006            1648

1.11599e+006            1649

1.116e+006            1650

1.116e+006            1651

1.11601e+006            1652

1.11601e+006            1653

1.11601e+006            1654

1.11602e+006            1655

1.11602e+006            1656

1.11602e+006            1657

1.11602e+006            1658

1.11602e+006            1659

1.11603e+006            1660

1.11603e+006            1661

1.11603e+006            1662

1.11603e+006            1663

1.11603e+006            1664

1.11604e+006            1665

1.11604e+006            1666

1.11604e+006            1667

1.11604e+006            1668

1.11604e+006            1669

1.11604e+006            1670

1.11604e+006            1671

1.11604e+006            1672

1.11604e+006            1673

1.11604e+006            1674

1.11605e+006            1675

1.11605e+006            1676

1.11605e+006            1677

1.11605e+006            1678

1.11605e+006            1679

1.11605e+006            1680

1.11605e+006            1681

1.11605e+006            1682

1.11605e+006            1683

1.11605e+006            1684

1.11605e+006            1685

1.11605e+006            1686

1.11605e+006            1687

1.11605e+006            1688

1.11605e+006            1689

1.11605e+006            1690

1.11605e+006            1691

1.11605e+006            1692

1.11605e+006            1693

1.11606e+006            1694

1.11606e+006            1695

1.11606e+006            1696

1.11606e+006            1697

1.11606e+006            1698

1.11606e+006            1699

1.11606e+006            1700

1.11606e+006            1701

1.11606e+006            1702

1.11606e+006            1703

1.11606e+006            1704

1.11606e+006            1705

1.11606e+006            1706

1.11606e+006            1707

1.11606e+006            1708

1.11606e+006            1709

1.11606e+006            1710

1.11606e+006            1711

1.11606e+006            1712

1.11606e+006            1713

1.11606e+006            1714

1.11606e+006            1715

1.11606e+006            1716

1.11606e+006            1717

1.11606e+006            1718

1.11606e+006            1719

1.11606e+006            1720

1.11606e+006            1721

1.11606e+006            1722

1.11606e+006            1723

1.11606e+006            1724

1.11606e+006            1725

1.11606e+006            1726

1.11606e+006            1727

1.11606e+006            1728

1.11606e+006            1729

1.11606e+006            1730

1.11606e+006            1731

1.11606e+006            1732

1.11606e+006            1733

1.11606e+006            1734

1.11606e+006            1735

1.11606e+006            1736

1.11606e+006            1737

1.11606e+006            1738

1.11606e+006            1739

1.11606e+006            1740

1.11606e+006            1741

1.11606e+006            1742

1.11606e+006            1743

1.11606e+006            1744

1.11606e+006            1745

1.11606e+006            1746

1.11606e+006            1747

1.11606e+006            1748

1.11606e+006            1749

1.11606e+006            1750

1.11606e+006            1751

1.11606e+006            1752

1.11606e+006            1753

1.11606e+006            1754

1.11606e+006            1755

1.11606e+006            1756

1.11606e+006            1757

1.11606e+006            1758

1.11606e+006            1759

1.11606e+006            1760

1.11606e+006            1761

1.11606e+006            1762

1.11606e+006            1763

1.11606e+006            1764

1.11607e+006            1765

1.11607e+006            1766

1.11607e+006            1767

1.11607e+006            1768

1.11607e+006            1769

1.11607e+006            1770

1.11607e+006            1771

1.11607e+006            1772

1.11607e+006            1773

1.11607e+006            1774

1.11607e+006            1775

1.11607e+006            1776

1.11607e+006            1777

1.11607e+006            1778

1.11607e+006            1779

1.11607e+006            1780

1.11607e+006            1781

1.11607e+006            1782

1.11607e+006            1783

1.11607e+006            1784

1.11607e+006            1785

1.11607e+006            1786

1.11607e+006            1787

1.11607e+006            1788

1.11607e+006            1789

1.11607e+006            1790

1.11607e+006            1791

1.11607e+006            1792

1.11607e+006            1793

1.11607e+006            1794

1.11607e+006            1795

1.11607e+006            1796

1.11607e+006            1797

1.11607e+006            1798

1.11607e+006            1799

1.11607e+006            1800

1.11607e+006            1801

1.11607e+006            1802

1.11607e+006            1803

1.11607e+006            1804

1.11607e+006            1805

1.11607e+006            1806

1.11607e+006            1807

1.11607e+006            1808

1.11607e+006            1809

1.11607e+006            1810

1.11607e+006            1811

1.11607e+006            1812

1.11607e+006            1813

1.11607e+006            1814

1.11607e+006            1815

1.11607e+006            1816

1.11607e+006            1817

1.11607e+006            1818

1.11607e+006            1819

1.11607e+006            1820

1.11607e+006            1821

1.11607e+006            1822

1.11607e+006            1823

1.11607e+006            1824

1.11607e+006            1825

1.11607e+006            1826

1.11607e+006            1827

1.11607e+006            1828

1.11607e+006            1829

1.11607e+006            1830

1.11607e+006            1831

1.11607e+006            1832

1.11607e+006            1833

1.11607e+006            1834

1.11607e+006            1835

1.11607e+006            1836

1.11607e+006            1837

1.11607e+006            1838

1.11607e+006            1839

1.11607e+006            1840

1.11607e+006            1841

1.11607e+006            1842

1.11607e+006            1843

1.11607e+006            1844

1.11607e+006            1845

1.11607e+006            1846

1.11607e+006            1847

1.11607e+006            1848

1.11607e+006            1849

1.11607e+006            1850

1.11607e+006            1851

1.11607e+006            1852

1.11607e+006            1853

1.11607e+006            1854

1.11607e+006            1855

1.11607e+006            1856

1.11607e+006            1857

1.11607e+006            1858

1.11607e+006            1859

1.11607e+006            1860

1.11607e+006            1861

1.11607e+006            1862

1.11607e+006            1863

1.11607e+006            1864

1.11607e+006            1865

1.11607e+006            1866

1.11607e+006            1867

1.11607e+006            1868

1.11607e+006            1869

1.11607e+006            1870

1.11607e+006            1871

1.11607e+006            1872

1.11607e+006            1873

1.11607e+006            1874

1.11607e+006            1875

1.11607e+006            1876

1.11607e+006            1877

1.11607e+006            1878

1.11607e+006            1879

1.11607e+006            1880

1.11607e+006            1881

1.11607e+006            1882

1.11607e+006            1883

1.11607e+006            1884

1.11607e+006            1885

1.11607e+006            1886

1.11607e+006            1887

1.11607e+006            1888

1.11607e+006            1889

1.11607e+006            1890

1.11607e+006            1891

1.11607e+006            1892

1.11607e+006            1893

1.11607e+006            1894

1.11607e+006            1895

1.11607e+006            1896

1.11607e+006            1897

1.11607e+006            1898

1.11607e+006            1899

1.11607e+006            1900

1.11607e+006            1901

1.11607e+006            1902

1.11607e+006            1903

1.11607e+006            1904

1.11607e+006            1905

1.11607e+006            1906

1.11607e+006            1907

1.11607e+006            1908

1.11607e+006            1909

1.11607e+006            1910

1.11607e+006            1911

1.11607e+006            1912

1.11607e+006            1913

1.11607e+006            1914

1.11607e+006            1915

1.11607e+006            1916

1.11607e+006            1917

1.11607e+006            1918

1.11607e+006            1919

1.11607e+006            1920

1.11607e+006            1921

1.11607e+006            1922

1.11607e+006            1923

1.11607e+006            1924

1.11607e+006            1925

1.11607e+006            1926

1.11607e+006            1927

1.11607e+006            1928

1.11607e+006            1929

1.11607e+006            1930

1.11607e+006            1931

1.11607e+006            1932

1.11607e+006            1933

1.11607e+006            1934

1.11607e+006            1935

1.11607e+006            1936

1.11607e+006            1937

1.11607e+006            1938

1.11607e+006            1939

1.11607e+006            1940

1.11607e+006            1941

1.11607e+006            1942

1.11607e+006            1943

1.11607e+006            1944

1.11607e+006            1945

1.11607e+006            1946

1.11607e+006            1947

1.11607e+006            1948

1.11607e+006            1949

1.11607e+006            1950

1.11607e+006            1951

1.11607e+006            1952

1.11607e+006            1953

1.11607e+006            1954

1.11607e+006            1955

1.11607e+006            1956

1.11607e+006            1957

1.11607e+006            1958

1.11607e+006            1959

1.11607e+006            1960

1.11607e+006            1961

1.11607e+006            1962

1.11607e+006            1963

1.11607e+006            1964

1.11607e+006            1965

1.11607e+006            1966

1.11607e+006            1967

1.11607e+006            1968

1.11607e+006            1969

1.11607e+006            1970

1.11607e+006            1971

1.11607e+006            1972

1.11607e+006            1973

1.11607e+006            1974

1.11607e+006            1975

1.11607e+006            1976

1.11607e+006            1977

1.11607e+006            1978

1.11607e+006            1979

1.11607e+006            1980

1.11607e+006            1981

1.11607e+006            1982

1.11607e+006            1983

1.11607e+006            1984

1.11607e+006            1985

1.11607e+006            1986

1.11607e+006            1987

1.11607e+006            1988

1.11607e+006            1989

1.11607e+006            1990

1.11607e+006            1991

1.11607e+006            1992

1.11607e+006            1993

1.11607e+006            1994

1.11607e+006            1995

1.11607e+006            1996

1.11607e+006            1997

1.11607e+006            1998

1.11607e+006            1999

1.11607e+006            2000

1.11607e+006            2001

1.11607e+006            2002

1.11607e+006            2003

1.11607e+006            2004

1.11607e+006            2005

1.11607e+006            2006

1.11607e+006            2007

1.11607e+006            2008

1.11607e+006            2009

1.11607e+006            2010

1.11607e+006            2011

1.11607e+006            2012

1.11608e+006            2013

1.11608e+006            2014

1.11608e+006            2015

1.11608e+006            2016

1.11608e+006            2017

1.11608e+006            2018

1.11608e+006            2019

1.11608e+006            2020

1.11608e+006            2021

1.11608e+006            2022

1.11608e+006            2023

1.11608e+006            2024

1.11608e+006            2025

1.11608e+006            2026

1.11608e+006            2027

1.11608e+006            2028

1.11608e+006            2029

1.11608e+006            2030

1.11608e+006            2031

1.11608e+006            2032

1.11608e+006            2033

1.11608e+006            2034

1.11608e+006            2035

1.11608e+006            2036

1.11608e+006            2037

1.11608e+006            2038

1.11608e+006            2039

1.11608e+006            2040

1.11608e+006            2041

1.11608e+006            2042

1.11608e+006            2043

1.11608e+006            2044

1.11608e+006            2045

1.11608e+006            2046

1.11609e+006            2047

1.11609e+006            2048

1.11609e+006            2049

1.11609e+006            2050

1.11609e+006            2051

1.11609e+006            2052

1.11609e+006            2053

1.11609e+006            2054

1.11609e+006            2055

1.11609e+006            2056

1.11609e+006            2057

1.11609e+006            2058

1.11609e+006            2059

1.1161e+006            2060

1.1161e+006            2061

1.1161e+006            2062

1.1161e+006            2063

1.1161e+006            2064

1.1161e+006            2065

1.1161e+006            2066

1.1161e+006            2067

1.11611e+006            2068

1.11611e+006            2069

1.11611e+006            2070

1.11611e+006            2071

1.11611e+006            2072

1.11612e+006            2073

1.11612e+006            2074

1.11612e+006            2075

1.11613e+006            2076

1.11613e+006            2077

1.11613e+006            2078

1.11614e+006            2079

1.11614e+006            2080

1.11615e+006            2081

1.11615e+006            2082

1.11616e+006            2083

1.11617e+006            2084

1.11617e+006            2085

1.11618e+006            2086

1.11619e+006            2087

1.1162e+006            2088

1.11621e+006            2089

1.11622e+006            2090

1.11624e+006            2091

1.11625e+006            2092

1.11627e+006            2093

1.11628e+006            2094

1.1163e+006            2095

1.11631e+006            2096

1.11633e+006            2097

1.11634e+006            2098

1.11634e+006            2099

1.11633e+006            2100

1.11631e+006            2101

1.11627e+006            2102

1.11622e+006            2103

1.11615e+006            2104

1.11607e+006            2105

1.11599e+006            2106

1.11592e+006            2107

1.11587e+006            2108

1.11584e+006            2109

1.11582e+006            2110

1.11581e+006            2111

1.11581e+006            2112

1.11582e+006            2113

1.11584e+006            2114

1.11585e+006            2115

1.11587e+006            2116

1.11588e+006            2117

1.1159e+006            2118

1.11591e+006            2119

1.11592e+006            2120

1.11593e+006            2121

1.11594e+006            2122

1.11595e+006            2123

1.11596e+006            2124

1.11597e+006            2125

1.11598e+006            2126

1.11598e+006            2127

1.11599e+006            2128

1.11599e+006            2129

1.116e+006            2130

1.116e+006            2131

1.11601e+006            2132

1.11601e+006            2133

1.11601e+006            2134

1.11602e+006            2135

1.11602e+006            2136

1.11602e+006            2137

1.11602e+006            2138

1.11603e+006            2139

1.11603e+006            2140

1.11603e+006            2141

1.11603e+006            2142

1.11603e+006            2143

1.11603e+006            2144

1.11604e+006            2145

1.11604e+006            2146

1.11604e+006            2147

1.11604e+006            2148

1.11604e+006            2149

1.11604e+006            2150

1.11604e+006            2151

1.11604e+006            2152

1.11605e+006            2153

1.11605e+006            2154

1.11605e+006            2155

1.11605e+006            2156

1.11605e+006            2157

1.11605e+006            2158

1.11605e+006            2159

1.11605e+006            2160

1.11605e+006            2161

1.11605e+006            2162

1.11605e+006            2163

1.11605e+006            2164

1.11605e+006            2165

1.11605e+006            2166

1.11605e+006            2167

1.11605e+006            2168

1.11605e+006            2169

1.11606e+006            2170

1.11606e+006            2171

1.11606e+006            2172

1.11606e+006            2173

1.11606e+006            2174

1.11606e+006            2175

1.11606e+006            2176

1.11606e+006            2177

1.11606e+006            2178

1.11606e+006            2179

1.11606e+006            2180

1.11606e+006            2181

1.11606e+006            2182

1.11606e+006            2183

1.11606e+006            2184

1.11606e+006            2185

1.11606e+006            2186

1.11606e+006            2187

1.11606e+006            2188

1.11606e+006            2189

1.11606e+006            2190

1.11606e+006            2191

1.11606e+006            2192

1.11606e+006            2193

1.11606e+006            2194

1.11606e+006            2195

1.11606e+006            2196

1.11606e+006            2197

1.11606e+006            2198

1.11606e+006            2199

1.11606e+006            2200

1.11606e+006            2201

1.11606e+006            2202

1.11606e+006            2203

1.11606e+006            2204

1.11606e+006            2205

1.11606e+006            2206

1.11606e+006            2207

1.11606e+006            2208

1.11606e+006            2209

1.11606e+006            2210

1.11606e+006            2211

1.11606e+006            2212

1.11606e+006            2213

1.11606e+006            2214

1.11606e+006            2215

1.11606e+006            2216

1.11606e+006            2217

1.11606e+006            2218

1.11606e+006            2219

1.11606e+006            2220

1.11606e+006            2221

1.11606e+006            2222

1.11606e+006            2223

1.11606e+006            2224

1.11606e+006            2225

1.11606e+006            2226

1.11607e+006            2227

1.11607e+006            2228

1.11607e+006            2229

1.11607e+006            2230

1.11607e+006            2231

1.11607e+006            2232

1.11607e+006            2233

1.11607e+006            2234

1.11607e+006            2235

1.11607e+006            2236

1.11607e+006            2237

1.11607e+006            2238

1.11607e+006            2239

1.11607e+006            2240

1.11607e+006            2241

1.11607e+006            2242

1.11607e+006            2243

1.11607e+006            2244

1.11607e+006            2245

1.11607e+006            2246

1.11607e+006            2247

1.11607e+006            2248

1.11607e+006            2249

1.11607e+006            2250

1.11607e+006            2251

1.11607e+006            2252

1.11607e+006            2253

1.11607e+006            2254

1.11607e+006            2255

1.11607e+006            2256

1.11607e+006            2257

1.11607e+006            2258

1.11607e+006            2259

1.11607e+006            2260

1.11607e+006            2261

1.11607e+006            2262

1.11607e+006            2263

1.11607e+006            2264

1.11607e+006            2265

1.11607e+006            2266

1.11607e+006            2267

1.11607e+006            2268

1.11607e+006            2269

1.11607e+006            2270

1.11607e+006            2271

1.11607e+006            2272

1.11607e+006            2273

1.11607e+006            2274

1.11607e+006            2275

1.11607e+006            2276

1.11607e+006            2277

1.11607e+006            2278

1.11607e+006            2279

1.11607e+006            2280

1.11607e+006            2281

1.11607e+006            2282

1.11607e+006            2283

1.11607e+006            2284

1.11607e+006            2285

1.11607e+006            2286

1.11607e+006            2287

1.11607e+006            2288

1.11607e+006            2289

1.11607e+006            2290

1.11607e+006            2291

1.11607e+006            2292

1.11607e+006            2293

1.11607e+006            2294

1.11607e+006            2295

1.11607e+006            2296

1.11607e+006            2297

1.11607e+006            2298

1.11607e+006            2299

1.11607e+006            2300

1.11607e+006            2301

1.11607e+006            2302

1.11607e+006            2303

1.11607e+006            2304

1.11607e+006            2305

1.11607e+006            2306

1.11607e+006            2307

1.11607e+006            2308

1.11607e+006            2309

1.11607e+006            2310

1.11607e+006            2311

1.11607e+006            2312

1.11607e+006            2313

1.11607e+006            2314

1.11607e+006            2315

1.11607e+006            2316

1.11607e+006            2317

1.11607e+006            2318

1.11607e+006            2319

1.11607e+006            2320

1.11607e+006            2321

1.11607e+006            2322

1.11607e+006            2323

1.11607e+006            2324

1.11607e+006            2325

1.11607e+006            2326

1.11607e+006            2327

1.11607e+006            2328

1.11607e+006            2329

1.11607e+006            2330

1.11607e+006            2331

1.11607e+006            2332

1.11607e+006            2333

1.11607e+006            2334

1.11607e+006            2335

1.11607e+006            2336

1.11607e+006            2337

1.11607e+006            2338

1.11607e+006            2339

1.11607e+006            2340

1.11607e+006            2341

1.11607e+006            2342

1.11607e+006            2343

1.11607e+006            2344

1.11607e+006            2345

1.11607e+006            2346

1.11607e+006            2347

1.11607e+006            2348

1.11607e+006            2349

1.11607e+006            2350

1.11607e+006            2351

1.11607e+006            2352

1.11607e+006            2353

1.11607e+006            2354

1.11607e+006            2355

1.11607e+006            2356

1.11607e+006            2357

1.11607e+006            2358

1.11607e+006            2359

1.11607e+006            2360

1.11607e+006            2361

1.11607e+006            2362

1.11607e+006            2363

1.11607e+006            2364

1.11607e+006            2365

1.11607e+006            2366

1.11607e+006            2367

1.11607e+006            2368

1.11607e+006            2369

1.11607e+006            2370

1.11607e+006            2371

1.11607e+006            2372

1.11607e+006            2373

1.11607e+006            2374

1.11607e+006            2375

1.11607e+006            2376

1.11607e+006            2377

1.11607e+006            2378

1.11607e+006            2379

1.11607e+006            2380

1.11607e+006            2381

1.11607e+006            2382

1.11607e+006            2383

1.11607e+006            2384

1.11607e+006            2385

1.11607e+006            2386

1.11607e+006            2387

1.11607e+006            2388

1.11607e+006            2389

1.11607e+006            2390

1.11607e+006            2391

1.11607e+006            2392

1.11607e+006            2393

1.11607e+006            2394

1.11607e+006            2395

1.11607e+006            2396

1.11607e+006            2397

1.11607e+006            2398

1.11607e+006            2399

1.11607e+006            2400

1.11607e+006            2401

1.11607e+006            2402

1.11607e+006            2403

1.11607e+006            2404

1.11607e+006            2405

1.11607e+006            2406

1.11607e+006            2407

1.11607e+006            2408

1.11607e+006            2409

1.11607e+006            2410

1.11607e+006            2411

1.11607e+006            2412

1.11607e+006            2413

1.11607e+006            2414

1.11607e+006            2415

1.11607e+006            2416

1.11607e+006            2417

1.11607e+006            2418

1.11607e+006            2419

1.11607e+006            2420

1.11607e+006            2421

1.11607e+006            2422

1.11607e+006            2423

1.11607e+006            2424

1.11607e+006            2425

1.11607e+006            2426

1.11607e+006            2427

1.11607e+006            2428

1.11607e+006            2429

1.11607e+006            2430

1.11607e+006            2431

1.11607e+006            2432

1.11607e+006            2433

1.11607e+006            2434

1.11607e+006            2435

1.11607e+006            2436

1.11607e+006            2437

1.11607e+006            2438

1.11607e+006            2439

1.11607e+006            2440

1.11607e+006            2441

1.11607e+006            2442

1.11607e+006            2443

1.11607e+006            2444

1.11607e+006            2445

1.11607e+006            2446

1.11607e+006            2447

1.11607e+006            2448

1.11607e+006            2449

1.11607e+006            2450

1.11607e+006            2451

1.11607e+006            2452

1.11607e+006            2453

1.11607e+006            2454

1.11607e+006            2455

1.11607e+006            2456

1.11607e+006            2457

1.11607e+006            2458

1.11607e+006            2459

1.11607e+006            2460

1.11607e+006            2461

1.11607e+006            2462

1.11607e+006            2463

1.11607e+006            2464

1.11607e+006            2465

1.11607e+006            2466

1.11607e+006            2467

1.11607e+006            2468

1.11607e+006            2469

1.11607e+006            2470

1.11607e+006            2471

1.11607e+006            2472

1.11607e+006            2473

1.11607e+006            2474

1.11607e+006            2475

1.11607e+006            2476

1.11607e+006            2477

1.11607e+006            2478

1.11607e+006            2479

1.11607e+006            2480

1.11607e+006            2481

1.11607e+006            2482

1.11607e+006            2483

1.11607e+006            2484

1.11607e+006            2485

1.11607e+006            2486

1.11607e+006            2487

1.11607e+006            2488

1.11607e+006            2489

1.11607e+006            2490

1.11607e+006            2491

1.11607e+006            2492

1.11607e+006            2493

1.11607e+006            2494

1.11607e+006            2495

1.11607e+006            2496

1.11607e+006            2497

1.11607e+006            2498

1.11607e+006            2499

1.11607e+006            2500

1.11607e+006            2501

1.11607e+006            2502

1.11607e+006            2503

1.11607e+006            2504

1.11607e+006            2505

1.11607e+006            2506

1.11607e+006            2507

1.11607e+006            2508

1.11607e+006            2509

1.11607e+006            2510

1.11607e+006            2511

1.11607e+006            2512

1.11607e+006            2513

1.11607e+006            2514

1.11607e+006            2515

1.11607e+006            2516

1.11607e+006            2517

1.11607e+006            2518

1.11607e+006            2519

1.11607e+006            2520

1.11607e+006            2521

1.11607e+006            2522

1.11607e+006            2523

1.11607e+006            2524

1.11607e+006            2525

1.11607e+006            2526

1.11607e+006            2527

1.11607e+006            2528

1.11607e+006            2529

1.11607e+006            2530

1.11607e+006            2531

1.11607e+006            2532

1.11607e+006            2533

1.11607e+006            2534

1.11607e+006            2535

1.11607e+006            2536

1.11607e+006            2537

1.11607e+006            2538

1.11607e+006            2539

1.11607e+006            2540

1.11607e+006            2541

1.11607e+006            2542

1.11607e+006            2543

1.11607e+006            2544

1.11607e+006            2545

1.11607e+006            2546

1.11607e+006            2547

1.11607e+006            2548

1.11607e+006            2549

1.11607e+006            2550

1.11607e+006            2551

1.11607e+006            2552

1.11607e+006            2553

1.11607e+006            2554

1.11607e+006            2555

1.11607e+006            2556

1.11607e+006            2557

1.11607e+006            2558

1.11607e+006            2559

1.11607e+006            2560

1.11607e+006            2561

1.11607e+006            2562

1.11607e+006            2563

1.11607e+006            2564

1.11608e+006            2565

1.11608e+006            2566

1.11608e+006            2567

1.11608e+006            2568

1.11608e+006            2569

1.11608e+006            2570

1.11608e+006            2571

1.11608e+006            2572

1.11608e+006            2573

1.11608e+006            2574

1.11608e+006            2575

1.11608e+006            2576

1.11608e+006            2577

1.11608e+006            2578

1.11608e+006            2579

1.11608e+006            2580

1.11608e+006            2581

1.11608e+006            2582

1.11608e+006            2583

1.11608e+006            2584

1.11608e+006            2585

1.11608e+006            2586

1.11608e+006            2587

1.11608e+006            2588

1.11608e+006            2589

1.11608e+006            2590

1.11608e+006            2591

1.11608e+006            2592

1.11608e+006            2593

1.11608e+006            2594

1.11608e+006            2595

1.11608e+006            2596

1.11608e+006            2597

1.11608e+006            2598

1.11608e+006            2599

1.11608e+006            2600

1.11608e+006            2601

1.11608e+006            2602

1.11608e+006            2603

1.11608e+006            2604

1.11608e+006            2605

1.11608e+006            2606

1.11608e+006            2607

1.11608e+006            2608

1.11608e+006            2609

1.11608e+006            2610

1.11608e+006            2611

1.11608e+006            2612

1.11608e+006            2613

1.11608e+006            2614

1.11608e+006            2615

1.11608e+006            2616

1.11608e+006            2617

1.11608e+006            2618

1.11608e+006            2619

1.11608e+006            2620

1.11608e+006            2621

1.11608e+006            2622

1.11608e+006            2623

1.11608e+006            2624

1.11608e+006            2625

1.11608e+006            2626

1.11608e+006            2627

1.11608e+006            2628

1.11608e+006            2629

1.11608e+006            2630

1.11608e+006            2631

1.11608e+006            2632

1.11608e+006            2633

1.11608e+006            2634

1.11608e+006            2635

1.11608e+006            2636

1.11608e+006            2637

1.11608e+006            2638

1.11608e+006            2639

1.11608e+006            2640

1.11608e+006            2641

1.11608e+006            2642

1.11608e+006            2643

1.11608e+006            2644

1.11608e+006            2645

1.11608e+006            2646

1.11608e+006            2647

1.11608e+006            2648

1.11608e+006            2649

1.11608e+006            2650

1.11608e+006            2651

1.11609e+006            2652

1.11609e+006            2653

1.11609e+006            2654

1.11609e+006            2655

1.11609e+006            2656

1.11609e+006            2657

1.11609e+006            2658

1.11609e+006            2659

1.11609e+006            2660

1.11609e+006            2661

1.11609e+006            2662

1.11609e+006            2663

1.11609e+006            2664

1.11609e+006            2665

1.11609e+006            2666

1.11609e+006            2667

1.11609e+006            2668

1.11609e+006            2669

1.11609e+006            2670

1.11609e+006            2671

1.11609e+006            2672

1.11609e+006            2673

1.1161e+006            2674

1.1161e+006            2675

1.1161e+006            2676

1.1161e+006            2677

1.1161e+006            2678

1.1161e+006            2679

1.1161e+006            2680

1.1161e+006            2681

1.1161e+006            2682

1.1161e+006            2683

1.11611e+006            2684

1.11611e+006            2685

1.11611e+006            2686

1.11611e+006            2687

1.11611e+006            2688

1.11611e+006            2689

1.11612e+006            2690

1.11612e+006            2691

1.11612e+006            2692

1.11612e+006            2693

1.11613e+006            2694

1.11613e+006            2695

1.11613e+006            2696

1.11613e+006            2697

1.11614e+006            2698

1.11614e+006            2699

1.11615e+006            2700

1.11615e+006            2701

1.11616e+006            2702

1.11616e+006            2703

1.11617e+006            2704

1.11618e+006            2705

1.11619e+006            2706

1.1162e+006            2707

1.11621e+006            2708

1.11623e+006            2709

1.11624e+006            2710

1.11626e+006            2711

1.11629e+006            2712

1.11632e+006            2713

1.11635e+006            2714

1.1164e+006            2715

1.11646e+006            2716

1.11653e+006            2717

1.11664e+006            2718

1.11678e+006            2719

1.11699e+006            2720

1.11732e+006            2721

1.11787e+006            2722

1.11893e+006            2723

1.12133e+006            2724

1.12833e+006            2725

1.14433e+006            2726

1.10475e+006            2727

1.11422e+006            2728

1.11759e+006            2729

1.11897e+006            2730

1.11965e+006            2731

1.12003e+006            2732

1.12027e+006            2733

1.12043e+006            2734

1.12055e+006            2735

1.12063e+006            2736

1.12069e+006            2737

1.12074e+006            2738

1.12078e+006            2739

1.12081e+006            2740

1.12083e+006            2741

1.12085e+006            2742

1.12087e+006            2743

1.12089e+006            2744

1.1209e+006            2745

1.12091e+006            2746

1.12092e+006            2747

1.12093e+006            2748

1.12094e+006            2749

1.12094e+006            2750

1.12095e+006            2751

1.12095e+006            2752

1.12096e+006            2753

1.12096e+006            2754

1.12097e+006            2755

1.12097e+006            2756

1.12097e+006            2757

1.12098e+006            2758

1.12098e+006            2759

1.12098e+006            2760

1.12098e+006            2761

1.12098e+006            2762

1.12099e+006            2763

1.12099e+006            2764

1.12099e+006            2765

1.12099e+006            2766

1.12099e+006            2767

1.12099e+006            2768

1.121e+006            2769

1.121e+006            2770

1.121e+006            2771

1.121e+006            2772

1.121e+006            2773

1.121e+006            2774

1.121e+006            2775

1.121e+006            2776

1.121e+006            2777

1.121e+006            2778

1.12101e+006            2779

1.12101e+006            2780

1.12101e+006            2781

1.12101e+006            2782

1.12101e+006            2783

1.12101e+006            2784

1.12101e+006            2785

1.12101e+006            2786

1.12101e+006            2787

1.12101e+006            2788

1.12101e+006            2789

1.12101e+006            2790

1.12101e+006            2791

1.12101e+006            2792

1.12101e+006            2793

1.12101e+006            2794

1.12101e+006            2795

1.12101e+006            2796

1.12101e+006            2797

1.12101e+006            2798

1.12101e+006            2799

1.12101e+006            2800

1.12101e+006            2801

1.12102e+006            2802

1.12102e+006            2803

1.12102e+006            2804

1.12102e+006            2805

1.12102e+006            2806

1.12102e+006            2807

1.12102e+006            2808

1.12102e+006            2809

1.12102e+006            2810

1.12102e+006            2811

1.12102e+006            2812

1.12102e+006            2813

1.12102e+006            2814

1.12102e+006            2815

1.12102e+006            2816

1.12102e+006            2817

1.12102e+006            2818

1.12102e+006            2819

1.12102e+006            2820

1.12102e+006            2821

1.12102e+006            2822

1.12102e+006            2823

1.12102e+006            2824

1.12102e+006            2825

1.12102e+006            2826

1.12102e+006            2827

1.12102e+006            2828

1.12102e+006            2829

1.12102e+006            2830

1.12102e+006            2831

1.12102e+006            2832

1.12102e+006            2833

1.12102e+006            2834

1.12102e+006            2835

1.12102e+006            2836

1.12102e+006            2837

1.12102e+006            2838

1.12102e+006            2839

1.12102e+006            2840

1.12102e+006            2841

1.12102e+006            2842

1.12102e+006            2843

1.12102e+006            2844

1.12102e+006            2845

1.12102e+006            2846

1.12102e+006            2847

1.12102e+006            2848

1.12102e+006            2849

1.12102e+006            2850

1.12102e+006            2851

1.12102e+006            2852

1.12102e+006            2853

1.12102e+006            2854

1.12102e+006            2855

1.12102e+006            2856

1.12102e+006            2857

1.12102e+006            2858

1.12102e+006            2859

1.12102e+006            2860

1.12102e+006            2861

1.12102e+006            2862

1.12102e+006            2863

1.12102e+006            2864

1.12102e+006            2865

1.12102e+006            2866

1.12102e+006            2867

1.12102e+006            2868

1.12102e+006            2869

1.12102e+006            2870

1.12102e+006            2871

1.12102e+006            2872

1.12102e+006            2873

1.12102e+006            2874

1.12102e+006            2875

1.12102e+006            2876

1.12102e+006            2877

1.12102e+006            2878

1.12102e+006            2879

1.12102e+006            2880

1.12102e+006            2881

1.12102e+006            2882

1.12102e+006            2883

1.12102e+006            2884

1.12102e+006            2885

1.12102e+006            2886

1.12102e+006            2887

1.12102e+006            2888

1.12102e+006            2889

1.12102e+006            2890

1.12102e+006            2891

1.12102e+006            2892

1.12102e+006            2893

1.12102e+006            2894

1.12102e+006            2895

1.12102e+006            2896

1.12102e+006            2897

1.12102e+006            2898

1.12102e+006            2899

1.12102e+006            2900

1.12102e+006            2901

1.12102e+006            2902

1.12102e+006            2903

1.12102e+006            2904

1.12103e+006            2905

1.12103e+006            2906

1.12103e+006            2907

1.12103e+006            2908

1.12103e+006            2909

1.12103e+006            2910

1.12103e+006            2911

1.12103e+006            2912

1.12103e+006            2913

1.12103e+006            2914

1.12103e+006            2915

1.12103e+006            2916

1.12103e+006            2917

1.12103e+006            2918

1.12103e+006            2919

1.12103e+006            2920

1.12103e+006            2921

1.12103e+006            2922

1.12103e+006            2923

1.12103e+006            2924

1.12103e+006            2925

1.12103e+006            2926

1.12103e+006            2927

1.12103e+006            2928

1.12103e+006            2929

1.12103e+006            2930

1.12103e+006            2931

1.12103e+006            2932

1.12103e+006            2933

1.12103e+006            2934

1.12103e+006            2935

1.12103e+006            2936

1.12103e+006            2937

1.12103e+006            2938

1.12103e+006            2939

1.12103e+006            2940

1.12103e+006            2941

1.12103e+006            2942

1.12103e+006            2943

1.12103e+006            2944

1.12103e+006            2945

1.12103e+006            2946

1.12103e+006            2947

1.12103e+006            2948

1.12103e+006            2949

1.12103e+006            2950

1.12103e+006            2951

1.12103e+006            2952

1.12103e+006            2953

1.12103e+006            2954

1.12103e+006            2955

1.12103e+006            2956

1.12103e+006            2957

1.12103e+006            2958

1.12103e+006            2959

1.12103e+006            2960

1.12103e+006            2961

1.12103e+006            2962

1.12103e+006            2963

1.12103e+006            2964

1.12103e+006            2965

1.12103e+006            2966

1.12103e+006            2967

1.12103e+006            2968

1.12103e+006            2969

1.12103e+006            2970

1.12103e+006            2971

1.12103e+006            2972

1.12103e+006            2973

1.12103e+006            2974

1.12103e+006            2975

1.12103e+006            2976

1.12103e+006            2977

1.12103e+006            2978

1.12103e+006            2979

1.12103e+006            2980

1.12103e+006            2981

1.12103e+006            2982

1.12103e+006            2983

1.12103e+006            2984

1.12103e+006            2985

1.12103e+006            2986

1.12103e+006            2987

1.12103e+006            2988

1.12103e+006            2989

1.12103e+006            2990

1.12103e+006            2991

1.12103e+006            2992

1.12103e+006            2993

1.12103e+006            2994

1.12103e+006            2995

1.12103e+006            2996

1.12103e+006            2997

1.12103e+006            2998

1.12103e+006            2999

