0.999995  0.002  -0.999995  -0.002
0.99998  0.00399997  -0.99998  -0.00399997
0.999956  0.00599991  -0.999956  -0.00599991
0.999921  0.00799979  -0.999921  -0.00799979
0.999877  0.00999959  -0.999877  -0.00999959
0.999822  0.0119993  -0.999822  -0.0119993
0.999758  0.0139989  -0.999758  -0.0139989
0.999684  0.0159983  -0.999684  -0.0159983
0.9996  0.0179976  -0.9996  -0.0179976
0.999506  0.0199967  -0.999506  -0.0199967
0.999403  0.0219956  -0.999403  -0.0219956
0.999289  0.0239943  -0.999289  -0.0239943
0.999166  0.0259928  -0.999166  -0.0259928
0.999033  0.027991  -0.999033  -0.027991
0.99889  0.0299889  -0.99889  -0.0299889
0.998736  0.0319865  -0.998736  -0.0319865
0.998574  0.0339838  -0.998574  -0.0339838
0.998401  0.0359808  -0.998401  -0.0359808
0.998218  0.0379774  -0.998218  -0.0379774
0.998026  0.0399737  -0.998026  -0.0399737
0.997823  0.0419695  -0.997823  -0.0419695
0.997611  0.0439649  -0.997611  -0.0439649
0.997389  0.0459599  -0.997389  -0.0459599
0.997156  0.0479545  -0.997156  -0.0479545
0.996915  0.0499485  -0.996915  -0.0499485
0.996663  0.0519421  -0.996663  -0.0519421
0.996401  0.0539351  -0.996401  -0.0539351
0.996129  0.0559277  -0.996129  -0.0559277
0.995848  0.0579196  -0.995848  -0.0579196
0.995556  0.059911  -0.995556  -0.059911
0.995255  0.0619018  -0.995255  -0.0619018
0.994943  0.063892  -0.994943  -0.063892
0.994622  0.0658815  -0.994622  -0.0658815
0.994291  0.0678704  -0.994291  -0.0678704
0.99395  0.0698586  -0.99395  -0.0698586
0.993599  0.0718461  -0.993599  -0.0718461
0.993238  0.0738329  -0.993238  -0.0738329
0.992867  0.0758189  -0.992867  -0.0758189
0.992487  0.0778042  -0.992487  -0.0778042
0.992096  0.0797887  -0.992096  -0.0797887
0.991696  0.0817724  -0.991696  -0.0817724
0.991285  0.0837553  -0.991285  -0.0837553
0.990865  0.0857374  -0.990865  -0.0857374
0.990434  0.0877186  -0.990434  -0.0877186
0.989994  0.0896989  -0.989994  -0.0896989
0.989544  0.0916783  -0.989544  -0.0916783
0.989083  0.0936568  -0.989083  -0.0936568
0.988613  0.0956344  -0.988613  -0.0956344
0.988133  0.0976109  -0.988133  -0.0976109
0.987643  0.0995865  -0.987643  -0.0995865
0.987143  0.101561  -0.987143  -0.101561
0.986633  0.103535  -0.986633  -0.103535
0.986113  0.105507  -0.986113  -0.105507
0.985583  0.107479  -0.985583  -0.107479
0.985043  0.109449  -0.985043  -0.109449
0.984493  0.111418  -0.984493  -0.111418
0.983933  0.113386  -0.983933  -0.113386
0.983363  0.115353  -0.983363  -0.115353
0.982783  0.117319  -0.982783  -0.117319
0.982193  0.119284  -0.982193  -0.119284
0.981593  0.121247  -0.981593  -0.121247
0.980983  0.123209  -0.980983  -0.123209
0.980363  0.12517  -0.980363  -0.12517
0.979733  0.12713  -0.979733  -0.12713
0.979093  0.129088  -0.979093  -0.129088
0.978443  0.131045  -0.978443  -0.131045
0.977783  0.133001  -0.977783  -0.133001
0.977113  0.134955  -0.977113  -0.134955
0.976433  0.136908  -0.976433  -0.136908
0.975743  0.13886  -0.975743  -0.13886
0.975042  0.14081  -0.975042  -0.14081
0.974332  0.142758  -0.974332  -0.142758
0.973612  0.144705  -0.973612  -0.144705
0.972881  0.146651  -0.972881  -0.146651
0.97214  0.148595  -0.97214  -0.148595
0.97139  0.150538  -0.97139  -0.150538
0.970629  0.152479  -0.970629  -0.152479
0.969858  0.154418  -0.969858  -0.154418
0.969077  0.156356  -0.969077  -0.156356
0.968286  0.158292  -0.968286  -0.158292
0.967485  0.160227  -0.967485  -0.160227
0.966673  0.162159  -0.966673  -0.162159
0.965852  0.164091  -0.965852  -0.164091
0.96502  0.16602  -0.96502  -0.16602
0.964179  0.167948  -0.964179  -0.167948
0.963327  0.169874  -0.963327  -0.169874
0.962465  0.171798  -0.962465  -0.171798
0.961592  0.17372  -0.961592  -0.17372
0.96071  0.17564  -0.96071  -0.17564
0.959817  0.177559  -0.959817  -0.177559
0.958915  0.179476  -0.958915  -0.179476
0.958002  0.181391  -0.958002  -0.181391
0.957079  0.183303  -0.957079  -0.183303
0.956145  0.185214  -0.956145  -0.185214
0.955202  0.187123  -0.955202  -0.187123
0.954248  0.18903  -0.954248  -0.18903
0.953284  0.190935  -0.953284  -0.190935
0.952309  0.192838  -0.952309  -0.192838
0.951325  0.194739  -0.951325  -0.194739
0.95033  0.196638  -0.95033  -0.196638
0.949325  0.198534  -0.949325  -0.198534
0.94831  0.200429  -0.94831  -0.200429
0.947284  0.202321  -0.947284  -0.202321
0.946248  0.204211  -0.946248  -0.204211
0.945202  0.206099  -0.945202  -0.206099
0.944146  0.207984  -0.944146  -0.207984
0.943079  0.209868  -0.943079  -0.209868
0.942002  0.211749  -0.942002  -0.211749
0.940914  0.213627  -0.940914  -0.213627
0.939817  0.215504  -0.939817  -0.215504
0.938709  0.217378  -0.938709  -0.217378
0.93759  0.219249  -0.93759  -0.219249
0.936461  0.221118  -0.936461  -0.221118
0.935322  0.222985  -0.935322  -0.222985
0.934172  0.224849  -0.934172  -0.224849
0.933012  0.226711  -0.933012  -0.226711
0.931842  0.22857  -0.931842  -0.22857
0.930661  0.230427  -0.930661  -0.230427
0.92947  0.232281  -0.92947  -0.232281
0.928268  0.234132  -0.928268  -0.234132
0.927056  0.235981  -0.927056  -0.235981
0.925834  0.237827  -0.925834  -0.237827
0.924601  0.239671  -0.924601  -0.239671
0.923357  0.241512  -0.923357  -0.241512
0.922103  0.24335  -0.922103  -0.24335
0.920839  0.245185  -0.920839  -0.245185
0.919564  0.247017  -0.919564  -0.247017
0.918278  0.248847  -0.918278  -0.248847
0.916982  0.250674  -0.916982  -0.250674
0.915676  0.252498  -0.915676  -0.252498
0.914359  0.254319  -0.914359  -0.254319
0.913031  0.256137  -0.913031  -0.256137
0.911693  0.257952  -0.911693  -0.257952
0.910344  0.259764  -0.910344  -0.259764
0.908985  0.261573  -0.908985  -0.261573
0.907615  0.263379  -0.907615  -0.263379
0.906234  0.265182  -0.906234  -0.265182
0.904843  0.266982  -0.904843  -0.266982
0.903441  0.268778  -0.903441  -0.268778
0.902028  0.270572  -0.902028  -0.270572
0.900605  0.272362  -0.900605  -0.272362
0.899171  0.274149  -0.899171  -0.274149
0.897727  0.275933  -0.897727  -0.275933
0.896272  0.277714  -0.896272  -0.277714
0.894806  0.279491  -0.894806  -0.279491
0.893329  0.281265  -0.893329  -0.281265
0.891842  0.283035  -0.891842  -0.283035
0.890344  0.284803  -0.890344  -0.284803
0.888835  0.286566  -0.888835  -0.286566
0.887315  0.288326  -0.887315  -0.288326
0.885785  0.290083  -0.885785  -0.290083
0.884243  0.291836  -0.884243  -0.291836
0.882691  0.293586  -0.882691  -0.293586
0.881129  0.295332  -0.881129  -0.295332
0.879555  0.297074  -0.879555  -0.297074
0.87797  0.298813  -0.87797  -0.298813
0.876375  0.300548  -0.876375  -0.300548
0.874769  0.302279  -0.874769  -0.302279
0.873152  0.304007  -0.873152  -0.304007
0.871523  0.30573  -0.871523  -0.30573
0.869884  0.30745  -0.869884  -0.30745
0.868235  0.309166  -0.868235  -0.309166
0.866574  0.310878  -0.866574  -0.310878
0.864902  0.312586  -0.864902  -0.312586
0.863219  0.314291  -0.863219  -0.314291
0.861525  0.315991  -0.861525  -0.315991
0.85982  0.317687  -0.85982  -0.317687
0.858105  0.319379  -0.858105  -0.319379
0.856378  0.321067  -0.856378  -0.321067
0.85464  0.322751  -0.85464  -0.322751
0.852891  0.324431  -0.852891  -0.324431
0.851131  0.326106  -0.851131  -0.326106
0.84936  0.327777  -0.84936  -0.327777
0.847577  0.329444  -0.847577  -0.329444
0.845784  0.331107  -0.845784  -0.331107
0.84398  0.332765  -0.84398  -0.332765
0.842164  0.334419  -0.842164  -0.334419
0.840337  0.336068  -0.840337  -0.336068
0.838499  0.337713  -0.838499  -0.337713
0.83665  0.339354  -0.83665  -0.339354
0.834789  0.340989  -0.834789  -0.340989
0.832918  0.342621  -0.832918  -0.342621
0.831035  0.344247  -0.831035  -0.344247
0.829141  0.345869  -0.829141  -0.345869
0.827235  0.347487  -0.827235  -0.347487
0.825318  0.349099  -0.825318  -0.349099
0.82339  0.350707  -0.82339  -0.350707
0.821451  0.35231  -0.821451  -0.35231
0.8195  0.353908  -0.8195  -0.353908
0.817538  0.355501  -0.817538  -0.355501
0.815564  0.357089  -0.815564  -0.357089
0.813579  0.358672  -0.813579  -0.358672
0.811583  0.36025  -0.811583  -0.36025
0.809575  0.361824  -0.809575  -0.361824
0.807556  0.363391  -0.807556  -0.363391
0.805525  0.364954  -0.805525  -0.364954
0.803483  0.366512  -0.803483  -0.366512
0.801429  0.368064  -0.801429  -0.368064
0.799364  0.369611  -0.799364  -0.369611
0.797287  0.371153  -0.797287  -0.371153
0.795198  0.372689  -0.795198  -0.372689
0.793098  0.37422  -0.793098  -0.37422
0.790987  0.375745  -0.790987  -0.375745
0.788863  0.377265  -0.788863  -0.377265
0.786728  0.37878  -0.786728  -0.37878
0.784582  0.380288  -0.784582  -0.380288
0.782424  0.381791  -0.782424  -0.381791
0.780254  0.383289  -0.780254  -0.383289
0.778072  0.38478  -0.778072  -0.38478
0.775879  0.386266  -0.775879  -0.386266
0.773674  0.387746  -0.773674  -0.387746
0.771457  0.38922  -0.771457  -0.38922
0.769228  0.390688  -0.769228  -0.390688
0.766987  0.39215  -0.766987  -0.39215
0.764735  0.393606  -0.764735  -0.393606
0.762471  0.395056  -0.762471  -0.395056
0.760194  0.396499  -0.760194  -0.396499
0.757906  0.397937  -0.757906  -0.397937
0.755606  0.399368  -0.755606  -0.399368
0.753294  0.400793  -0.753294  -0.400793
0.75097  0.402212  -0.75097  -0.402212
0.748635  0.403624  -0.748635  -0.403624
0.746287  0.405029  -0.746287  -0.405029
0.743927  0.406428  -0.743927  -0.406428
0.741555  0.407821  -0.741555  -0.407821
0.739171  0.409207  -0.739171  -0.409207
0.736775  0.410586  -0.736775  -0.410586
0.734366  0.411959  -0.734366  -0.411959
0.731946  0.413324  -0.731946  -0.413324
0.729513  0.414683  -0.729513  -0.414683
0.727068  0.416035  -0.727068  -0.416035
0.724612  0.41738  -0.724612  -0.41738
0.722142  0.418718  -0.722142  -0.418718
0.719661  0.420048  -0.719661  -0.420048
0.717167  0.421372  -0.717167  -0.421372
0.714661  0.422688  -0.714661  -0.422688
0.712143  0.423997  -0.712143  -0.423997
0.709612  0.425299  -0.709612  -0.425299
0.707069  0.426593  -0.707069  -0.426593
0.704514  0.42788  -0.704514  -0.42788
0.701946  0.429159  -0.701946  -0.429159
0.699365  0.430431  -0.699365  -0.430431
0.696773  0.431695  -0.696773  -0.431695
0.694167  0.432951  -0.694167  -0.432951
0.691549  0.434199  -0.691549  -0.434199
0.688919  0.43544  -0.688919  -0.43544
0.686276  0.436673  -0.686276  -0.436673
0.683621  0.437897  -0.683621  -0.437897
0.680953  0.439114  -0.680953  -0.439114
0.678272  0.440322  -0.678272  -0.440322
0.675579  0.441522  -0.675579  -0.441522
0.672873  0.442714  -0.672873  -0.442714
0.670154  0.443898  -0.670154  -0.443898
0.667422  0.445073  -0.667422  -0.445073
0.664678  0.446239  -0.664678  -0.446239
0.661921  0.447397  -0.661921  -0.447397
0.659151  0.448547  -0.659151  -0.448547
0.656369  0.449687  -0.656369  -0.449687
0.653573  0.450819  -0.653573  -0.450819
0.650765  0.451942  -0.650765  -0.451942
0.647943  0.453056  -0.647943  -0.453056
0.645109  0.454161  -0.645109  -0.454161
0.642262  0.455257  -0.642262  -0.455257
0.639401  0.456343  -0.639401  -0.456343
0.636528  0.45742  -0.636528  -0.45742
0.633642  0.458488  -0.633642  -0.458488
0.630743  0.459547  -0.630743  -0.459547
0.62783  0.460596  -0.62783  -0.460596
0.624904  0.461635  -0.624904  -0.461635
0.621966  0.462664  -0.621966  -0.462664
0.619014  0.463684  -0.619014  -0.463684
0.616049  0.464694  -0.616049  -0.464694
0.61307  0.465694  -0.61307  -0.465694
0.610079  0.466684  -0.610079  -0.466684
0.607074  0.467663  -0.607074  -0.467663
0.604056  0.468633  -0.604056  -0.468633
0.601024  0.469592  -0.601024  -0.469592
0.597979  0.47054  -0.597979  -0.47054
0.594921  0.471478  -0.594921  -0.471478
0.591849  0.472406  -0.591849  -0.472406
0.588764  0.473322  -0.588764  -0.473322
0.585665  0.474228  -0.585665  -0.474228
0.582553  0.475123  -0.582553  -0.475123
0.579427  0.476007  -0.579427  -0.476007
0.576288  0.47688  -0.576288  -0.47688
0.573135  0.477741  -0.573135  -0.477741
0.569968  0.478591  -0.569968  -0.478591
0.566788  0.47943  -0.566788  -0.47943
0.563594  0.480257  -0.563594  -0.480257
0.560387  0.481072  -0.560387  -0.481072
0.557166  0.481876  -0.557166  -0.481876
0.553931  0.482668  -0.553931  -0.482668
0.550682  0.483447  -0.550682  -0.483447
0.547419  0.484215  -0.547419  -0.484215
0.544143  0.48497  -0.544143  -0.48497
0.540853  0.485713  -0.540853  -0.485713
0.537548  0.486444  -0.537548  -0.486444
0.53423  0.487162  -0.53423  -0.487162
0.530898  0.487867  -0.530898  -0.487867
0.527552  0.488559  -0.527552  -0.488559
0.524192  0.489239  -0.524192  -0.489239
0.520818  0.489905  -0.520818  -0.489905
0.51743  0.490558  -0.51743  -0.490558
0.514027  0.491198  -0.514027  -0.491198
0.510611  0.491824  -0.510611  -0.491824
0.507181  0.492436  -0.507181  -0.492436
0.503736  0.493035  -0.503736  -0.493035
0.500277  0.49362  -0.500277  -0.49362
0.496804  0.494191  -0.496804  -0.494191
0.493317  0.494748  -0.493317  -0.494748
0.489815  0.49529  -0.489815  -0.49529
0.486299  0.495818  -0.486299  -0.495818
0.482769  0.496331  -0.482769  -0.496331
0.479224  0.49683  -0.479224  -0.49683
0.475665  0.497313  -0.475665  -0.497313
0.472092  0.497782  -0.472092  -0.497782
0.468504  0.498235  -0.468504  -0.498235
0.464902  0.498673  -0.464902  -0.498673
0.461285  0.499096  -0.461285  -0.499096
0.457654  0.499503  -0.457654  -0.499503
0.454008  0.499894  -0.454008  -0.499894
0.450348  0.500269  -0.450348  -0.500269
0.446673  0.500627  -0.446673  -0.500627
0.442983  0.50097  -0.442983  -0.50097
0.439279  0.501295  -0.439279  -0.501295
0.43556  0.501605  -0.43556  -0.501605
0.431827  0.501897  -0.431827  -0.501897
0.428079  0.502172  -0.428079  -0.502172
0.424316  0.50243  -0.424316  -0.50243
0.420538  0.50267  -0.420538  -0.50267
0.416746  0.502893  -0.416746  -0.502893
0.412939  0.503098  -0.412939  -0.503098
0.409117  0.503285  -0.409117  -0.503285
0.40528  0.503454  -0.40528  -0.503454
0.401429  0.503604  -0.401429  -0.503604
0.397563  0.503736  -0.397563  -0.503736
0.393682  0.503849  -0.393682  -0.503849
0.389786  0.503943  -0.389786  -0.503943
0.385875  0.504018  -0.385875  -0.504018
0.381949  0.504073  -0.381949  -0.504073
0.378008  0.504109  -0.378008  -0.504109
0.374053  0.504125  -0.374053  -0.504125
0.370082  0.50412  -0.370082  -0.50412
0.366097  0.504095  -0.366097  -0.504095
0.362096  0.50405  -0.362096  -0.50405
0.358081  0.503984  -0.358081  -0.503984
0.354051  0.503897  -0.354051  -0.503897
0.350006  0.503788  -0.350006  -0.503788
0.345945  0.503658  -0.345945  -0.503658
0.34187  0.503507  -0.34187  -0.503507
0.33778  0.503333  -0.33778  -0.503333
0.333675  0.503137  -0.333675  -0.503137
0.329555  0.502918  -0.329555  -0.502918
0.32542  0.502676  -0.32542  -0.502676
0.32127  0.502412  -0.32127  -0.502412
0.317105  0.502124  -0.317105  -0.502124
0.312925  0.501812  -0.312925  -0.501812
0.30873  0.501476  -0.30873  -0.501476
0.30452  0.501117  -0.30452  -0.501117
0.300296  0.500732  -0.300296  -0.500732
0.296056  0.500323  -0.296056  -0.500323
0.291802  0.499889  -0.291802  -0.499889
0.287533  0.499429  -0.287533  -0.499429
0.283249  0.498943  -0.283249  -0.498943
0.27895  0.498432  -0.27895  -0.498432
0.274636  0.497894  -0.274636  -0.497894
0.270308  0.497329  -0.270308  -0.497329
0.265964  0.496737  -0.265964  -0.496737
0.261607  0.496118  -0.261607  -0.496118
0.257234  0.495471  -0.257234  -0.495471
0.252847  0.494796  -0.252847  -0.494796
0.248446  0.494092  -0.248446  -0.494092
0.24403  0.49336  -0.24403  -0.49336
0.239599  0.492598  -0.239599  -0.492598
0.235154  0.491807  -0.235154  -0.491807
0.230695  0.490986  -0.230695  -0.490986
0.226222  0.490134  -0.226222  -0.490134
0.221734  0.489252  -0.221734  -0.489252
0.217232  0.488339  -0.217232  -0.488339
0.212716  0.487394  -0.212716  -0.487394
0.208187  0.486417  -0.208187  -0.486417
0.203643  0.485408  -0.203643  -0.485408
0.199085  0.484365  -0.199085  -0.484365
0.194514  0.48329  -0.194514  -0.48329
0.18993  0.482181  -0.18993  -0.482181
0.185331  0.481037  -0.185331  -0.481037
0.18072  0.479859  -0.18072  -0.479859
0.176095  0.478646  -0.176095  -0.478646
0.171457  0.477397  -0.171457  -0.477397
0.166807  0.476112  -0.166807  -0.476112
0.162143  0.474791  -0.162143  -0.474791
0.157467  0.473432  -0.157467  -0.473432
0.152778  0.472036  -0.152778  -0.472036
0.148077  0.470601  -0.148077  -0.470601
0.143363  0.469128  -0.143363  -0.469128
0.138638  0.467616  -0.138638  -0.467616
0.133901  0.466064  -0.133901  -0.466064
0.129152  0.464472  -0.129152  -0.464472
0.124392  0.462838  -0.124392  -0.462838
0.119621  0.461163  -0.119621  -0.461163
0.114839  0.459447  -0.114839  -0.459447
0.110046  0.457687  -0.110046  -0.457687
0.105243  0.455884  -0.105243  -0.455884
0.100429  0.454037  -0.100429  -0.454037
0.0956062  0.452146  -0.0956062  -0.452146
0.0907734  0.450209  -0.0907734  -0.450209
0.0859314  0.448227  -0.0859314  -0.448227
0.0810804  0.446198  -0.0810804  -0.446198
0.0762209  0.444121  -0.0762209  -0.444121
0.0713531  0.441997  -0.0713531  -0.441997
0.0664776  0.439824  -0.0664776  -0.439824
0.0615945  0.437602  -0.0615945  -0.437602
0.0567044  0.43533  -0.0567044  -0.43533
0.0518077  0.433007  -0.0518077  -0.433007
0.0469049  0.430633  -0.0469049  -0.430633
0.0419963  0.428206  -0.0419963  -0.428206
0.0370826  0.425726  -0.0370826  -0.425726
0.0321641  0.423193  -0.0321641  -0.423193
0.0272415  0.420604  -0.0272415  -0.420604
0.0223153  0.417961  -0.0223153  -0.417961
0.0173862  0.415261  -0.0173862  -0.415261
0.0124546  0.412504  -0.0124546  -0.412504
0.00752127  0.409689  -0.00752127  -0.409689
0.00258688  0.406815  -0.00258688  -0.406815
-0.0023479  0.403882  0.0023479  -0.403882
-0.00728231  0.400888  0.00728231  -0.400888
-0.0122156  0.397832  0.0122156  -0.397832
-0.017147  0.394715  0.017147  -0.394715
-0.0220756  0.391534  0.0220756  -0.391534
-0.0270007  0.388289  0.0270007  -0.388289
-0.0319212  0.38498  0.0319212  -0.38498
-0.0368362  0.381604  0.0368362  -0.381604
-0.0417448  0.378161  0.0417448  -0.378161
-0.0466458  0.374651  0.0466458  -0.374651
-0.0515384  0.371072  0.0515384  -0.371072
-0.0564212  0.367423  0.0564212  -0.367423
-0.0612932  0.363704  0.0612932  -0.363704
-0.0661532  0.359913  0.0661532  -0.359913
-0.0709998  0.35605  0.0709998  -0.35605
-0.0758318  0.352113  0.0758318  -0.352113
-0.0806477  0.348102  0.0806477  -0.348102
-0.0854462  0.344016  0.0854462  -0.344016
-0.0902258  0.339853  0.0902258  -0.339853
-0.0949849  0.335613  0.0949849  -0.335613
-0.0997218  0.331296  0.0997218  -0.331296
-0.104435  0.326899  0.104435  -0.326899
-0.109123  0.322422  0.109123  -0.322422
-0.113783  0.317865  0.113783  -0.317865
-0.118414  0.313226  0.118414  -0.313226
-0.123014  0.308505  0.123014  -0.308505
-0.127581  0.303701  0.127581  -0.303701
-0.132113  0.298813  0.132113  -0.298813
-0.136607  0.29384  0.136607  -0.29384
-0.141062  0.288782  0.141062  -0.288782
-0.145475  0.283638  0.145475  -0.283638
-0.149843  0.278408  0.149843  -0.278408
-0.154165  0.273091  0.154165  -0.273091
-0.158437  0.267686  0.158437  -0.267686
-0.162657  0.262194  0.162657  -0.262194
-0.166823  0.256614  0.166823  -0.256614
-0.170931  0.250945  0.170931  -0.250945
-0.174979  0.245188  0.174979  -0.245188
-0.178964  0.239342  0.178964  -0.239342
-0.182882  0.233408  0.182882  -0.233408
-0.186731  0.227386  0.186731  -0.227386
-0.190508  0.221275  0.190508  -0.221275
-0.19421  0.215077  0.19421  -0.215077
-0.197832  0.208791  0.197832  -0.208791
-0.201373  0.202419  0.201373  -0.202419
-0.204828  0.195961  0.204828  -0.195961
-0.208195  0.189418  0.208195  -0.189418
-0.211469  0.182792  0.211469  -0.182792
-0.214648  0.176082  0.214648  -0.176082
-0.217728  0.169292  0.217728  -0.169292
-0.220705  0.162422  0.220705  -0.162422
-0.223576  0.155474  0.223576  -0.155474
-0.226338  0.14845  0.226338  -0.14845
-0.228988  0.141352  0.228988  -0.141352
-0.231522  0.134183  0.231522  -0.134183
-0.233936  0.126944  0.233936  -0.126944
-0.236228  0.119639  0.236228  -0.119639
-0.238394  0.112271  0.238394  -0.112271
-0.240432  0.104842  0.240432  -0.104842
-0.242338  0.0973554  0.242338  -0.0973554
-0.24411  0.0898151  0.24411  -0.0898151
-0.245745  0.0822244  0.245745  -0.0822244
-0.247241  0.0745871  0.247241  -0.0745871
-0.248595  0.0669071  0.248595  -0.0669071
-0.249805  0.0591884  0.249805  -0.0591884
-0.25087  0.0514352  0.25087  -0.0514352
-0.251787  0.0436518  0.251787  -0.0436518
-0.252555  0.0358426  0.252555  -0.0358426
-0.253174  0.028012  0.253174  -0.028012
-0.253641  0.0201648  0.253641  -0.0201648
-0.253956  0.0123054  0.253956  -0.0123054
-0.254118  0.00443869  0.254118  -0.00443869
-0.254128  -0.0034307  0.254128  0.0034307
-0.253985  -0.011298  0.253985  0.011298
-0.253689  -0.0191586  0.253689  0.0191586
-0.253242  -0.0270077  0.253242  0.0270077
-0.252643  -0.0348406  0.252643  0.0348406
-0.251894  -0.0426528  0.251894  0.0426528
-0.250996  -0.0504398  0.250996  0.0504398
-0.24995  -0.0581971  0.24995  0.0581971
-0.248758  -0.0659205  0.248758  0.0659205
-0.247422  -0.0736057  0.247422  0.0736057
-0.245945  -0.0812486  0.245945  0.0812486
-0.244327  -0.0888455  0.244327  0.0888455
-0.242573  -0.0963924  0.242573  0.0963924
-0.240684  -0.103886  0.240684  0.103886
-0.238662  -0.111322  0.238662  0.111322
-0.236512  -0.118699  0.236512  0.118699
-0.234236  -0.126012  0.234236  0.126012
-0.231838  -0.133259  0.231838  0.133259
-0.229319  -0.140438  0.229319  0.140438
-0.226684  -0.147545  0.226684  0.147545
-0.223936  -0.154578  0.223936  0.154578
-0.221079  -0.161536  0.221079  0.161536
-0.218115  -0.168416  0.218115  0.168416
-0.215048  -0.175217  0.215048  0.175217
-0.211882  -0.181937  0.211882  0.181937
-0.208619  -0.188574  0.208619  0.188574
-0.205265  -0.195128  0.205265  0.195128
-0.201821  -0.201597  0.201821  0.201597
-0.198291  -0.20798  0.198291  0.20798
-0.194678  -0.214276  0.194678  0.214276
-0.190987  -0.220486  0.190987  0.220486
-0.187219  -0.226608  0.187219  0.226608
-0.183379  -0.232642  0.183379  0.232642
-0.179469  -0.238587  0.179469  0.238587
-0.175493  -0.244444  0.175493  0.244444
-0.171453  -0.250213  0.171453  0.250213
-0.167352  -0.255893  0.167352  0.255893
-0.163194  -0.261484  0.163194  0.261484
-0.15898  -0.266988  0.15898  0.266988
-0.154715  -0.272404  0.154715  0.272404
-0.150399  -0.277732  0.150399  0.277732
-0.146037  -0.282973  0.146037  0.282973
-0.14163  -0.288128  0.14163  0.288128
-0.13718  -0.293197  0.13718  0.293197
-0.132691  -0.29818  0.132691  0.29818
-0.128164  -0.303079  0.128164  0.303079
-0.123601  -0.307894  0.123601  0.307894
-0.119005  -0.312626  0.119005  0.312626
-0.114378  -0.317275  0.114378  0.317275
-0.109721  -0.321843  0.109721  0.321843
-0.105037  -0.32633  0.105037  0.32633
-0.100327  -0.330737  0.100327  0.330737
-0.0955929  -0.335065  0.0955929  0.335065
-0.0908366  -0.339314  0.0908366  0.339314
-0.0860596  -0.343487  0.0860596  0.343487
-0.0812634  -0.347583  0.0812634  0.347583
-0.0764496  -0.351604  0.0764496  0.351604
-0.0716196  -0.35555  0.0716196  0.35555
-0.0667748  -0.359423  0.0667748  0.359423
-0.0619165  -0.363223  0.0619165  0.363223
-0.0570459  -0.366951  0.0570459  0.366951
-0.0521644  -0.370609  0.0521644  0.370609
-0.0472731  -0.374196  0.0472731  0.374196
-0.042373  -0.377716  0.042373  0.377716
-0.0374653  -0.381167  0.0374653  0.381167
-0.0325511  -0.384551  0.0325511  0.384551
-0.0276312  -0.387869  0.0276312  0.387869
-0.0227067  -0.391122  0.0227067  0.391122
-0.0177785  -0.394311  0.0177785  0.394311
-0.0128474  -0.397437  0.0128474  0.397437
-0.00791432  -0.4005  0.00791432  0.4005
-0.00298  -0.403501  0.00298  0.403501
0.00195476  -0.406443  -0.00195476  0.406443
0.00688925  -0.409324  -0.00688925  0.409324
0.0118227  -0.412146  -0.0118227  0.412146
0.0167546  -0.414911  -0.0167546  0.414911
0.0216841  -0.417618  -0.0216841  0.417618
0.0266107  -0.420269  -0.0266107  0.420269
0.0315338  -0.422864  -0.0315338  0.422864
0.0364528  -0.425405  -0.0364528  0.425405
0.0413672  -0.427891  -0.0413672  0.427891
0.0462764  -0.430325  -0.0462764  0.430325
0.05118  -0.432706  -0.05118  0.432706
0.0560776  -0.435036  -0.0560776  0.435036
0.0609685  -0.437314  -0.0609685  0.437314
0.0658525  -0.439543  -0.0658525  0.439543
0.070729  -0.441722  -0.070729  0.441722
0.0755978  -0.443852  -0.0755978  0.443852
0.0804584  -0.445934  -0.0804584  0.445934
0.0853105  -0.447969  -0.0853105  0.447969
0.0901537  -0.449958  -0.0901537  0.449958
0.0949876  -0.4519  -0.0949876  0.4519
0.0998121  -0.453797  -0.0998121  0.453797
0.104627  -0.45565  -0.104627  0.45565
0.109431  -0.457458  -0.109431  0.457458
0.114225  -0.459224  -0.114225  0.459224
0.119009  -0.460946  -0.119009  0.460946
0.123782  -0.462626  -0.123782  0.462626
0.128543  -0.464265  -0.128543  0.464265
0.133293  -0.465862  -0.133293  0.465862
0.138032  -0.46742  -0.138032  0.46742
0.142759  -0.468937  -0.142759  0.468937
0.147474  -0.470415  -0.147474  0.470415
0.152176  -0.471854  -0.152176  0.471854
0.156867  -0.473255  -0.156867  0.473255
0.161545  -0.474619  -0.161545  0.474619
0.16621  -0.475945  -0.16621  0.475945
0.170862  -0.477235  -0.170862  0.477235
0.175502  -0.478488  -0.175502  0.478488
0.180128  -0.479706  -0.180128  0.479706
0.184742  -0.480888  -0.184742  0.480888
0.189341  -0.482036  -0.189341  0.482036
0.193928  -0.48315  -0.193928  0.48315
0.198501  -0.484229  -0.198501  0.484229
0.20306  -0.485276  -0.20306  0.485276
0.207605  -0.486289  -0.207605  0.486289
0.212137  -0.487271  -0.212137  0.487271
0.216654  -0.48822  -0.216654  0.48822
0.221158  -0.489137  -0.221158  0.489137
0.225648  -0.490023  -0.225648  0.490023
0.230123  -0.490879  -0.230123  0.490879
0.234584  -0.491704  -0.234584  0.491704
0.239031  -0.492499  -0.239031  0.492499
0.243463  -0.493264  -0.243463  0.493264
0.247881  -0.494  -0.247881  0.494
0.252284  -0.494707  -0.252284  0.494707
0.256673  -0.495386  -0.256673  0.495386
0.261047  -0.496036  -0.261047  0.496036
0.265407  -0.496659  -0.265407  0.496659
0.269752  -0.497255  -0.269752  0.497255
0.274082  -0.497823  -0.274082  0.497823
0.278398  -0.498364  -0.278398  0.498364
0.282699  -0.498879  -0.282699  0.498879
0.286985  -0.499368  -0.286985  0.499368
0.291256  -0.499831  -0.291256  0.499831
0.295512  -0.500269  -0.295512  0.500269
0.299754  -0.500681  -0.299754  0.500681
0.30398  -0.501069  -0.30398  0.501069
0.308192  -0.501432  -0.308192  0.501432
0.312389  -0.50177  -0.312389  0.50177
0.31657  -0.502085  -0.31657  0.502085
0.320737  -0.502376  -0.320737  0.502376
0.324889  -0.502644  -0.324889  0.502644
0.329026  -0.502888  -0.329026  0.502888
0.333148  -0.50311  -0.333148  0.50311
0.337255  -0.503309  -0.337255  0.503309
0.341347  -0.503486  -0.341347  0.503486
0.345424  -0.50364  -0.345424  0.50364
0.349486  -0.503773  -0.349486  0.503773
0.353534  -0.503884  -0.353534  0.503884
0.357566  -0.503974  -0.357566  0.503974
0.361583  -0.504043  -0.361583  0.504043
0.365585  -0.504091  -0.365585  0.504091
0.369573  -0.504118  -0.369573  0.504118
0.373545  -0.504125  -0.373545  0.504125
0.377502  -0.504112  -0.377502  0.504112
0.381445  -0.504079  -0.381445  0.504079
0.385373  -0.504026  -0.385373  0.504026
0.389286  -0.503954  -0.389286  0.503954
0.393183  -0.503862  -0.393183  0.503862
0.397066  -0.503752  -0.397066  0.503752
0.400935  -0.503622  -0.400935  0.503622
0.404788  -0.503474  -0.404788  0.503474
0.408627  -0.503308  -0.408627  0.503308
0.41245  -0.503123  -0.41245  0.503123
0.416259  -0.50292  -0.416259  0.50292
0.420053  -0.5027  -0.420053  0.5027
0.423833  -0.502462  -0.423833  0.502462
0.427598  -0.502206  -0.427598  0.502206
0.431348  -0.501933  -0.431348  0.501933
0.435083  -0.501643  -0.435083  0.501643
0.438803  -0.501336  -0.438803  0.501336
0.442509  -0.501012  -0.442509  0.501012
0.446201  -0.500672  -0.446201  0.500672
0.449878  -0.500315  -0.449878  0.500315
0.45354  -0.499943  -0.45354  0.499943
0.457188  -0.499554  -0.457188  0.499554
0.460821  -0.499149  -0.460821  0.499149
0.464439  -0.498728  -0.464439  0.498728
0.468043  -0.498292  -0.468043  0.498292
0.471633  -0.497841  -0.471633  0.497841
0.475208  -0.497374  -0.475208  0.497374
0.478769  -0.496893  -0.478769  0.496893
0.482316  -0.496396  -0.482316  0.496396
0.485848  -0.495885  -0.485848  0.495885
0.489365  -0.495358  -0.489365  0.495358
0.492869  -0.494818  -0.492869  0.494818
0.496358  -0.494263  -0.496358  0.494263
0.499833  -0.493694  -0.499833  0.493694
0.503294  -0.493111  -0.503294  0.493111
0.50674  -0.492514  -0.50674  0.492514
0.510172  -0.491903  -0.510172  0.491903
0.513591  -0.491278  -0.513591  0.491278
0.516995  -0.490641  -0.516995  0.490641
0.520385  -0.489989  -0.520385  0.489989
0.523761  -0.489325  -0.523761  0.489325
0.527122  -0.488647  -0.527122  0.488647
0.53047  -0.487956  -0.53047  0.487956
0.533804  -0.487253  -0.533804  0.487253
0.537124  -0.486536  -0.537124  0.486536
0.54043  -0.485808  -0.54043  0.485808
0.543722  -0.485066  -0.543722  0.485066
0.547  -0.484312  -0.547  0.484312
0.550265  -0.483546  -0.550265  0.483546
0.553515  -0.482768  -0.553515  0.482768
0.556752  -0.481978  -0.556752  0.481978
0.559975  -0.481176  -0.559975  0.481176
0.563184  -0.480362  -0.563184  0.480362
0.56638  -0.479536  -0.56638  0.479536
0.569562  -0.478699  -0.569562  0.478699
0.57273  -0.477851  -0.57273  0.477851
0.575885  -0.476991  -0.575885  0.476991
0.579026  -0.476119  -0.579026  0.476119
0.582153  -0.475237  -0.582153  0.475237
0.585267  -0.474343  -0.585267  0.474343
0.588368  -0.473439  -0.588368  0.473439
0.591454  -0.472524  -0.591454  0.472524
0.594528  -0.471598  -0.594528  0.471598
0.597588  -0.470661  -0.597588  0.470661
0.600635  -0.469714  -0.600635  0.469714
0.603668  -0.468756  -0.603668  0.468756
0.606688  -0.467788  -0.606688  0.467788
0.609694  -0.46681  -0.609694  0.46681
0.612688  -0.465821  -0.612688  0.465821
0.615668  -0.464823  -0.615668  0.464823
0.618635  -0.463814  -0.618635  0.463814
0.621588  -0.462796  -0.621588  0.462796
0.624529  -0.461767  -0.624529  0.461767
0.627456  -0.460729  -0.627456  0.460729
0.63037  -0.459682  -0.63037  0.459682
0.633271  -0.458624  -0.633271  0.458624
0.636159  -0.457558  -0.636159  0.457558
0.639034  -0.456482  -0.639034  0.456482
0.641896  -0.455396  -0.641896  0.455396
0.644745  -0.454302  -0.644745  0.454302
0.647581  -0.453198  -0.647581  0.453198
0.650404  -0.452085  -0.650404  0.452085
0.653214  -0.450964  -0.653214  0.450964
0.656011  -0.449833  -0.656011  0.449833
0.658796  -0.448693  -0.658796  0.448693
0.661567  -0.447545  -0.661567  0.447545
0.664326  -0.446388  -0.664326  0.446388
0.667072  -0.445223  -0.667072  0.445223
0.669805  -0.444049  -0.669805  0.444049
0.672525  -0.442866  -0.672525  0.442866
0.675233  -0.441676  -0.675233  0.441676
0.677928  -0.440476  -0.677928  0.440476
0.68061  -0.439269  -0.68061  0.439269
0.68328  -0.438054  -0.68328  0.438054
0.685937  -0.43683  -0.685937  0.43683
0.688581  -0.435598  -0.688581  0.435598
0.691213  -0.434359  -0.691213  0.434359
0.693833  -0.433111  -0.693833  0.433111
0.69644  -0.431856  -0.69644  0.431856
0.699034  -0.430593  -0.699034  0.430593
0.701616  -0.429322  -0.701616  0.429322
0.704185  -0.428044  -0.704185  0.428044
0.706742  -0.426758  -0.706742  0.426758
0.709287  -0.425465  -0.709287  0.425465
0.711819  -0.424164  -0.711819  0.424164
0.714339  -0.422856  -0.714339  0.422856
0.716847  -0.421541  -0.716847  0.421541
0.719342  -0.420218  -0.719342  0.420218
0.721825  -0.418888  -0.721825  0.418888
0.724296  -0.417551  -0.724296  0.417551
0.726754  -0.416207  -0.726754  0.416207
0.729201  -0.414857  -0.729201  0.414857
0.731635  -0.413499  -0.731635  0.413499
0.734057  -0.412134  -0.734057  0.412134
0.736467  -0.410762  -0.736467  0.410762
0.738864  -0.409384  -0.738864  0.409384
0.74125  -0.407999  -0.74125  0.407999
0.743624  -0.406607  -0.743624  0.406607
0.745985  -0.405209  -0.745985  0.405209
0.748334  -0.403804  -0.748334  0.403804
0.750672  -0.402393  -0.750672  0.402393
0.752997  -0.400975  -0.752997  0.400975
0.755311  -0.399551  -0.755311  0.399551
0.757612  -0.398121  -0.757612  0.398121
0.759902  -0.396684  -0.759902  0.396684
0.76218  -0.395241  -0.76218  0.395241
0.764445  -0.393792  -0.764445  0.393792
0.766699  -0.392337  -0.766699  0.392337
0.768941  -0.390875  -0.768941  0.390875
0.771172  -0.389408  -0.771172  0.389408
0.77339  -0.387935  -0.77339  0.387935
0.775597  -0.386456  -0.775597  0.386456
0.777792  -0.384971  -0.777792  0.384971
0.779975  -0.38348  -0.779975  0.38348
0.782146  -0.381983  -0.782146  0.381983
0.784306  -0.380481  -0.784306  0.380481
0.786454  -0.378973  -0.786454  0.378973
0.788591  -0.37746  -0.788591  0.37746
0.790715  -0.37594  -0.790715  0.37594
0.792828  -0.374416  -0.792828  0.374416
0.79493  -0.372886  -0.79493  0.372886
0.79702  -0.37135  -0.79702  0.37135
0.799098  -0.369809  -0.799098  0.369809
0.801165  -0.368263  -0.801165  0.368263
0.80322  -0.366711  -0.80322  0.366711
0.805264  -0.365154  -0.805264  0.365154
0.807296  -0.363592  -0.807296  0.363592
0.809317  -0.362025  -0.809317  0.362025
0.811326  -0.360452  -0.811326  0.360452
0.813324  -0.358875  -0.813324  0.358875
0.815311  -0.357292  -0.815311  0.357292
0.817286  -0.355705  -0.817286  0.355705
0.819249  -0.354112  -0.819249  0.354112
0.821201  -0.352515  -0.821201  0.352515
0.823142  -0.350912  -0.823142  0.350912
0.825072  -0.349305  -0.825072  0.349305
0.82699  -0.347693  -0.82699  0.347693
0.828897  -0.346077  -0.828897  0.346077
0.830793  -0.344455  -0.830793  0.344455
0.832677  -0.342829  -0.832677  0.342829
0.83455  -0.341199  -0.83455  0.341199
0.836412  -0.339563  -0.836412  0.339563
0.838263  -0.337924  -0.838263  0.337924
0.840102  -0.336279  -0.840102  0.336279
0.841931  -0.33463  -0.841931  0.33463
0.843748  -0.332977  -0.843748  0.332977
0.845554  -0.331319  -0.845554  0.331319
0.847348  -0.329657  -0.847348  0.329657
0.849132  -0.327991  -0.849132  0.327991
0.850905  -0.32632  -0.850905  0.32632
0.852666  -0.324645  -0.852666  0.324645
0.854416  -0.322966  -0.854416  0.322966
0.856156  -0.321283  -0.856156  0.321283
0.857884  -0.319596  -0.857884  0.319596
0.859601  -0.317904  -0.859601  0.317904
0.861307  -0.316208  -0.861307  0.316208
0.863003  -0.314509  -0.863003  0.314509
0.864687  -0.312805  -0.864687  0.312805
0.86636  -0.311097  -0.86636  0.311097
0.868022  -0.309386  -0.868022  0.309386
0.869674  -0.30767  -0.869674  0.30767
0.871314  -0.305951  -0.871314  0.305951
0.872944  -0.304228  -0.872944  0.304228
0.874562  -0.302501  -0.874562  0.302501
0.87617  -0.30077  -0.87617  0.30077
0.877767  -0.299035  -0.877767  0.299035
0.879353  -0.297297  -0.879353  0.297297
0.880928  -0.295555  -0.880928  0.295555
0.882492  -0.29381  -0.882492  0.29381
0.884045  -0.29206  -0.884045  0.29206
0.885588  -0.290308  -0.885588  0.290308
0.88712  -0.288552  -0.88712  0.288552
0.888641  -0.286792  -0.888641  0.286792
0.890151  -0.285029  -0.890151  0.285029
0.89165  -0.283262  -0.89165  0.283262
0.893139  -0.281492  -0.893139  0.281492
0.894617  -0.279718  -0.894617  0.279718
0.896085  -0.277942  -0.896085  0.277942
0.897541  -0.276161  -0.897541  0.276161
0.898987  -0.274378  -0.898987  0.274378
0.900422  -0.272591  -0.900422  0.272591
0.901847  -0.270801  -0.901847  0.270801
0.903261  -0.269008  -0.903261  0.269008
0.904664  -0.267212  -0.904664  0.267212
0.906056  -0.265413  -0.906056  0.265413
0.907438  -0.26361  -0.907438  0.26361
0.90881  -0.261804  -0.90881  0.261804
0.91017  -0.259996  -0.91017  0.259996
0.911521  -0.258184  -0.911521  0.258184
0.91286  -0.256369  -0.91286  0.256369
0.914189  -0.254552  -0.914189  0.254552
0.915508  -0.252731  -0.915508  0.252731
0.916815  -0.250907  -0.916815  0.250907
0.918113  -0.249081  -0.918113  0.249081
0.9194  -0.247252  -0.9194  0.247252
0.920676  -0.24542  -0.920676  0.24542
0.921942  -0.243585  -0.921942  0.243585
0.923197  -0.241747  -0.923197  0.241747
0.924442  -0.239907  -0.924442  0.239907
0.925676  -0.238064  -0.925676  0.238064
0.9269  -0.236218  -0.9269  0.236218
0.928114  -0.234369  -0.928114  0.234369
0.929317  -0.232518  -0.929317  0.232518
0.930509  -0.230664  -0.930509  0.230664
0.931691  -0.228808  -0.931691  0.228808
0.932863  -0.226949  -0.932863  0.226949
0.934024  -0.225088  -0.934024  0.225088
0.935175  -0.223224  -0.935175  0.223224
0.936316  -0.221358  -0.936316  0.221358
0.937446  -0.219489  -0.937446  0.219489
0.938566  -0.217617  -0.938566  0.217617
0.939675  -0.215744  -0.939675  0.215744
0.940774  -0.213868  -0.940774  0.213868
0.941863  -0.211989  -0.941863  0.211989
0.942942  -0.210109  -0.942942  0.210109
0.94401  -0.208226  -0.94401  0.208226
0.945067  -0.20634  -0.945067  0.20634
0.946115  -0.204453  -0.946115  0.204453
0.947152  -0.202563  -0.947152  0.202563
0.948179  -0.200671  -0.948179  0.200671
0.949196  -0.198777  -0.949196  0.198777
0.950202  -0.196881  -0.950202  0.196881
0.951198  -0.194982  -0.951198  0.194982
0.952184  -0.193082  -0.952184  0.193082
0.95316  -0.191179  -0.95316  0.191179
0.954125  -0.189274  -0.954125  0.189274
0.95508  -0.187368  -0.95508  0.187368
0.956025  -0.185459  -0.956025  0.185459
0.95696  -0.183548  -0.95696  0.183548
0.957884  -0.181636  -0.957884  0.181636
0.958798  -0.179721  -0.958798  0.179721
0.959702  -0.177805  -0.959702  0.177805
0.960596  -0.175886  -0.960596  0.175886
0.96148  -0.173966  -0.96148  0.173966
0.962353  -0.172044  -0.962353  0.172044
0.963217  -0.17012  -0.963217  0.17012
0.96407  -0.168194  -0.96407  0.168194
0.964913  -0.166267  -0.964913  0.166267
0.965746  -0.164338  -0.965746  0.164338
0.966569  -0.162407  -0.966569  0.162407
0.967381  -0.160474  -0.967381  0.160474
0.968184  -0.15854  -0.968184  0.15854
0.968976  -0.156604  -0.968976  0.156604
0.969759  -0.154666  -0.969759  0.154666
0.970531  -0.152727  -0.970531  0.152727
0.971293  -0.150786  -0.971293  0.150786
0.972045  -0.148844  -0.972045  0.148844
0.972787  -0.1469  -0.972787  0.1469
0.973519  -0.144955  -0.973519  0.144955
0.97424  -0.143008  -0.97424  0.143008
0.974952  -0.141059  -0.974952  0.141059
0.975653  -0.139109  -0.975653  0.139109
0.976345  -0.137158  -0.976345  0.137158
0.977027  -0.135205  -0.977027  0.135205
0.977698  -0.133251  -0.977698  0.133251
0.978359  -0.131296  -0.978359  0.131296
0.979011  -0.129339  -0.979011  0.129339
0.979652  -0.127381  -0.979652  0.127381
0.980283  -0.125421  -0.980283  0.125421
0.980905  -0.123461  -0.980905  0.123461
0.981516  -0.121499  -0.981516  0.121499
0.982117  -0.119535  -0.982117  0.119535
0.982708  -0.117571  -0.982708  0.117571
0.983289  -0.115605  -0.983289  0.115605
0.983861  -0.113638  -0.983861  0.113638
0.984422  -0.11167  -0.984422  0.11167
0.984973  -0.109701  -0.984973  0.109701
0.985514  -0.107731  -0.985514  0.107731
0.986046  -0.10576  -0.986046  0.10576
0.986567  -0.103787  -0.986567  0.103787
0.987078  -0.101814  -0.987078  0.101814
0.98758  -0.0998395  -0.98758  0.0998395
0.988071  -0.097864  -0.988071  0.097864
0.988552  -0.0958876  -0.988552  0.0958876
0.989024  -0.0939101  -0.989024  0.0939101
0.989485  -0.0919318  -0.989485  0.0919318
0.989937  -0.0899525  -0.989937  0.0899525
0.990378  -0.0879723  -0.990378  0.0879723
0.99081  -0.0859912  -0.99081  0.0859912
0.991232  -0.0840092  -0.991232  0.0840092
0.991644  -0.0820265  -0.991644  0.0820265
0.992045  -0.0800428  -0.992045  0.0800428
0.992437  -0.0780584  -0.992437  0.0780584
0.992819  -0.0760732  -0.992819  0.0760732
0.993191  -0.0740873  -0.993191  0.0740873
0.993553  -0.0721006  -0.993553  0.0721006
0.993906  -0.0701132  -0.993906  0.0701132
0.994248  -0.0681251  -0.994248  0.0681251
0.99458  -0.0661363  -0.99458  0.0661363
0.994903  -0.0641468  -0.994903  0.0641468
0.995215  -0.0621567  -0.995215  0.0621567
0.995518  -0.060166  -0.995518  0.060166
0.995811  -0.0581747  -0.995811  0.0581747
0.996094  -0.0561828  -0.996094  0.0561828
0.996367  -0.0541904  -0.996367  0.0541904
0.99663  -0.0521974  -0.99663  0.0521974
0.996883  -0.0502039  -0.996883  0.0502039
0.997126  -0.0482099  -0.997126  0.0482099
0.997359  -0.0462154  -0.997359  0.0462154
0.997583  -0.0442205  -0.997583  0.0442205
0.997796  -0.0422251  -0.997796  0.0422251
0.998  -0.0402293  -0.998  0.0402293
0.998194  -0.0382331  -0.998194  0.0382331
0.998378  -0.0362366  -0.998378  0.0362366
0.998552  -0.0342396  -0.998552  0.0342396
0.998716  -0.0322424  -0.998716  0.0322424
0.99887  -0.0302448  -0.99887  0.0302448
0.999015  -0.0282469  -0.999015  0.0282469
0.999149  -0.0262487  -0.999149  0.0262487
0.999274  -0.0242503  -0.999274  0.0242503
0.999389  -0.0222516  -0.999389  0.0222516
0.999494  -0.0202527  -0.999494  0.0202527
0.999589  -0.0182537  -0.999589  0.0182537
0.999674  -0.0162544  -0.999674  0.0162544
0.999749  -0.014255  -0.999749  0.014255
0.999815  -0.0122554  -0.999815  0.0122554
0.99987  -0.0102557  -0.99987  0.0102557
0.999916  -0.00825593  -0.999916  0.00825593
0.999952  -0.00625606  -0.999952  0.00625606
0.999978  -0.00425613  -0.999978  0.00425613
0.999994  -0.00225616  -0.999994  0.00225616
1  -0.000256164  -1  0.000256164
0.999996  0.00174383  -0.999996  -0.00174383
0.999983  0.00374381  -0.999983  -0.00374381
0.999959  0.00574376  -0.999959  -0.00574376
0.999926  0.00774364  -0.999926  -0.00774364
0.999883  0.00974346  -0.999883  -0.00974346
0.99983  0.0117432  -0.99983  -0.0117432
0.999767  0.0137428  -0.999767  -0.0137428
